2.754166666666666785e+01
2.763988095238095255e+01
2.764047619047619264e+01
2.764047619047619264e+01
2.766428571428571814e+01
2.766428571428571814e+01
2.766428571428571814e+01
2.766666666666666785e+01
2.763154761904761969e+01
2.763571428571428612e+01
2.763214285714285623e+01
2.763154761904761969e+01
2.762976190476190652e+01
2.763035714285713951e+01
2.761428571428571743e+01
2.760892857142857082e+01
2.763750000000000284e+01
2.763988095238095610e+01
2.764345238095238244e+01
2.764345238095238244e+01
2.764345238095238244e+01
2.776011904761905313e+01
2.759464285714285481e+01
2.758690476190476559e+01
2.768511904761905029e+01
2.772023809523809490e+01
2.771785714285714519e+01
2.764047619047619264e+01
2.753988095238095113e+01
2.754166666666666785e+01
2.753749999999999432e+01
2.753749999999999432e+01
2.737321428571428328e+01
2.735119047619047450e+01
2.735297619047619122e+01
2.735297619047619122e+01
2.735535714285714093e+01
2.705178571428571388e+01
2.705595238095238386e+01
2.707559523809523583e+01
2.707559523809523583e+01
2.709821428571428470e+01
2.724107142857142705e+01
2.751309523809523583e+01
2.749940476190475991e+01
2.751607142857142918e+01
2.750892857142857295e+01
2.750773809523809632e+01
2.750416666666666643e+01
2.746130952380952550e+01
2.746190476190476559e+01
2.747797619047618767e+01
2.751011904761905313e+01
2.747857142857142776e+01
2.813571428571428257e+01
2.815714285714285481e+01
2.813571428571428612e+01
2.812797619047618980e+01
2.812976190476190652e+01
2.857202380952381304e+01
2.856250000000000000e+01
2.848273809523809064e+01
2.848273809523809064e+01
2.847321428571428470e+01
2.769702380952381304e+01
2.769226190476190652e+01
2.769285714285713951e+01
2.769761904761904603e+01
2.770297619047619264e+01
2.770297619047619264e+01
2.770833333333333215e+01
2.766488095238095823e+01
2.757678571428571246e+01
2.753095238095238528e+01
2.755416666666666359e+01
2.753392857142857153e+01
2.752083333333333215e+01
2.750119047619047663e+01
2.751190476190476275e+01
2.750892857142857295e+01
2.749404761904762040e+01
2.740714285714285481e+01
2.740178571428571530e+01
2.740654761904762182e+01
2.742142857142857792e+01
2.740714285714285481e+01
2.748214285714285765e+01
2.748095238095238102e+01
2.748095238095238102e+01
2.747380952380952124e+01
2.747380952380952124e+01
2.758095238095238244e+01
2.758273809523809206e+01
2.758214285714285907e+01
2.739523809523809206e+01
2.742559523809523725e+01
2.743452380952381020e+01
2.743452380952381020e+01
2.743214285714286049e+01
2.735595238095238102e+01
2.758988095238094829e+01
2.759047619047618483e+01
2.759047619047618483e+01
2.751011904761904603e+01
2.747916666666666785e+01
2.751369047619047592e+01
2.751904761904762253e+01
2.755119047619047734e+01
2.752380952380952550e+01
2.752202380952381233e+01
2.761607142857142705e+01
2.760714285714285765e+01
2.760297619047618767e+01
2.744107142857142989e+01
2.744761904761905313e+01
2.749166666666666714e+01
2.749047619047618696e+01
2.761190476190476417e+01
2.760952380952380736e+01
2.761190476190476417e+01
2.761250000000000426e+01
2.762202380952381020e+01
2.762916666666666998e+01
2.779345238095238102e+01
2.780773809523809348e+01
2.780238095238094687e+01
2.782261904761904603e+01
2.760654761904762111e+01
2.760654761904762111e+01
2.760654761904761756e+01
2.760595238095238102e+01
2.775178571428571672e+01
2.779583333333333073e+01
2.779583333333333073e+01
2.779642857142857082e+01
2.774107142857142705e+01
2.773988095238094687e+01
2.774880952380951982e+01
2.890535714285714519e+01
2.889166666666666927e+01
2.891309523809523441e+01
2.890595238095238528e+01
2.890595238095238528e+01
2.881726190476190652e+01
2.867797619047619406e+01
2.869226190476190652e+01
2.869226190476190652e+01
2.814702380952380878e+01
2.779345238095238102e+01
2.757202380952381304e+01
2.757261904761904603e+01
2.755952380952381020e+01
2.756190476190475991e+01
2.746785714285714519e+01
2.700119047619047663e+01
2.704702380952381446e+01
2.704761904761904745e+01
2.704345238095238102e+01
2.705357142857142705e+01
2.706309523809524009e+01
2.705773809523810058e+01
2.706666666666666998e+01
2.719642857142857295e+01
2.718809523809524009e+01
2.714107142857143273e+01
2.714107142857143273e+01
2.727083333333333215e+01
2.726785714285714235e+01
2.728273809523809490e+01
2.727797619047618838e+01
2.728690476190476488e+01
2.730595238095238386e+01
2.730595238095238386e+01
2.728095238095237818e+01
2.727976190476190510e+01
2.734226190476190510e+01
2.733571428571428186e+01
2.733630952380952550e+01
2.735178571428571814e+01
2.748392857142857082e+01
2.757857142857142918e+01
2.757916666666666217e+01
2.759107142857142847e+01
2.753035714285714519e+01
2.753035714285714519e+01
2.755357142857142705e+01
2.755059523809523725e+01
2.757321428571429323e+01
2.757321428571429323e+01
2.739702380952380878e+01
2.744821428571428612e+01
2.744523809523809632e+01
2.744404761904761614e+01
2.758273809523809206e+01
2.757440476190476275e+01
2.759166666666666856e+01
2.761428571428571388e+01
2.761785714285714377e+01
2.750892857142857295e+01
2.750178571428571672e+01
2.764345238095238244e+01
2.762142857142857011e+01
2.762261904761905029e+01
2.761369047619047734e+01
2.741011904761904461e+01
2.741190476190476133e+01
2.739880952380952550e+01
2.732559523809524293e+01
2.733273809523809206e+01
2.733273809523809206e+01
2.731666666666666643e+01
2.731666666666666643e+01
2.731666666666666643e+01
2.731666666666666643e+01
2.731964285714285623e+01
2.740773809523809490e+01
2.722619047619047450e+01
2.737202380952381375e+01
2.737202380952381375e+01
2.745654761904762253e+01
2.745952380952381233e+01
2.745892857142857224e+01
2.744761904761905313e+01
2.733630952380952550e+01
2.731547619047618980e+01
2.731547619047618980e+01
2.731369047619048018e+01
2.731369047619048018e+01
2.732380952380952621e+01
2.732083333333333641e+01
2.731309523809524009e+01
2.730714285714286049e+01
2.722380952380952479e+01
2.722380952380952479e+01
2.735535714285714803e+01
2.741547619047619122e+01
2.741547619047619122e+01
2.741547619047619122e+01
2.740833333333333499e+01
2.742797619047618696e+01
2.746666666666666501e+01
2.748511904761905456e+01
2.748511904761905456e+01
2.738154761904761969e+01
2.728214285714285481e+01
2.728214285714285481e+01
2.726607142857142918e+01
2.727083333333333215e+01
2.727738095238095539e+01
2.733809523809523867e+01
2.732976190476190226e+01
2.740892857142857153e+01
2.736547619047618696e+01
2.735476190476190794e+01
2.735119047619047450e+01
2.735119047619047450e+01
2.742738095238095397e+01
2.742738095238095397e+01
2.742440476190476417e+01
2.741964285714285765e+01
2.742142857142857082e+01
2.741130952380952479e+01
2.739226190476190226e+01
2.737023809523810058e+01
2.736785714285714377e+01
2.737976190476189942e+01
2.738511904761904603e+01
2.741190476190476133e+01
2.773749999999999716e+01
2.786130952380952408e+01
2.825297619047618980e+01
2.825238095238094971e+01
2.825119047619048018e+01
2.825654761904761969e+01
2.826547619047619264e+01
2.803273809523809490e+01
2.801607142857143273e+01
2.808214285714285907e+01
2.756071428571428328e+01
2.756369047619047663e+01
2.756369047619047663e+01
2.743095238095238031e+01
2.738214285714285623e+01
2.737738095238094971e+01
2.737738095238094971e+01
2.737738095238094971e+01
2.719702380952381304e+01
2.719583333333333286e+01
2.719583333333333286e+01
2.721250000000000568e+01
2.734464285714285481e+01
2.728571428571428470e+01
2.722976190476190794e+01
2.722976190476190794e+01
2.722857142857143131e+01
2.723333333333333783e+01
2.722321428571428470e+01
2.707261904761905313e+01
2.707202380952381304e+01
2.706845238095237960e+01
2.707202380952381304e+01
2.699464285714286049e+01
2.702440476190475849e+01
2.782202380952381304e+01
2.782202380952381304e+01
2.781845238095237960e+01
2.782440476190476275e+01
2.782440476190476275e+01
2.729107142857142776e+01
2.725952380952380594e+01
2.714464285714285907e+01
2.722619047619047450e+01
2.722083333333333499e+01
2.729880952380952763e+01
2.729880952380952763e+01
2.734761904761904461e+01
2.735595238095238102e+01
2.753630952380952479e+01
2.753571428571428470e+01
2.754880952380952408e+01
2.754523809523809774e+01
2.754345238095238102e+01
2.754345238095238102e+01
2.756309523809524009e+01
2.655952380952381020e+01
2.655178571428571388e+01
2.652440476190476559e+01
2.652142857142857224e+01
2.675297619047618980e+01
2.675297619047618980e+01
2.676785714285714235e+01
2.680535714285714377e+01
2.680535714285714377e+01
2.678928571428571814e+01
2.727380952380952550e+01
2.733749999999999858e+01
2.733571428571428186e+01
2.734821428571428470e+01
2.734821428571428470e+01
2.734761904761904461e+01
2.734761904761904461e+01
2.747261904761905171e+01
2.753333333333333499e+01
2.753392857142857153e+01
2.752083333333333215e+01
2.752083333333333215e+01
2.751785714285714235e+01
2.751666666666666217e+01
2.757976190476190226e+01
2.757559523809524293e+01
2.739226190476190226e+01
2.746726190476190510e+01
2.747023809523809490e+01
2.737976190476189942e+01
2.732976190476190936e+01
2.737202380952381020e+01
2.737976190476189942e+01
2.737976190476189942e+01
2.766428571428571814e+01
2.766428571428571814e+01
2.766666666666666785e+01
2.753452380952381162e+01
2.740178571428571530e+01
2.740297619047619548e+01
2.741309523809523441e+01
2.741726190476190794e+01
2.720892857142857224e+01
2.719047619047618980e+01
2.719107142857142989e+01
2.719226190476189942e+01
2.719166666666666643e+01
2.719047619047618980e+01
2.719047619047618980e+01
2.717202380952380736e+01
2.722083333333333144e+01
2.724047619047618696e+01
2.723869047619047734e+01
2.740297619047619548e+01
2.726785714285714235e+01
2.726547619047619264e+01
2.725357142857142989e+01
2.741011904761904461e+01
2.741011904761904461e+01
2.749642857142857011e+01
2.748273809523809774e+01
2.765535714285714519e+01
2.765654761904761472e+01
2.765952380952380452e+01
2.766726190476190794e+01
2.765059523809523867e+01
2.755416666666666714e+01
2.759702380952381162e+01
2.759880952380952479e+01
2.828809523809524151e+01
2.828809523809524151e+01
2.829047619047619122e+01
2.829285714285714803e+01
2.851547619047619264e+01
2.843273809523810058e+01
2.842559523809523725e+01
2.842559523809523725e+01
2.805357142857142705e+01
2.804940476190476772e+01
2.835833333333333073e+01
2.835059523809523441e+01
2.930476190476190368e+01
2.930238095238095397e+01
2.800892857142857295e+01
2.795119047619047237e+01
2.788511904761905313e+01
2.791964285714285765e+01
2.794404761904761969e+01
2.793690476190475991e+01
2.793690476190475991e+01
2.794107142857142989e+01
2.793988095238094971e+01
2.753452380952381162e+01
2.752976190476190510e+01
2.743690476190475991e+01
2.741666666666666785e+01
2.741726190476190794e+01
2.733095238095238244e+01
2.732440476190476275e+01
2.732440476190476275e+01
2.732142857142857295e+01
2.732142857142857295e+01
2.732500000000000284e+01
2.712916666666666643e+01
2.724166666666666714e+01
2.724702380952381020e+01
2.724523809523810058e+01
2.722916666666666785e+01
