[{'S1': array([ 0.27  ,  0.1405, -0.0375,  0.0515,  0.    ,  0.0265,  0.2435]), 'S1_conf': array([0.84336979, 0.4454195 , 0.57017952, 0.25589721, 0.        ,
       0.18004422, 0.7421769 ]), 'ST': array([0.23466667, 0.13866667, 0.13866667, 0.07466667, 0.        ,
       0.032     , 0.39466667]), 'ST_conf': array([0.46562239, 0.43306083, 0.22633682, 0.20819502, 0.        ,
       0.06360783, 1.15638778]), 'S2': array([[        nan, -0.4885    , -0.2325    , -0.53116667, -0.44583333,
        -0.40316667, -0.50983333],
       [        nan,         nan, -0.03383333,  0.00883333,  0.00883333,
         0.00883333, -0.2045    ],
       [        nan,         nan,         nan,  0.24933333,  0.33466667,
         0.31333333,  0.33466667],
       [        nan,         nan,         nan,         nan,  0.22066667,
         0.19933333,  0.37      ],
       [        nan,         nan,         nan,         nan,         nan,
        -0.00883333, -0.0515    ],
       [        nan,         nan,         nan,         nan,         nan,
                nan, -0.1295    ],
       [        nan,         nan,         nan,         nan,         nan,
                nan,         nan]]), 'S2_conf': array([[       nan, 1.78076043, 0.97426523, 1.78392415, 1.71643374,
        1.70927361, 2.1577748 ],
       [       nan,        nan, 0.44244616, 0.32523304, 0.32523304,
        0.32523304, 0.66143605],
       [       nan,        nan,        nan, 0.6795883 , 0.68582526,
        0.69119527, 0.77185866],
       [       nan,        nan,        nan,        nan, 0.77776582,
        0.7617081 , 0.63624485],
       [       nan,        nan,        nan,        nan,        nan,
        0.0323109 , 0.18837866],
       [       nan,        nan,        nan,        nan,        nan,
               nan, 0.55298168],
       [       nan,        nan,        nan,        nan,        nan,
               nan,        nan]])}, {'S1': array([ 2.15212264e-01,  5.16845121e-16, -2.64887972e-01, -2.21550708e-01,
        0.00000000e+00, -2.72700472e-02,  1.88679245e-01]), 'S1_conf': array([0.69396687, 0.31559602, 0.59481851, 0.5053964 , 0.        ,
       0.17037481, 0.79047202]), 'ST': array([0.22641509, 0.01886792, 0.27358491, 0.19811321, 0.        ,
       0.04716981, 0.32075472]), 'ST_conf': array([1.04702538, 0.05990428, 1.06467609, 1.10036038, 0.        ,
       0.07534693, 2.37986605]), 'S2': array([[            nan, -3.87824292e-01, -2.18012972e-01,
        -3.87824292e-01, -4.44428066e-01, -4.25560142e-01,
        -5.38767689e-01],
       [            nan,             nan,  1.48142689e-01,
         2.42482311e-01,  9.15389151e-02,  9.15389151e-02,
        -4.05365566e-02],
       [            nan,             nan,             nan,
         6.10112028e-01,  6.47847877e-01,  6.10112028e-01,
         7.42187500e-01],
       [            nan,             nan,             nan,
                    nan,  4.91303066e-01,  4.15831368e-01,
         6.42246462e-01],
       [            nan,             nan,             nan,
                    nan,             nan, -3.46944695e-18,
         2.77555756e-17],
       [            nan,             nan,             nan,
                    nan,             nan,             nan,
        -3.21344340e-02],
       [            nan,             nan,             nan,
                    nan,             nan,             nan,
                    nan]]), 'S2_conf': array([[           nan, 1.10314354e+00, 7.89789301e-01, 1.17997186e+00,
        1.26700734e+00, 1.26156613e+00, 1.67685955e+00],
       [           nan,            nan, 1.51092964e+00, 1.68702183e+00,
        4.52148837e-01, 4.52148837e-01, 1.57329729e+00],
       [           nan,            nan,            nan, 5.81052115e-01,
        5.85500202e-01, 6.31190279e-01, 1.13357028e+00],
       [           nan,            nan,            nan,            nan,
        6.66168716e-01, 6.40828099e-01, 2.12057719e+00],
       [           nan,            nan,            nan,            nan,
                   nan, 3.41392587e-17, 1.43529026e-16],
       [           nan,            nan,            nan,            nan,
                   nan,            nan, 3.15360216e-01],
       [           nan,            nan,            nan,            nan,
                   nan,            nan,            nan]])}, {'S1': array([ 0.34091954,  0.02333333, -0.01218391, -0.19229885,  0.        ,
        0.06494253,  0.17402299]), 'S1_conf': array([1.17572295, 0.349655  , 0.33328836, 0.54328127, 0.        ,
       0.3418202 , 0.61659666]), 'ST': array([0.2354023 , 0.02206897, 0.05885057, 0.3016092 , 0.        ,
       0.05149425, 0.3383908 ]), 'ST_conf': array([0.8182826 , 0.0924106 , 0.09979186, 0.37914422, 0.        ,
       0.12170424, 1.00450985]), 'S2': array([[        nan,  0.03045977, -0.05781609, -0.0283908 ,  0.05988506,
        -0.05781609, -0.24908046],
       [        nan,         nan,  0.00609195,  0.13850575,  0.05022989,
         0.03551724, -0.05275862],
       [        nan,         nan,         nan,  0.32471264,  0.50126437,
         0.42770115,  0.35413793],
       [        nan,         nan,         nan,         nan,  0.56114943,
         0.51701149,  0.72298851],
       [        nan,         nan,         nan,         nan,         nan,
         0.        ,  0.        ],
       [        nan,         nan,         nan,         nan,         nan,
                nan,  0.02942529],
       [        nan,         nan,         nan,         nan,         nan,
                nan,         nan]]), 'S2_conf': array([[           nan, 1.75630500e+00, 1.66198077e+00, 1.35824532e+00,
        1.74940790e+00, 1.79567257e+00, 1.93751234e+00],
       [           nan,            nan, 5.13795608e-01, 6.42498311e-01,
        5.24932049e-01, 4.40952388e-01, 6.18506106e-01],
       [           nan,            nan,            nan, 4.46351666e-01,
        6.57435704e-01, 5.53475815e-01, 7.19223276e-01],
       [           nan,            nan,            nan,            nan,
        5.82554931e-01, 5.73067531e-01, 1.27244932e+00],
       [           nan,            nan,            nan,            nan,
                   nan, 7.38175427e-18, 9.26769710e-17],
       [           nan,            nan,            nan,            nan,
                   nan,            nan, 3.82070852e-01],
       [           nan,            nan,            nan,            nan,
                   nan,            nan,            nan]])}, {'S1': array([ 0.25588498, -0.0079708 , -0.04439809, -0.1477205 ,  0.        ,
       -0.0079708 ,  0.11442193]), 'S1_conf': array([0.7905013 , 0.27930894, 0.60075524, 0.51342436, 0.        ,
       0.40388079, 0.62304511]), 'ST': array([0.1954708 , 0.03337306, 0.08581645, 0.13825983, 0.        ,
       0.03337306, 0.38140644]), 'ST_conf': array([0.67017591, 0.18209372, 0.12948927, 0.15926086, 0.        ,
       0.10191637, 1.9414087 ]), 'S2': array([[            nan, -2.52905244e-01, -2.62440405e-01,
        -2.43370083e-01, -3.00581049e-01, -2.43370083e-01,
        -3.86397497e-01],
       [            nan,             nan, -7.97079857e-03,
         6.83104887e-02,  3.01698451e-02,  3.01698451e-02,
         3.01698451e-02],
       [            nan,             nan,             nan,
         2.26981526e-01,  1.98376043e-01,  1.88840882e-01,
         1.88840882e-01],
       [            nan,             nan,             nan,
                    nan,  4.46290226e-01,  3.98614422e-01,
         6.08387962e-01],
       [            nan,             nan,             nan,
                    nan,             nan, -1.21430643e-17,
         2.77555756e-17],
       [            nan,             nan,             nan,
                    nan,             nan,             nan,
         3.32985697e-02],
       [            nan,             nan,             nan,
                    nan,             nan,             nan,
                    nan]]), 'S2_conf': array([[           nan, 1.71774496e+00, 1.50245694e+00, 1.79373471e+00,
        1.93999064e+00, 1.43564812e+00, 1.96175444e+00],
       [           nan,            nan, 3.59960758e-01, 2.86700798e-01,
        2.07087105e-01, 2.07087105e-01, 2.07087105e-01],
       [           nan,            nan,            nan, 4.66882267e-01,
        8.34810809e-01, 8.03248696e-01, 5.86705509e-01],
       [           nan,            nan,            nan,            nan,
        1.11384393e+00, 1.11265080e+00, 1.70865352e+00],
       [           nan,            nan,            nan,            nan,
                   nan, 4.40156706e-17, 1.14460823e-16],
       [           nan,            nan,            nan,            nan,
                   nan,            nan, 6.64779386e-01],
       [           nan,            nan,            nan,            nan,
                   nan,            nan,            nan]])}, {'S1': array([ 0.48203855,  0.08951519,  0.11112734, -0.03051986,  0.        ,
        0.12689836,  0.17610981]), 'S1_conf': array([0.77638657, 0.29539271, 0.67989455, 0.37993231, 0.        ,
       0.37458781, 0.51107465]), 'ST': array([0.38317757, 0.04672897, 0.36448598, 0.12149533, 0.        ,
       0.1588785 , 0.44859813]), 'ST_conf': array([0.61309189, 0.10881896, 0.61752166, 0.23203869, 0.        ,
       0.2404245 , 1.46152716]), 'S2': array([[        nan, -0.265625  , -0.30300818, -0.37777453, -0.265625  ,
        -0.22824182, -0.06001752],
       [        nan,         nan, -0.10820678,  0.11609229,  0.11609229,
         0.00394276,  0.13478388],
       [        nan,         nan,         nan,  0.43195093,  0.60017523,
         0.39456776,  0.95531542],
       [        nan,         nan,         nan,         nan,  0.37193341,
         0.42800818,  0.97006425],
       [        nan,         nan,         nan,         nan,         nan,
         0.04132593,  0.04132593],
       [        nan,         nan,         nan,         nan,         nan,
                nan,  0.47517523],
       [        nan,         nan,         nan,         nan,         nan,
                nan,         nan]]), 'S2_conf': array([[       nan, 1.12671793, 1.12457793, 1.3409393 , 1.11454613,
        1.07704215, 1.45783263],
       [       nan,        nan, 0.41246436, 0.50657758, 0.50657758,
        0.29789483, 0.60126447],
       [       nan,        nan,        nan, 1.18280675, 1.00514866,
        0.92242311, 1.30951721],
       [       nan,        nan,        nan,        nan, 0.88499667,
        0.82363244, 1.82785175],
       [       nan,        nan,        nan,        nan,        nan,
        0.10153193, 0.10153193],
       [       nan,        nan,        nan,        nan,        nan,
               nan, 1.44607606],
       [       nan,        nan,        nan,        nan,        nan,
               nan,        nan]])}, {'S1': array([ 0.21138211,  0.06504065, -0.06732724, -0.04166667,  0.        ,
        0.09070122,  0.26702236]), 'S1_conf': array([0.56819657, 0.32789058, 0.43703665, 0.42253446, 0.        ,
       0.37118383, 0.62303315]), 'ST': array([0.17886179, 0.08130081, 0.15447154, 0.19512195, 0.        ,
       0.05691057, 0.54471545]), 'ST_conf': array([0.46917214, 0.20722386, 0.29209686, 0.53384836, 0.        ,
       0.09400305, 1.79892473]), 'S2': array([[            nan, -2.09095528e-01, -1.44054878e-01,
        -3.06656504e-01, -2.25355691e-01, -1.60315041e-01,
        -2.57876016e-01],
       [            nan,             nan, -3.48069106e-02,
         6.27540650e-02,  4.64939024e-02,  3.02337398e-02,
        -6.73272358e-02],
       [            nan,             nan,             nan,
         2.53048780e-01,  3.01829268e-01,  2.53048780e-01,
         4.15650407e-01],
       [            nan,             nan,             nan,
                    nan,  2.38821138e-01,  1.57520325e-01,
         7.59146341e-01],
       [            nan,             nan,             nan,
                    nan,             nan, -1.38777878e-17,
        -5.55111512e-17],
       [            nan,             nan,             nan,
                    nan,             nan,             nan,
        -4.67479675e-02],
       [            nan,             nan,             nan,
                    nan,             nan,             nan,
                    nan]]), 'S2_conf': array([[           nan, 1.04241052e+00, 8.08119027e-01, 1.11438172e+00,
        1.04345789e+00, 8.59065872e-01, 1.01029455e+00],
       [           nan,            nan, 4.11910362e-01, 4.69807607e-01,
        4.31171031e-01, 3.88775208e-01, 4.81000438e-01],
       [           nan,            nan,            nan, 7.90151804e-01,
        7.02450577e-01, 6.09862825e-01, 8.54733089e-01],
       [           nan,            nan,            nan,            nan,
        8.95370952e-01, 9.21660088e-01, 2.36619352e+00],
       [           nan,            nan,            nan,            nan,
                   nan, 8.80496471e-18, 6.76760951e-17],
       [           nan,            nan,            nan,            nan,
                   nan,            nan, 1.01670118e+00],
       [           nan,            nan,            nan,            nan,
                   nan,            nan,            nan]])}, {'S1': array([ 0.17761194,  0.        ,  0.04029851, -0.09552239,  0.        ,
        0.01343284,  0.17761194]), 'S1_conf': array([0.90887986, 0.        , 0.06793507, 0.7212217 , 0.        ,
       0.82421165, 0.94751808]), 'ST': array([0.23880597, 0.        , 0.23880597, 0.19104478, 0.        ,
       0.23880597, 0.33432836]), 'ST_conf': array([1.25161345, 0.        , 0.23849166, 0.70589117, 0.        ,
       1.01605264, 1.43259338]), 'S2': array([[            nan, -4.22388060e-01, -5.17910448e-01,
        -4.22388060e-01, -4.22388060e-01, -3.26865672e-01,
        -2.31343284e-01],
       [            nan,             nan,  0.00000000e+00,
         0.00000000e+00,  0.00000000e+00, -1.38777878e-17,
         0.00000000e+00],
       [            nan,             nan,             nan,
         2.83582090e-02, -6.71641791e-02, -6.71641791e-02,
         1.23880597e-01],
       [            nan,             nan,             nan,
                    nan,  4.23880597e-01,  2.32835821e-01,
         8.05970149e-01],
       [            nan,             nan,             nan,
                    nan,             nan, -1.38777878e-17,
         0.00000000e+00],
       [            nan,             nan,             nan,
                    nan,             nan,             nan,
         8.20895522e-02],
       [            nan,             nan,             nan,
                    nan,             nan,             nan,
                    nan]]), 'S2_conf': array([[           nan, 1.99214933e+00, 2.20376633e+00, 2.08025246e+00,
        1.99214933e+00, 1.37491674e+00, 2.01583041e+00],
       [           nan,            nan, 0.00000000e+00, 1.35064874e-17,
        0.00000000e+00, 9.46223851e-17, 1.41821353e-16],
       [           nan,            nan,            nan, 5.01840707e-01,
        2.68001326e-01, 1.53864573e+00, 9.11854206e-01],
       [           nan,            nan,            nan,            nan,
        6.25707222e-01, 1.14116098e+00, 2.50748513e+00],
       [           nan,            nan,            nan,            nan,
                   nan, 9.46223851e-17, 1.41821353e-16],
       [           nan,            nan,            nan,            nan,
                   nan,            nan, 1.30353887e+00],
       [           nan,            nan,            nan,            nan,
                   nan,            nan,            nan]])}, {'S1': array([-0.19545455,  0.19545455,  0.58181818,  0.        ,  0.        ,
        0.        , -0.19545455]), 'S1_conf': array([0.96863947, 0.89910393, 1.16974538, 0.        , 0.        ,
       0.        , 0.76227812]), 'ST': array([0.87272727, 0.87272727, 1.16363636, 0.        , 0.        ,
       0.        , 0.29090909]), 'ST_conf': array([1.34710437, 1.33446837, 1.4897606 , 0.        , 0.        ,
       0.        , 1.13455348]), 'S2': array([[            nan,  1.95454545e-01,  1.95454545e-01,
         1.95454545e-01,  1.95454545e-01,  1.95454545e-01,
         1.95454545e-01],
       [            nan,             nan, -5.81818182e-01,
         2.77555756e-17,  2.77555756e-17,  2.77555756e-17,
         0.00000000e+00],
       [            nan,             nan,             nan,
        -7.77272727e-01, -7.77272727e-01, -7.77272727e-01,
        -1.95454545e-01],
       [            nan,             nan,             nan,
                    nan, -1.95454545e-01, -1.95454545e-01,
        -1.95454545e-01],
       [            nan,             nan,             nan,
                    nan,             nan,  0.00000000e+00,
        -2.77555756e-17],
       [            nan,             nan,             nan,
                    nan,             nan,             nan,
        -2.77555756e-17],
       [            nan,             nan,             nan,
                    nan,             nan,             nan,
                    nan]]), 'S2_conf': array([[           nan, 9.68639474e-01, 9.68639474e-01, 9.68639474e-01,
        9.68639474e-01, 9.68639474e-01, 9.68639474e-01],
       [           nan,            nan, 1.01693719e+00, 1.06713640e+00,
        1.06713640e+00, 1.06713640e+00, 1.06713640e+00],
       [           nan,            nan,            nan, 1.33553457e+00,
        1.33553457e+00, 1.33553457e+00, 1.81789092e+00],
       [           nan,            nan,            nan,            nan,
        5.02529994e-01, 5.02529994e-01, 5.02529994e-01],
       [           nan,            nan,            nan,            nan,
                   nan, 0.00000000e+00, 1.36219442e-16],
       [           nan,            nan,            nan,            nan,
                   nan,            nan, 9.73908907e-01],
       [           nan,            nan,            nan,            nan,
                   nan,            nan,            nan]])}, {'S1': array([0.        , 0.        , 0.        , 0.        , 0.        ,
       0.16145833, 0.        ]), 'S1_conf': array([0.00000000e+00, 8.64296023e+30, 1.21831308e+31, 0.00000000e+00,
       0.00000000e+00, 3.14158469e-01, 0.00000000e+00]), 'ST': array([0.        , 0.66666667, 0.66666667, 0.        , 0.        ,
       0.33333333, 0.        ]), 'ST_conf': array([0.00000000e+00, 1.78435308e+31, 2.51522700e+31, 0.00000000e+00,
       0.00000000e+00, 6.48585227e-01, 0.00000000e+00]), 'S2': array([[        nan,  0.        ,  0.        ,  0.        ,  0.        ,
         0.        ,  0.        ],
       [        nan,         nan,  0.16145833,  0.16145833,  0.16145833,
         0.16145833,  0.16145833],
       [        nan,         nan,         nan, -0.16145833, -0.16145833,
        -0.16145833, -0.16145833],
       [        nan,         nan,         nan,         nan,  0.16145833,
         0.16145833,  0.16145833],
       [        nan,         nan,         nan,         nan,         nan,
         0.        ,  0.        ],
       [        nan,         nan,         nan,         nan,         nan,
                nan, -0.16145833],
       [        nan,         nan,         nan,         nan,         nan,
                nan,         nan]]), 'S2_conf': array([[           nan, 0.00000000e+00, 0.00000000e+00, 0.00000000e+00,
        0.00000000e+00, 0.00000000e+00, 0.00000000e+00],
       [           nan,            nan, 8.64296023e+30, 8.64296023e+30,
        8.64296023e+30, 8.64296023e+30, 8.64296023e+30],
       [           nan,            nan,            nan, 1.53346356e+31,
        1.53346356e+31, 1.53346356e+31, 1.53346356e+31],
       [           nan,            nan,            nan,            nan,
        3.57395235e-01, 3.57395235e-01, 3.57395235e-01],
       [           nan,            nan,            nan,            nan,
                   nan, 0.00000000e+00, 0.00000000e+00],
       [           nan,            nan,            nan,            nan,
                   nan,            nan, 1.21831308e+31],
       [           nan,            nan,            nan,            nan,
                   nan,            nan,            nan]])}, {'S1': array([0.05851064, 0.        , 0.        , 0.        , 0.        ,
       0.        , 0.        ]), 'S1_conf': array([9.0387794e+30, 0.0000000e+00, 0.0000000e+00, 0.0000000e+00,
       0.0000000e+00, 0.0000000e+00, 0.0000000e+00]), 'ST': array([0.34042553, 0.        , 0.        , 0.        , 0.        ,
       0.        , 0.        ]), 'ST_conf': array([5.25892619e+31, 0.00000000e+00, 0.00000000e+00, 0.00000000e+00,
       0.00000000e+00, 0.00000000e+00, 0.00000000e+00]), 'S2': array([[        nan, -0.17553191, -0.17553191, -0.17553191, -0.17553191,
        -0.17553191, -0.17553191],
       [        nan,         nan, -0.05851064, -0.05851064, -0.05851064,
        -0.05851064, -0.05851064],
       [        nan,         nan,         nan, -0.05851064, -0.05851064,
        -0.05851064, -0.05851064],
       [        nan,         nan,         nan,         nan,  0.        ,
         0.        ,  0.        ],
       [        nan,         nan,         nan,         nan,         nan,
         0.        ,  0.        ],
       [        nan,         nan,         nan,         nan,         nan,
                nan,  0.        ],
       [        nan,         nan,         nan,         nan,         nan,
                nan,         nan]]), 'S2_conf': array([[           nan, 1.80775588e+31, 1.80775588e+31, 1.80775588e+31,
        1.80775588e+31, 1.80775588e+31, 1.80775588e+31],
       [           nan,            nan, 1.50922241e-01, 1.50922241e-01,
        1.50922241e-01, 1.50922241e-01, 1.50922241e-01],
       [           nan,            nan,            nan, 1.50922241e-01,
        1.50922241e-01, 1.50922241e-01, 1.50922241e-01],
       [           nan,            nan,            nan,            nan,
        0.00000000e+00, 0.00000000e+00, 0.00000000e+00],
       [           nan,            nan,            nan,            nan,
                   nan, 0.00000000e+00, 0.00000000e+00],
       [           nan,            nan,            nan,            nan,
                   nan,            nan, 0.00000000e+00],
       [           nan,            nan,            nan,            nan,
                   nan,            nan,            nan]])}, {'S1': array([ 2.22370173e-01,  4.30758988e-01,  1.61118509e-01, -1.13848202e-01,
        0.00000000e+00,  9.57233580e-17,  1.41810919e-01]), 'S1_conf': array([0.4818285 , 0.64331185, 0.62233986, 0.34503827, 0.        ,
       0.32291411, 0.5526725 ]), 'ST': array([0.29826897, 0.3195739 , 0.29826897, 0.27696405, 0.        ,
       0.12782956, 0.44740346]), 'ST_conf': array([0.43662099, 0.53935462, 0.33513484, 0.3880902 , 0.        ,
       0.24732898, 0.87558636]), 'S2': array([[        nan,  0.09986684,  0.01464714, -0.02796272,  0.09986684,
         0.09986684,  0.09986684],
       [        nan,         nan,  0.19440746,  0.19440746,  0.32223702,
         0.19440746, -0.18908123],
       [        nan,         nan,         nan,  0.51131824,  0.38348868,
         0.51131824,  0.6391478 ],
       [        nan,         nan,         nan,         nan,  0.36484687,
         0.36484687,  0.53528628],
       [        nan,         nan,         nan,         nan,         nan,
        -0.00466045, -0.00466045],
       [        nan,         nan,         nan,         nan,         nan,
                nan,  0.29826897],
       [        nan,         nan,         nan,         nan,         nan,
                nan,         nan]]), 'S2_conf': array([[       nan, 0.69659557, 0.66130028, 0.62786687, 0.69659557,
        0.82526798, 0.82526798],
       [       nan,        nan, 0.60604604, 0.60604604, 0.7531561 ,
        0.60604604, 1.31260673],
       [       nan,        nan,        nan, 0.6385586 , 0.91354312,
        0.6742367 , 0.73273967],
       [       nan,        nan,        nan,        nan, 0.47804442,
        0.47804442, 0.41347603],
       [       nan,        nan,        nan,        nan,        nan,
        0.01322507, 0.01322507],
       [       nan,        nan,        nan,        nan,        nan,
               nan, 0.41021666],
       [       nan,        nan,        nan,        nan,        nan,
               nan,        nan]])}, {'S1': array([ 0.00000000e+00,  8.70763422e-16, -4.73790323e-02,  4.73790323e-02,
        0.00000000e+00,  2.36895161e-02, -4.73790323e-02]), 'S1_conf': array([0.        , 0.22720003, 0.4242715 , 0.20738642, 0.        ,
       0.06450225, 0.20738642]), 'ST': array([0.        , 0.25806452, 0.38709677, 0.12903226, 0.        ,
       0.03225806, 0.12903226]), 'ST_conf': array([0.        , 0.58499053, 1.15362468, 0.56479706, 0.        ,
       0.08783285, 0.56479706]), 'S2': array([[            nan, -7.10685484e-02, -7.10685484e-02,
        -4.58165323e-01, -3.29133065e-01, -3.29133065e-01,
        -2.00100806e-01],
       [            nan,             nan, -2.36895161e-02,
        -2.36895161e-02, -2.36895161e-02, -2.36895161e-02,
        -2.36895161e-02],
       [            nan,             nan,             nan,
         1.86995968e-01,  4.45060484e-01,  4.45060484e-01,
         7.03125000e-01],
       [            nan,             nan,             nan,
                    nan, -1.42137097e-01, -1.42137097e-01,
         1.15927419e-01],
       [            nan,             nan,             nan,
                    nan,             nan,  3.46944695e-18,
         0.00000000e+00],
       [            nan,             nan,             nan,
                    nan,             nan,             nan,
        -2.36895161e-02],
       [            nan,             nan,             nan,
                    nan,             nan,             nan,
                    nan]]), 'S2_conf': array([[           nan, 2.35579523e-01, 2.35579523e-01, 1.51873607e+00,
        1.19633767e+00, 1.19633767e+00, 1.09264807e+00],
       [           nan,            nan, 2.42617856e-01, 2.42617856e-01,
        2.42617856e-01, 2.42617856e-01, 2.42617856e-01],
       [           nan,            nan,            nan, 1.71647623e+00,
        8.54532533e-01, 8.54532533e-01, 1.03253417e+00],
       [           nan,            nan,            nan,            nan,
        5.60299983e-01, 5.60299983e-01, 6.36760428e-01],
       [           nan,            nan,            nan,            nan,
                   nan, 1.07631815e-17, 0.00000000e+00],
       [           nan,            nan,            nan,            nan,
                   nan,            nan, 6.45022503e-02],
       [           nan,            nan,            nan,            nan,
                   nan,            nan,            nan]])}, {'S1': array([ 1.62278192e-17,  2.20797721e-01, -2.84900285e-02, -2.35042735e-01,
        0.00000000e+00,  7.69230769e-02,  9.11680912e-02]), 'S1_conf': array([1.28217965, 0.72254547, 0.69878755, 0.82133179, 0.        ,
       0.92380323, 0.95169053]), 'ST': array([0.18233618, 0.13675214, 0.54700855, 0.22792023, 0.        ,
       0.18233618, 0.27350427]), 'ST_conf': array([1.30205652, 0.37702605, 2.83516391, 1.50709759, 0.        ,
       1.49402382, 1.38793138]), 'S2': array([[        nan,  0.37891738,  0.01424501,  0.10541311,  0.28774929,
         0.28774929,  0.37891738],
       [        nan,         nan,  0.16809117,  0.16809117,  0.07692308,
         0.07692308, -0.10541311],
       [        nan,         nan,         nan,  0.4985755 ,  0.4985755 ,
         0.68091168,  0.68091168],
       [        nan,         nan,         nan,         nan,  0.52279202,
         0.70512821,  0.61396011],
       [        nan,         nan,         nan,         nan,         nan,
         0.32621083,  0.23504274],
       [        nan,         nan,         nan,         nan,         nan,
                nan,  0.3019943 ],
       [        nan,         nan,         nan,         nan,         nan,
                nan,         nan]]), 'S2_conf': array([[       nan, 1.53044989, 0.92996033, 0.98365871, 1.2049833 ,
        1.2049833 , 1.94184253],
       [       nan,        nan, 1.16884644, 1.16884644, 1.04408457,
        1.04408457, 1.46132144],
       [       nan,        nan,        nan, 1.91963337, 1.37017023,
        1.63896028, 1.74704263],
       [       nan,        nan,        nan,        nan, 1.07614916,
        3.01820365, 1.86144673],
       [       nan,        nan,        nan,        nan,        nan,
        0.39080937, 0.28158754],
       [       nan,        nan,        nan,        nan,        nan,
               nan, 1.85976759],
       [       nan,        nan,        nan,        nan,        nan,
               nan,        nan]])}, {'S1': array([ 0.49548387,  0.29709677,  0.19741935, -0.05032258,  0.04129032,
        0.11483871,  0.19032258]), 'S1_conf': array([0.91931361, 0.45800565, 1.10800795, 0.26648992, 0.11254683,
       0.18795756, 0.35574402]), 'ST': array([0.41290323, 0.10322581, 1.36258065, 0.20645161, 0.04129032,
       0.24774194, 0.24774194]), 'ST_conf': array([0.56787581, 0.14562241, 1.32168817, 0.49462582, 0.1054959 ,
       0.69777829, 0.55784449]), 'S2': array([[        nan, -0.69387097, -0.28096774, -0.81774194, -0.61129032,
        -0.32225806, -0.44612903],
       [        nan,         nan, -0.26387097, -0.22258065, -0.22258065,
        -0.26387097, -0.22258065],
       [        nan,         nan,         nan,  0.75322581,  1.08354839,
         1.04225806,  1.53774194],
       [        nan,         nan,         nan,         nan,  0.15      ,
         0.35645161,  0.48032258],
       [        nan,         nan,         nan,         nan,         nan,
         0.09064516,  0.09064516],
       [        nan,         nan,         nan,         nan,         nan,
                nan, -0.02322581],
       [        nan,         nan,         nan,         nan,         nan,
                nan,         nan]]), 'S2_conf': array([[       nan, 1.08603183, 1.43157881, 1.06551321, 1.11201506,
        1.66219172, 1.28505089],
       [       nan,        nan, 0.47511508, 0.51569146, 0.51569146,
        0.47511508, 0.51569146],
       [       nan,        nan,        nan, 1.68432462, 1.87556026,
        1.87564976, 2.47956477],
       [       nan,        nan,        nan,        nan, 0.6811182 ,
        1.34812275, 1.61140177],
       [       nan,        nan,        nan,        nan,        nan,
        0.2655149 , 0.2655149 ],
       [       nan,        nan,        nan,        nan,        nan,
               nan, 0.78272194],
       [       nan,        nan,        nan,        nan,        nan,
               nan,        nan]])}, {'S1': array([ 0.356676  ,  0.09150327,  0.27824463, -0.19981326,  0.        ,
        0.60130719,  0.45378151]), 'S1_conf': array([0.53755808, 0.19183974, 1.20707101, 0.55518454, 0.        ,
       0.53088736, 0.4121334 ]), 'ST': array([0.19421102, 0.01493931, 1.12044818, 0.1643324 , 0.        ,
       0.47805789, 0.25396825]), 'ST_conf': array([0.37058335, 0.03132077, 0.71073143, 0.41214482, 0.        ,
       0.68008519, 0.36670401]), 'S2': array([[        nan, -0.11391223,  0.12511671, -0.11391223, -0.11391223,
        -0.2334267 , -0.20354809],
       [        nan,         nan, -0.05975724,  0.29878618,  0.29878618,
         0.11951447,  0.29878618],
       [        nan,         nan,         nan,  0.81605976,  0.99533147,
         0.24836601,  0.66666667],
       [        nan,         nan,         nan,         nan,  0.43510738,
         0.37535014,  0.40522876],
       [        nan,         nan,         nan,         nan,         nan,
         0.17366947,  0.17366947],
       [        nan,         nan,         nan,         nan,         nan,
                nan, -0.40522876],
       [        nan,         nan,         nan,         nan,         nan,
                nan,         nan]]), 'S2_conf': array([[       nan, 0.76900517, 0.65897947, 0.63081751, 0.76900517,
        1.0229034 , 0.8145052 ],
       [       nan,        nan, 0.36737346, 0.5427382 , 0.5427382 ,
        0.34541795, 0.5427382 ],
       [       nan,        nan,        nan, 1.20109413, 1.36304632,
        1.56754183, 1.50747347],
       [       nan,        nan,        nan,        nan, 0.7263434 ,
        0.72207621, 0.69507048],
       [       nan,        nan,        nan,        nan,        nan,
        0.24245044, 0.24245044],
       [       nan,        nan,        nan,        nan,        nan,
               nan, 1.47855941],
       [       nan,        nan,        nan,        nan,        nan,
               nan,        nan]])}, {'S1': array([-0.49029126,  0.        ,  0.41262136,  0.10194175, -0.10194175,
        0.54368932,  0.2815534 ]), 'S1_conf': array([0.47628205, 0.        , 0.94803974, 0.24071953, 0.24071953,
       0.6987972 , 0.64717434]), 'ST': array([0.27184466, 0.        , 0.97087379, 0.03883495, 0.03883495,
       0.54368932, 0.23300971]), 'ST_conf': array([0.38364602, 0.        , 1.43412854, 0.09170268, 0.09170268,
       0.49078169, 0.40752037]), 'S2': array([[            nan,  6.40776699e-01,  9.70873786e-02,
         7.18446602e-01,  5.63106796e-01,  5.63106796e-01,
         7.18446602e-01],
       [            nan,             nan, -5.33980583e-02,
         1.79611650e-01,  1.79611650e-01, -5.33980583e-02,
         1.79611650e-01],
       [            nan,             nan,             nan,
         5.43689320e-01,  2.33009709e-01,  1.47659662e-14,
         6.99029126e-01],
       [            nan,             nan,             nan,
                    nan, -1.01941748e-01, -1.01941748e-01,
        -1.01941748e-01],
       [            nan,             nan,             nan,
                    nan,             nan,  4.85436893e-02,
        -2.91262136e-02],
       [            nan,             nan,             nan,
                    nan,             nan,             nan,
        -4.66019417e-01],
       [            nan,             nan,             nan,
                    nan,             nan,             nan,
                    nan]]), 'S2_conf': array([[       nan, 0.97957285, 0.86320235, 1.07638401, 0.9098343 ,
        1.21414737, 1.39233669],
       [       nan,        nan, 0.08509145, 0.28621668, 0.28621668,
        0.08509145, 0.28621668],
       [       nan,        nan,        nan, 1.48379188, 0.88664221,
        2.33108935, 1.82017597],
       [       nan,        nan,        nan,        nan, 0.24071953,
        0.24071953, 0.24071953],
       [       nan,        nan,        nan,        nan,        nan,
        0.34564317, 0.61228308],
       [       nan,        nan,        nan,        nan,        nan,
               nan, 1.8037674 ],
       [       nan,        nan,        nan,        nan,        nan,
               nan,        nan]])}, {'S1': array([ 0.20434227,  0.        ,  0.0440613 , -0.08173691,  0.03927203,
        0.37579821,  0.08173691]), 'S1_conf': array([0.78369183, 0.        , 0.82581406, 0.10193729, 0.095614  ,
       0.36214444, 0.10193729]), 'ST': array([0.65389527, 0.        , 0.53128991, 0.04086845, 0.02043423,
       0.26564496, 0.04086845]), 'ST_conf': array([0.68044074, 0.        , 0.50993917, 0.05212815, 0.04975038,
       0.23669952, 0.05212815]), 'S2': array([[            nan,  2.04342273e-01,  1.22605364e-01,
         2.04342273e-01,  2.45210728e-01,  2.45210728e-01,
         2.04342273e-01],
       [            nan,             nan,  0.00000000e+00,
         0.00000000e+00, -6.93889390e-18,  0.00000000e+00,
        -1.38777878e-17],
       [            nan,             nan,             nan,
         6.86781609e-01,  6.86781609e-01,  2.78097063e-01,
         6.05044700e-01],
       [            nan,             nan,             nan,
                    nan, -3.92720307e-02,  4.24648787e-02,
        -3.92720307e-02],
       [            nan,             nan,             nan,
                    nan,             nan, -3.92720307e-02,
        -3.92720307e-02],
       [            nan,             nan,             nan,
                    nan,             nan,             nan,
        -1.35376756e-01],
       [            nan,             nan,             nan,
                    nan,             nan,             nan,
                    nan]]), 'S2_conf': array([[           nan, 4.70620241e-01, 8.31293176e-01, 4.33483637e-01,
        5.25883573e-01, 7.87764933e-01, 5.35538218e-01],
       [           nan,            nan, 8.08259446e-17, 0.00000000e+00,
        1.67682983e-17, 1.09919189e-16, 4.05344093e-17],
       [           nan,            nan,            nan, 8.61722248e-01,
        8.75830511e-01, 1.07015868e+00, 8.96658903e-01],
       [           nan,            nan,            nan,            nan,
        2.20329511e-01, 6.12068207e-02, 2.20329511e-01],
       [           nan,            nan,            nan,            nan,
                   nan, 9.56140045e-02, 9.56140045e-02],
       [           nan,            nan,            nan,            nan,
                   nan,            nan, 1.08363854e+00],
       [           nan,            nan,            nan,            nan,
                   nan,            nan,            nan]])}, {'S1': array([0.11267606, 0.12235915, 0.69542254, 0.08362676, 0.10299296,
       1.0431338 , 0.22535211]), 'S1_conf': array([0.97497563, 0.24821819, 1.0293971 , 0.72780274, 0.33892237,
       0.94990269, 0.39539162]), 'ST': array([1.57746479, 0.05633803, 1.57746479, 0.28169014, 0.05633803,
       1.52112676, 0.11267606]), 'ST_conf': array([1.66225112, 0.11428751, 1.75345066, 0.73141353, 0.18539343,
       1.49267061, 0.20427026]), 'S2': array([[        nan, -0.19630282,  1.71919014, -0.19630282, -0.19630282,
         2.39524648,  0.14172535],
       [        nan,         nan, -0.12235915, -0.12235915, -0.12235915,
        -0.12235915, -0.12235915],
       [        nan,         nan,         nan,  0.08362676, -0.0290493 ,
         0.19630282,  0.30897887],
       [        nan,         nan,         nan,         nan, -0.29929577,
        -0.18661972, -0.29929577],
       [        nan,         nan,         nan,         nan,         nan,
        -0.10299296, -0.10299296],
       [        nan,         nan,         nan,         nan,         nan,
                nan, -1.0625    ],
       [        nan,         nan,         nan,         nan,         nan,
                nan,         nan]]), 'S2_conf': array([[       nan, 1.19381383, 3.45619077, 1.19381383, 1.19381383,
        3.82943281, 1.84423327],
       [       nan,        nan, 0.24821819, 0.24821819, 0.24821819,
        0.24821819, 0.24821819],
       [       nan,        nan,        nan, 1.60363124, 1.59461027,
        4.18526548, 2.24211253],
       [       nan,        nan,        nan,        nan, 1.42800586,
        1.0606102 , 1.42800586],
       [       nan,        nan,        nan,        nan,        nan,
        0.33892237, 0.33892237],
       [       nan,        nan,        nan,        nan,        nan,
               nan, 1.83505655],
       [       nan,        nan,        nan,        nan,        nan,
               nan,        nan]])}, {'S1': array([ 0.49606299,  0.02952756,  0.01771654, -0.02952756,  0.02952756,
       -0.07086614,  0.02952756]), 'S1_conf': array([nan, nan, nan, nan, nan, nan, nan]), 'ST': array([0.94488189, 0.03149606, 1.29133858, 0.03149606, 0.03149606,
       0.50393701, 0.03149606]), 'ST_conf': array([nan, nan, nan, nan, nan, nan, nan]), 'S2': array([[        nan, -0.17716535,  1.08267717, -0.17716535, -0.24015748,
         0.83070866, -0.17716535],
       [        nan,         nan, -0.02952756, -0.02952756, -0.02952756,
        -0.02952756, -0.02952756],
       [        nan,         nan,         nan,  0.57874016,  0.51574803,
         0.38976378,  0.57874016],
       [        nan,         nan,         nan,         nan, -0.00393701,
         0.05905512, -0.00393701],
       [        nan,         nan,         nan,         nan,         nan,
        -0.18897638, -0.18897638],
       [        nan,         nan,         nan,         nan,         nan,
                nan,  0.00393701],
       [        nan,         nan,         nan,         nan,         nan,
                nan,         nan]]), 'S2_conf': array([[nan, nan, nan, nan, nan, nan, nan],
       [nan, nan, nan, nan, nan, nan, nan],
       [nan, nan, nan, nan, nan, nan, nan],
       [nan, nan, nan, nan, nan, nan, nan],
       [nan, nan, nan, nan, nan, nan, nan],
       [nan, nan, nan, nan, nan, nan, nan],
       [nan, nan, nan, nan, nan, nan, nan]])}, {'S1': array([0.56765233, 0.13194444, 0.01747312, 0.01142473, 0.        ,
       0.39000896, 0.09767025]), 'S1_conf': array([1.09093988, 0.17373241, 0.4982167 , 0.02985066, 0.        ,
       0.36201334, 0.16866148]), 'ST': array([1.34767025, 0.04301075, 0.5734767 , 0.01433692, 0.        ,
       0.21505376, 0.08602151]), 'ST_conf': array([1.99124044, 0.06200588, 0.52766184, 0.03745966, 0.        ,
       0.24066464, 0.15594383]), 'S2': array([[        nan,  0.32123656,  0.52195341,  0.4359319 ,  0.4359319 ,
         0.34991039,  0.34991039],
       [        nan,         nan, -0.14336918, -0.17204301, -0.11469534,
        -0.22939068, -0.02867384],
       [        nan,         nan,         nan,  0.53853047,  0.53853047,
         0.45250896,  0.5672043 ],
       [        nan,         nan,         nan,         nan, -0.20071685,
        -0.22939068, -0.11469534],
       [        nan,         nan,         nan,         nan,         nan,
        -0.0172491 ,  0.01142473],
       [        nan,         nan,         nan,         nan,         nan,
                nan, -0.75134409],
       [        nan,         nan,         nan,         nan,         nan,
                nan,         nan]]), 'S2_conf': array([[       nan, 1.2941616 , 1.50661486, 1.34778353, 1.34778353,
        1.71291027, 1.31450949],
       [       nan,        nan, 0.4516436 , 0.43716354, 0.29621764,
        0.4119415 , 0.11575306],
       [       nan,        nan,        nan, 0.80322986, 0.80322986,
        1.16589047, 0.96315764],
       [       nan,        nan,        nan,        nan, 0.46396782,
        0.43540264, 0.40033373],
       [       nan,        nan,        nan,        nan,        nan,
        0.05042126, 0.0333959 ],
       [       nan,        nan,        nan,        nan,        nan,
               nan, 0.92773344],
       [       nan,        nan,        nan,        nan,        nan,
               nan,        nan]])}, {'S1': array([ 0.6438999 ,  0.03336809, -0.0729927 ,  0.03336809,  0.        ,
        0.08029197,  0.02346194]), 'S1_conf': array([0.96414437, 0.20016864, 0.87401258, 0.12018533, 0.        ,
       0.40983925, 0.06501281]), 'ST': array([1.31803962, 0.03336809, 0.60062565, 0.03336809, 0.        ,
       0.16684046, 0.01668405]), 'ST_conf': array([1.60766159, 0.09312812, 1.07939669, 0.04659988, 0.        ,
       0.35278083, 0.04623133]), 'S2': array([[            nan, -2.03858186e-01,  4.96871741e-01,
        -4.04066736e-01, -2.70594369e-01,  1.29822732e-01,
        -3.37330553e-01],
       [            nan,             nan,  8.18789481e-16,
        -3.33680918e-02, -3.33680918e-02, -3.33680918e-02,
         7.28583860e-16],
       [            nan,             nan,             nan,
         2.42440042e-01,  1.75703858e-01,  1.08967675e-01,
         1.42335766e-01],
       [            nan,             nan,             nan,
                    nan, -1.47028154e-01, -1.47028154e-01,
        -1.47028154e-01],
       [            nan,             nan,             nan,
                    nan,             nan, -5.68300313e-02,
        -5.68300313e-02],
       [            nan,             nan,             nan,
                    nan,             nan,             nan,
        -2.44525547e-01],
       [            nan,             nan,             nan,
                    nan,             nan,             nan,
                    nan]]), 'S2_conf': array([[       nan, 1.42179203, 2.94084333, 1.29424479, 1.40999559,
        1.52070492, 1.42234922],
       [       nan,        nan, 0.29643164, 0.16804066, 0.16804066,
        0.28063564, 0.17323927],
       [       nan,        nan,        nan, 0.89838954, 0.90898791,
        0.89507295, 0.91016469],
       [       nan,        nan,        nan,        nan, 0.24750868,
        0.24750868, 0.24750868],
       [       nan,        nan,        nan,        nan,        nan,
        0.16403331, 0.16403331],
       [       nan,        nan,        nan,        nan,        nan,
               nan, 0.90483379],
       [       nan,        nan,        nan,        nan,        nan,
               nan,        nan]])}, {'S1': array([ 0.54113924,  0.22310127, -0.15427215, -0.04825949,  0.        ,
       -0.02056962,  0.2096519 ]), 'S1_conf': array([0.72376617, 0.57311904, 1.12787155, 0.18526959, 0.        ,
       0.55036167, 0.34119268]), 'ST': array([0.70886076, 0.2278481 , 0.62025316, 0.03797468, 0.        ,
       0.15189873, 0.11392405]), 'ST_conf': array([0.7661618 , 0.25965383, 1.2229087 , 0.08050366, 0.        ,
       0.4581533 , 0.18772072]), 'S2': array([[            nan, -5.30063291e-02,  2.25474684e-01,
        -5.30063291e-02, -3.31487342e-01,  2.25474684e-01,
        -4.07436709e-01],
       [            nan,             nan, -4.58860759e-02,
        -7.12025316e-02,  4.74683544e-03, -4.58860759e-02,
        -1.97784810e-01],
       [            nan,             nan,             nan,
         3.96360759e-01,  4.46993671e-01,  3.20411392e-01,
         5.48259494e-01],
       [            nan,             nan,             nan,
                    nan,  1.03639241e-01,  7.83227848e-02,
         1.03639241e-01],
       [            nan,             nan,             nan,
                    nan,             nan, -2.77555756e-17,
         0.00000000e+00],
       [            nan,             nan,             nan,
                    nan,             nan,             nan,
        -2.00158228e-01],
       [            nan,             nan,             nan,
                    nan,             nan,             nan,
                    nan]]), 'S2_conf': array([[           nan, 9.88949791e-01, 1.76012118e+00, 1.03746073e+00,
        1.41702806e+00, 1.41553709e+00, 1.55521147e+00],
       [           nan,            nan, 6.81290645e-01, 4.42948073e-01,
        4.88591372e-01, 5.23827952e-01, 5.24720261e-01],
       [           nan,            nan,            nan, 1.45966066e+00,
        1.54225523e+00, 1.32198344e+00, 1.56851288e+00],
       [           nan,            nan,            nan,            nan,
        2.27307419e-01, 2.79625062e-01, 2.27307419e-01],
       [           nan,            nan,            nan,            nan,
                   nan, 5.40712481e-17, 8.44686533e-17],
       [           nan,            nan,            nan,            nan,
                   nan,            nan, 5.08911653e-01],
       [           nan,            nan,            nan,            nan,
                   nan,            nan,            nan]])}, {'S1': array([ 0.46651927,  0.13834491, -0.24573594, -0.05985471,  0.        ,
        0.11813013,  0.14308275]), 'S1_conf': array([0.97934944, 0.26023268, 0.66108722, 0.12056014, 0.        ,
       0.38281007, 0.50196185]), 'ST': array([0.86923563, 0.14150347, 0.62665824, 0.03032217, 0.        ,
       0.14150347, 0.26279217]), 'ST_conf': array([1.06041172, 0.24288398, 0.52637151, 0.06282313, 0.        ,
       0.18684342, 0.92985194]), 'S2': array([[            nan, -4.26089703e-01,  1.60138977e-01,
        -5.47378395e-01, -4.66519267e-01, -4.26089703e-01,
        -6.48452306e-01],
       [            nan,             nan, -9.87049905e-02,
        -9.87049905e-02, -9.87049905e-02, -9.87049905e-02,
        -1.79564119e-01],
       [            nan,             nan,             nan,
         2.49684144e-01,  2.29469362e-01,  2.09254580e-01,
         3.30543272e-01],
       [            nan,             nan,             nan,
                    nan,  4.20088440e-02,  4.20088440e-02,
         3.04801011e-01],
       [            nan,             nan,             nan,
                    nan,             nan,  0.00000000e+00,
         2.77555756e-17],
       [            nan,             nan,             nan,
                    nan,             nan,             nan,
        -1.37555275e-01],
       [            nan,             nan,             nan,
                    nan,             nan,             nan,
                    nan]]), 'S2_conf': array([[           nan, 1.23782187e+00, 1.36356077e+00, 1.18974109e+00,
        1.22901885e+00, 1.20659983e+00, 1.48950621e+00],
       [           nan,            nan, 3.60326804e-01, 3.60326804e-01,
        3.60326804e-01, 3.60326804e-01, 3.05051521e-01],
       [           nan,            nan,            nan, 6.94159898e-01,
        7.68123256e-01, 7.56608303e-01, 7.45209587e-01],
       [           nan,            nan,            nan,            nan,
        6.82031051e-01, 5.94275946e-01, 7.25738626e-01],
       [           nan,            nan,            nan,            nan,
                   nan, 5.03864244e-17, 1.11317030e-16],
       [           nan,            nan,            nan,            nan,
                   nan,            nan, 6.76706824e-01],
       [           nan,            nan,            nan,            nan,
                   nan,            nan,            nan]])}, {'S1': array([0.39589744, 0.41435897, 0.01538462, 0.03282051, 0.        ,
       0.20205128, 0.72410256]), 'S1_conf': array([0.92164032, 0.50595767, 0.76529388, 0.19052707, 0.        ,
       0.30106916, 0.88861396]), 'ST': array([0.75487179, 0.39384615, 0.3774359 , 0.03282051, 0.        ,
       0.04923077, 0.75487179]), 'ST_conf': array([0.68350338, 0.47241856, 0.42100399, 0.06841783, 0.        ,
       0.07706757, 1.06729641]), 'S2': array([[        nan, -0.34564103,  0.14666667, -0.24717949, -0.21435897,
        -0.31282051, -0.77230769],
       [        nan,         nan, -0.25538462, -0.12410256, -0.12410256,
        -0.12410256, -0.48512821],
       [        nan,         nan,         nan,  0.21641026,  0.08512821,
        -0.04615385,  0.08512821],
       [        nan,         nan,         nan,         nan,  0.07282051,
         0.04      ,  0.33538462],
       [        nan,         nan,         nan,         nan,         nan,
         0.07076923, -0.09333333],
       [        nan,         nan,         nan,         nan,         nan,
                nan, -0.12923077],
       [        nan,         nan,         nan,         nan,         nan,
                nan,         nan]]), 'S2_conf': array([[       nan, 1.39651027, 1.06550223, 1.28396981, 1.32449409,
        1.48091233, 1.94188468],
       [       nan,        nan, 0.58684876, 0.38004642, 0.38004642,
        0.38004642, 0.61372078],
       [       nan,        nan,        nan, 0.86982409, 1.00382173,
        1.23687966, 1.00382173],
       [       nan,        nan,        nan,        nan, 0.63878315,
        0.68285308, 0.61358431],
       [       nan,        nan,        nan,        nan,        nan,
        0.14657862, 0.19331383],
       [       nan,        nan,        nan,        nan,        nan,
               nan, 0.89181599],
       [       nan,        nan,        nan,        nan,        nan,
               nan,        nan]])}]
------------
{'S1': array([ 0.32961327,  0.13668628,  0.13785883, -0.06576247,  0.00605122,
        0.20694005,  0.15004502]), 'S1_conf': array([0.79401512, 0.22470449, 0.80367558, 0.17186604, 0.05942006,
       0.41913961, 0.2918738 ]), 'ST': array([0.33233527, 0.04221194, 0.71157269, 0.07470843, 0.00536025,
       0.21072468, 0.11256517]), 'ST_conf': array([0.40855091, 0.06153475, 0.75105388, 0.17994504, 0.01265952,
       0.35065332, 0.21649166]), 'S2': array([[        nan, -0.13262945, -0.0247545 , -0.23313407, -0.20901296,
         0.04894889, -0.16814108],
       [        nan,         nan, -0.18894345,  0.0690184 ,  0.03149668,
        -0.05761741,  0.00469545],
       [        nan,         nan,         nan,  0.67370548,  0.7654997 ,
         0.54438954,  0.81843213],
       [        nan,         nan,         nan,         nan,  0.25210432,
         0.18108105,  0.25143428],
       [        nan,         nan,         nan,         nan,         nan,
         0.04957181,  0.04689169],
       [        nan,         nan,         nan,         nan,         nan,
                nan, -0.12038045],
       [        nan,         nan,         nan,         nan,         nan,
                nan,         nan]]), 'S2_conf': array([[       nan, 1.01806897, 1.05936818, 0.99649134, 1.07498596,
        1.24426281, 1.16424952],
       [       nan,        nan, 0.32770868, 0.28053032, 0.29106921,
        0.14792646, 0.32457639],
       [       nan,        nan,        nan, 1.25862403, 1.2202547 ,
        1.49280889, 1.57367097],
       [       nan,        nan,        nan,        nan, 0.32397265,
        0.38956224, 0.42624505],
       [       nan,        nan,        nan,        nan,        nan,
        0.14098983, 0.14765412],
       [       nan,        nan,        nan,        nan,        nan,
               nan, 1.17989867],
       [       nan,        nan,        nan,        nan,        nan,
               nan,        nan]])}
------------
{'S1': array([ 0.33831841,  0.0930854 , -0.04625862, -0.11843967,  0.        ,
        0.06113323,  0.26186339]), 'S1_conf': array([0.76462762, 0.42598151, 0.70298728, 0.26956734, 0.        ,
       0.32976439, 0.7881188 ]), 'ST': array([0.24209901, 0.0589999 , 0.16374526, 0.1123696 , 0.        ,
       0.05841342, 0.44830544]), 'ST_conf': array([0.50256306, 0.17672546, 0.30290287, 0.1721094 , 0.        ,
       0.1108811 , 1.57729478]), 'S2': array([[        nan, -0.31496184, -0.26405536, -0.33935942, -0.33044492,
        -0.29971336, -0.43014655],
       [        nan,         nan, -0.05297016,  0.08285865,  0.03289054,
         0.00427031, -0.08604764],
       [        nan,         nan,         nan,  0.3516645 ,  0.39553322,
         0.32351346,  0.47951718],
       [        nan,         nan,         nan,         nan,  0.36108484,
         0.32167337,  0.70616977],
       [        nan,         nan,         nan,         nan,         nan,
         0.00412369, -0.00830969],
       [        nan,         nan,         nan,         nan,         nan,
                nan,  0.01377129],
       [        nan,         nan,         nan,         nan,         nan,
                nan,         nan]]), 'S2_conf': array([[       nan, 1.30682315, 1.08900192, 1.24875573, 1.35191703,
        1.17660344, 1.45623527],
       [       nan,        nan, 0.55179751, 0.50532912, 0.44422779,
        0.41078533, 0.51080569],
       [       nan,        nan,        nan, 0.70011559, 0.79354156,
        0.83493054, 1.07770005],
       [       nan,        nan,        nan,        nan, 0.8311411 ,
        0.89659607, 1.17466645],
       [       nan,        nan,        nan,        nan,        nan,
        0.0169272 , 0.06024673],
       [       nan,        nan,        nan,        nan,        nan,
               nan, 0.89465627],
       [       nan,        nan,        nan,        nan,        nan,
               nan,        nan]])}
------------
{'S1': array([nan, nan, nan, nan, nan, nan, nan]), 'S1_conf': array([nan, nan, nan, nan, nan, nan, nan]), 'ST': array([nan, nan, nan, nan, nan, nan, nan]), 'ST_conf': array([nan, nan, nan, nan, nan, nan, nan]), 'S2': array([[nan, nan, nan, nan, nan, nan, nan],
       [nan, nan, nan, nan, nan, nan, nan],
       [nan, nan, nan, nan, nan, nan, nan],
       [nan, nan, nan, nan, nan, nan, nan],
       [nan, nan, nan, nan, nan, nan, nan],
       [nan, nan, nan, nan, nan, nan, nan],
       [nan, nan, nan, nan, nan, nan, nan]]), 'S2_conf': array([[nan, nan, nan, nan, nan, nan, nan],
       [nan, nan, nan, nan, nan, nan, nan],
       [nan, nan, nan, nan, nan, nan, nan],
       [nan, nan, nan, nan, nan, nan, nan],
       [nan, nan, nan, nan, nan, nan, nan],
       [nan, nan, nan, nan, nan, nan, nan],
       [nan, nan, nan, nan, nan, nan, nan]])}
------------
