[{'S1': array([ 0.06498211,  0.71283478,  0.04126122,  0.02233858, -0.00963985,
        0.0100731 ,  0.02202888]), 'S1_conf': array([0.02513796, 0.06591243, 0.0309236 , 0.02521313, 0.00857238,
       0.02133704, 0.02832362]), 'ST': array([0.18789439, 0.81887245, 0.16211331, 0.11979078, 0.01486934,
       0.09347056, 0.1258815 ]), 'ST_conf': array([0.01932206, 0.05370233, 0.01728123, 0.01205718, 0.00278339,
       0.00856603, 0.01287638]), 'S2': array([[        nan, -0.0027087 ,  0.01542674, -0.00695931, -0.00677178,
        -0.00309938, -0.00245866],
       [        nan,         nan, -0.0036344 , -0.01844123, -0.01190904,
        -0.03145093, -0.01322173],
       [        nan,         nan,         nan,  0.02230259,  0.02583435,
         0.02516237,  0.02230259],
       [        nan,         nan,         nan,         nan, -0.00993756,
        -0.0101876 , -0.00850767],
       [        nan,         nan,         nan,         nan,         nan,
         0.01044788,  0.00918988],
       [        nan,         nan,         nan,         nan,         nan,
                nan,  0.00404716],
       [        nan,         nan,         nan,         nan,         nan,
                nan,         nan]]), 'S2_conf': array([[       nan, 0.03925627, 0.03927967, 0.03918115, 0.03905254,
        0.03877574, 0.03941023],
       [       nan,        nan, 0.09013754, 0.09675848, 0.08572398,
        0.09015677, 0.09152141],
       [       nan,        nan,        nan, 0.04280983, 0.04012378,
        0.04152165, 0.04255708],
       [       nan,        nan,        nan,        nan, 0.03300901,
        0.03452687, 0.03399339],
       [       nan,        nan,        nan,        nan,        nan,
        0.00958994, 0.01002503],
       [       nan,        nan,        nan,        nan,        nan,
               nan, 0.03023656],
       [       nan,        nan,        nan,        nan,        nan,
               nan,        nan]])}, {'S1': array([ 5.02640194e-02,  7.47300265e-01,  3.76809102e-02,  1.22634640e-02,
        1.63549365e-04, -1.19799968e-03,  4.09943161e-02]), 'S1_conf': array([0.02693213, 0.07730282, 0.02789873, 0.02244602, 0.00903168,
       0.02023822, 0.02413984]), 'ST': array([0.1301226 , 0.88487675, 0.13300863, 0.10029671, 0.01481423,
       0.06845346, 0.11300744]), 'ST_conf': array([0.01481112, 0.05619526, 0.0139931 , 0.00940501, 0.00263945,
       0.00746098, 0.01035903]), 'S2': array([[        nan,  0.01082054, -0.01937509, -0.00898682, -0.00628027,
        -0.00780943, -0.0071992 ],
       [        nan,         nan,  0.01383067,  0.01339992, -0.00673767,
         0.00417468, -0.00868323],
       [        nan,         nan,         nan,  0.00367805,  0.00645639,
         0.00346267,  0.0058677 ],
       [        nan,         nan,         nan,         nan, -0.00884747,
        -0.00714601, -0.00604041],
       [        nan,         nan,         nan,         nan,         nan,
         0.00516512,  0.00152527],
       [        nan,         nan,         nan,         nan,         nan,
                nan, -0.00319903],
       [        nan,         nan,         nan,         nan,         nan,
                nan,         nan]]), 'S2_conf': array([[       nan, 0.04014838, 0.04075553, 0.03736505, 0.03969591,
        0.03977296, 0.0396961 ],
       [       nan,        nan, 0.10734152, 0.10167352, 0.09929058,
        0.10183503, 0.10543605],
       [       nan,        nan,        nan, 0.03900453, 0.03968896,
        0.04208231, 0.03857119],
       [       nan,        nan,        nan,        nan, 0.03370428,
        0.03409871, 0.03386345],
       [       nan,        nan,        nan,        nan,        nan,
        0.01351977, 0.01328248],
       [       nan,        nan,        nan,        nan,        nan,
               nan, 0.02887194],
       [       nan,        nan,        nan,        nan,        nan,
               nan,        nan]])}, {'S1': array([ 0.03265868,  0.74425426,  0.06047614,  0.01224677, -0.00203353,
        0.01045487,  0.04060166]), 'S1_conf': array([0.02498072, 0.08029065, 0.02805071, 0.02539169, 0.00761018,
       0.0171255 , 0.02228242]), 'ST': array([0.11273407, 0.85796531, 0.13636396, 0.11475303, 0.01357225,
       0.06101772, 0.11985781]), 'ST_conf': array([0.01322752, 0.06277861, 0.01679621, 0.01176597, 0.00248919,
       0.00653148, 0.01356967]), 'S2': array([[        nan,  0.00502382, -0.00409862,  0.00076308, -0.01018925,
        -0.01209342, -0.00609732],
       [        nan,         nan, -0.02225784, -0.01536368, -0.02699125,
        -0.02554624, -0.01834147],
       [        nan,         nan,         nan, -0.01521234, -0.02059398,
        -0.02260618, -0.02315988],
       [        nan,         nan,         nan,         nan,  0.01399636,
         0.01554266,  0.00631893],
       [        nan,         nan,         nan,         nan,         nan,
        -0.0010419 ,  0.00197641],
       [        nan,         nan,         nan,         nan,         nan,
                nan, -0.01015002],
       [        nan,         nan,         nan,         nan,         nan,
                nan,         nan]]), 'S2_conf': array([[       nan, 0.04592928, 0.03851606, 0.03407515, 0.03621697,
        0.03678725, 0.03839586],
       [       nan,        nan, 0.11797325, 0.11783635, 0.12021197,
        0.12283766, 0.12408447],
       [       nan,        nan,        nan, 0.03399164, 0.03647914,
        0.03651606, 0.03636199],
       [       nan,        nan,        nan,        nan, 0.03955641,
        0.0400581 , 0.039402  ],
       [       nan,        nan,        nan,        nan,        nan,
        0.01063917, 0.01096065],
       [       nan,        nan,        nan,        nan,        nan,
               nan, 0.02730549],
       [       nan,        nan,        nan,        nan,        nan,
               nan,        nan]])}, {'S1': array([0.03242284, 0.69917471, 0.04222458, 0.01620002, 0.00093053,
       0.00321488, 0.0579084 ]), 'S1_conf': array([0.02279898, 0.08509934, 0.02468697, 0.0250608 , 0.00935414,
       0.02184704, 0.02830097]), 'ST': array([0.10976721, 0.83018637, 0.11778283, 0.10022577, 0.01408498,
       0.05171838, 0.12156686]), 'ST_conf': array([0.01768961, 0.06084157, 0.01370696, 0.0116569 , 0.00316479,
       0.00639433, 0.01382812]), 'S2': array([[        nan,  0.01104286, -0.01049488, -0.00163158, -0.00445943,
        -0.00249282, -0.00166549],
       [        nan,         nan,  0.01603793,  0.0107959 , -0.00610336,
        -0.01105379,  0.00055598],
       [        nan,         nan,         nan,  0.01109374,  0.0063332 ,
         0.00738432,  0.00787936],
       [        nan,         nan,         nan,         nan,  0.01009971,
         0.01354466,  0.01246642],
       [        nan,         nan,         nan,         nan,         nan,
        -0.00196598, -0.00023672],
       [        nan,         nan,         nan,         nan,         nan,
                nan, -0.00469524],
       [        nan,         nan,         nan,         nan,         nan,
                nan,         nan]]), 'S2_conf': array([[       nan, 0.03930039, 0.03792677, 0.03835477, 0.03658702,
        0.03650188, 0.03942163],
       [       nan,        nan, 0.13685299, 0.13531095, 0.13299469,
        0.13480213, 0.13422487],
       [       nan,        nan,        nan, 0.0385076 , 0.03843562,
        0.03952041, 0.03858704],
       [       nan,        nan,        nan,        nan, 0.03621624,
        0.03534021, 0.03761372],
       [       nan,        nan,        nan,        nan,        nan,
        0.01242089, 0.01217796],
       [       nan,        nan,        nan,        nan,        nan,
               nan, 0.02852047],
       [       nan,        nan,        nan,        nan,        nan,
               nan,        nan]])}, {'S1': array([0.0218242 , 0.43111577, 0.05276888, 0.15120112, 0.00223582,
       0.00714653, 0.22098889]), 'S1_conf': array([0.02333141, 0.06129341, 0.02363558, 0.03648419, 0.00903904,
       0.01629517, 0.03883684]), 'ST': array([0.09753515, 0.54814147, 0.10868731, 0.22365322, 0.0141389 ,
       0.05447613, 0.2875874 ]), 'ST_conf': array([0.01727635, 0.05923714, 0.01689756, 0.02195505, 0.00364393,
       0.00828651, 0.02660083]), 'S2': array([[        nan,  0.02126604,  0.00652497, -0.00142365,  0.00482284,
         0.00585054,  0.01008981],
       [        nan,         nan, -0.00464442, -0.00621808, -0.01007196,
        -0.00104747,  0.012971  ],
       [        nan,         nan,         nan, -0.01187238, -0.01367085,
        -0.01013813, -0.02858856],
       [        nan,         nan,         nan,         nan,  0.01066908,
         0.00174094,  0.00840493],
       [        nan,         nan,         nan,         nan,         nan,
        -0.00398932, -0.00143612],
       [        nan,         nan,         nan,         nan,         nan,
                nan,  0.00174905],
       [        nan,         nan,         nan,         nan,         nan,
                nan,         nan]]), 'S2_conf': array([[       nan, 0.03926195, 0.03333527, 0.03453206, 0.03356342,
        0.03314023, 0.03272033],
       [       nan,        nan, 0.07019982, 0.07401662, 0.07122305,
        0.07259369, 0.0748051 ],
       [       nan,        nan,        nan, 0.03317902, 0.03541998,
        0.03587303, 0.03491495],
       [       nan,        nan,        nan,        nan, 0.05355431,
        0.05475439, 0.05300622],
       [       nan,        nan,        nan,        nan,        nan,
        0.01342453, 0.01293122],
       [       nan,        nan,        nan,        nan,        nan,
               nan, 0.02530833],
       [       nan,        nan,        nan,        nan,        nan,
               nan,        nan]])}, {'S1': array([4.60764791e-02, 1.60229071e-01, 6.00576018e-02, 2.69536348e-01,
       1.11001677e-04, 8.11980905e-03, 4.02522030e-01]), 'S1_conf': array([0.01941202, 0.03675703, 0.02294958, 0.04005294, 0.00511346,
       0.01290709, 0.04476584]), 'ST': array([0.07256016, 0.21003218, 0.09101477, 0.31377766, 0.0036021 ,
       0.03012443, 0.44308327]), 'ST_conf': array([0.00936819, 0.02380977, 0.01111061, 0.02940033, 0.00073545,
       0.00468847, 0.03865195]), 'S2': array([[        nan, -0.01178977, -0.01178977, -0.01652678, -0.01134568,
        -0.01100027, -0.00744751],
       [        nan,         nan,  0.0035506 ,  0.00508026, -0.00399901,
         0.00039259,  0.00542567],
       [        nan,         nan,         nan, -0.00818209, -0.01020519,
        -0.00902094, -0.01390598],
       [        nan,         nan,         nan,         nan,  0.00827359,
         0.00195757, -0.00297681],
       [        nan,         nan,         nan,         nan,         nan,
        -0.0014343 ,  0.00147699],
       [        nan,         nan,         nan,         nan,         nan,
                nan,  0.01246333],
       [        nan,         nan,         nan,         nan,         nan,
                nan,         nan]]), 'S2_conf': array([[       nan, 0.0270667 , 0.02569833, 0.02807793, 0.02528223,
        0.02488789, 0.03186168],
       [       nan,        nan, 0.04730034, 0.05256398, 0.04735493,
        0.04872209, 0.05976794],
       [       nan,        nan,        nan, 0.03410548, 0.03092895,
        0.03184475, 0.03337808],
       [       nan,        nan,        nan,        nan, 0.06489218,
        0.06561759, 0.08551059],
       [       nan,        nan,        nan,        nan,        nan,
        0.00669607, 0.00719583],
       [       nan,        nan,        nan,        nan,        nan,
               nan, 0.02118007],
       [       nan,        nan,        nan,        nan,        nan,
               nan,        nan]])}, {'S1': array([4.78661701e-02, 8.47168435e-02, 6.27121921e-02, 2.68440280e-01,
       1.57446973e-04, 9.04827389e-03, 4.90950927e-01]), 'S1_conf': array([0.01975496, 0.02944428, 0.02342618, 0.04783147, 0.00493809,
       0.01363501, 0.06342411]), 'ST': array([0.07429944, 0.1414695 , 0.11078515, 0.32319909, 0.00482282,
       0.03117361, 0.53903793]), 'ST_conf': array([0.01142317, 0.01644916, 0.01253313, 0.03029136, 0.00111639,
       0.00508703, 0.04921103]), 'S2': array([[        nan, -0.00715139, -0.00197909, -0.01344203, -0.00799014,
        -0.0051943 , -0.02588352],
       [        nan,         nan,  0.01595394,  0.02154562,  0.01245914,
         0.01134081,  0.00183495],
       [        nan,         nan,         nan, -0.00176433, -0.00386121,
         0.00187026, -0.00805497],
       [        nan,         nan,         nan,         nan,  0.00182626,
         0.00154668,  0.01636463],
       [        nan,         nan,         nan,         nan,         nan,
         0.00026193,  0.00040172],
       [        nan,         nan,         nan,         nan,         nan,
                nan, -0.00326384],
       [        nan,         nan,         nan,         nan,         nan,
                nan,         nan]]), 'S2_conf': array([[       nan, 0.02767181, 0.03057407, 0.02924493, 0.02716255,
        0.02715357, 0.03536786],
       [       nan,        nan, 0.04163437, 0.05114951, 0.04203556,
        0.04079706, 0.04898162],
       [       nan,        nan,        nan, 0.03602464, 0.03382535,
        0.03489547, 0.03948876],
       [       nan,        nan,        nan,        nan, 0.06640331,
        0.06576077, 0.09252243],
       [       nan,        nan,        nan,        nan,        nan,
        0.00655439, 0.00735625],
       [       nan,        nan,        nan,        nan,        nan,
               nan, 0.02263615],
       [       nan,        nan,        nan,        nan,        nan,
               nan,        nan]])}, {'S1': array([ 0.12126561,  0.28070798,  0.24795759,  0.12918186, -0.00140286,
        0.01891963,  0.17253112]), 'S1_conf': array([0.02789136, 0.0367507 , 0.04089222, 0.03266927, 0.00540968,
       0.01504898, 0.03311483]), 'ST': array([0.15620481, 0.32257725, 0.30849321, 0.17819701, 0.00474489,
       0.04232744, 0.20568725]), 'ST_conf': array([0.01546166, 0.02893557, 0.02850632, 0.01533344, 0.00112233,
       0.00588966, 0.01915267]), 'S2': array([[        nan,  0.01344608,  0.01028282, -0.00161706,  0.00229936,
         0.00666767, -0.00884737],
       [        nan,         nan,  0.01166949, -0.00956955, -0.00520124,
        -0.00610503, -0.01137713],
       [        nan,         nan,         nan, -0.00344104, -0.00163346,
         0.00544621, -0.00088031],
       [        nan,         nan,         nan,         nan, -0.00747893,
        -0.01124472, -0.00747893],
       [        nan,         nan,         nan,         nan,         nan,
         0.00296363, -0.00035026],
       [        nan,         nan,         nan,         nan,         nan,
                nan, -0.01044257],
       [        nan,         nan,         nan,         nan,         nan,
                nan,         nan]]), 'S2_conf': array([[       nan, 0.04506152, 0.04626302, 0.04141828, 0.0392809 ,
        0.04085074, 0.04233825],
       [       nan,        nan, 0.05726785, 0.05229626, 0.0510475 ,
        0.04896128, 0.05616182],
       [       nan,        nan,        nan, 0.05869558, 0.05535573,
        0.05480296, 0.05828531],
       [       nan,        nan,        nan,        nan, 0.04814345,
        0.04887486, 0.04937628],
       [       nan,        nan,        nan,        nan,        nan,
        0.00829894, 0.00744558],
       [       nan,        nan,        nan,        nan,        nan,
               nan, 0.02002551],
       [       nan,        nan,        nan,        nan,        nan,
               nan,        nan]])}, {'S1': array([0.14518063, 0.19867027, 0.32564713, 0.0804441 , 0.00076657,
       0.01689342, 0.0897065 ]), 'S1_conf': array([0.0343532 , 0.04336865, 0.05119526, 0.03182056, 0.00607717,
       0.01605144, 0.02767302]), 'ST': array([0.2096224 , 0.30082265, 0.45372125, 0.13700765, 0.0054582 ,
       0.04594558, 0.12146215]), 'ST_conf': array([0.0221308 , 0.03119272, 0.03875544, 0.01575034, 0.00148853,
       0.00659484, 0.01164763]), 'S2': array([[        nan, -0.00841125,  0.01521791, -0.00951671, -0.01117489,
        -0.0103458 , -0.01449127],
       [        nan,         nan,  0.05692268, -0.00332476,  0.00952618,
        -0.00208112, -0.00235749],
       [        nan,         nan,         nan, -0.00974841, -0.00574112,
         0.00158253, -0.00131929],
       [        nan,         nan,         nan,         nan, -0.0014974 ,
        -0.00246468,  0.00637898],
       [        nan,         nan,         nan,         nan,         nan,
        -0.00053486,  0.00222878],
       [        nan,         nan,         nan,         nan,         nan,
                nan, -0.00294595],
       [        nan,         nan,         nan,         nan,         nan,
                nan,         nan]]), 'S2_conf': array([[       nan, 0.05595512, 0.04969198, 0.05425542, 0.04934418,
        0.05166119, 0.05523356],
       [       nan,        nan, 0.05908463, 0.04986488, 0.0496428 ,
        0.04921119, 0.05209308],
       [       nan,        nan,        nan, 0.06929427, 0.06796464,
        0.06715827, 0.06726227],
       [       nan,        nan,        nan,        nan, 0.04426541,
        0.04518075, 0.04388296],
       [       nan,        nan,        nan,        nan,        nan,
        0.00735905, 0.00743911],
       [       nan,        nan,        nan,        nan,        nan,
               nan, 0.02422044],
       [       nan,        nan,        nan,        nan,        nan,
               nan,        nan]])}, {'S1': array([0.14218781, 0.16678517, 0.34300113, 0.13297385, 0.00072275,
       0.01573697, 0.0956244 ]), 'S1_conf': array([0.03542519, 0.03484368, 0.04424218, 0.03534771, 0.0073149 ,
       0.01856077, 0.02821542]), 'ST': array([0.19406418, 0.24538694, 0.42054876, 0.21399757, 0.01283069,
       0.05762354, 0.17275607]), 'ST_conf': array([0.01806278, 0.02028603, 0.04032673, 0.02225527, 0.0027502 ,
       0.00850042, 0.01839383]), 'S2': array([[        nan, -0.02651937, -0.01666723, -0.01643811, -0.01987491,
        -0.0210205 , -0.01575076],
       [        nan,         nan, -0.00225431, -0.01371028, -0.01371028,
        -0.01050261, -0.00660758],
       [        nan,         nan,         nan,  0.0011009 , -0.00096118,
         0.0011009 , -0.01012595],
       [        nan,         nan,         nan,         nan, -0.01044412,
        -0.01113148, -0.00082111],
       [        nan,         nan,         nan,         nan,         nan,
         0.00179756,  0.0034014 ],
       [        nan,         nan,         nan,         nan,         nan,
                nan, -0.00336452],
       [        nan,         nan,         nan,         nan,         nan,
                nan,         nan]]), 'S2_conf': array([[       nan, 0.05164881, 0.058742  , 0.05743297, 0.05010369,
        0.04997854, 0.0510082 ],
       [       nan,        nan, 0.05679019, 0.05910134, 0.04911845,
        0.05137417, 0.04854594],
       [       nan,        nan,        nan, 0.06553686, 0.062568  ,
        0.06593034, 0.06220644],
       [       nan,        nan,        nan,        nan, 0.03673608,
        0.03727672, 0.04035623],
       [       nan,        nan,        nan,        nan,        nan,
        0.00956722, 0.00989596],
       [       nan,        nan,        nan,        nan,        nan,
               nan, 0.02696024],
       [       nan,        nan,        nan,        nan,        nan,
               nan,        nan]])}, {'S1': array([0.09399976, 0.05791175, 0.27357201, 0.08057289, 0.00296997,
       0.01029861, 0.05729185]), 'S1_conf': array([0.04546919, 0.03823788, 0.06938504, 0.0353152 , 0.01117157,
       0.01668005, 0.04999295]), 'ST': array([0.33661202, 0.20663964, 0.63867442, 0.25895764, 0.0246783 ,
       0.08686762, 0.24711205]), 'ST_conf': array([0.04843279, 0.0370699 , 0.07753299, 0.04255842, 0.00804772,
       0.01723243, 0.03588307]), 'S2': array([[            nan, -2.75633116e-03,  4.66002703e-02,
         9.74734121e-03,  3.82454903e-03,  1.63282214e-02,
         3.34385099e-02],
       [            nan,             nan, -9.33721135e-03,
        -7.82067101e-04, -1.72342676e-02, -5.38868324e-03,
        -1.46019155e-02],
       [            nan,             nan,             nan,
         2.29605735e-02, -9.28573947e-03,  9.79881309e-03,
        -7.31147541e-03],
       [            nan,             nan,             nan,
                    nan, -1.94050179e-02, -2.13792820e-02,
        -2.13792820e-02],
       [            nan,             nan,             nan,
                    nan,             nan, -3.43145896e-05,
        -2.66666667e-03],
       [            nan,             nan,             nan,
                    nan,             nan,             nan,
        -1.74307539e-02],
       [            nan,             nan,             nan,
                    nan,             nan,             nan,
                    nan]]), 'S2_conf': array([[       nan, 0.05965564, 0.07650385, 0.06247835, 0.05755049,
        0.05300975, 0.06543328],
       [       nan,        nan, 0.06142432, 0.05112219, 0.04864207,
        0.04831384, 0.04736364],
       [       nan,        nan,        nan, 0.11035961, 0.10002984,
        0.10019607, 0.10342338],
       [       nan,        nan,        nan,        nan, 0.0483977 ,
        0.04892544, 0.05696247],
       [       nan,        nan,        nan,        nan,        nan,
        0.01769237, 0.01671604],
       [       nan,        nan,        nan,        nan,        nan,
               nan, 0.02863125],
       [       nan,        nan,        nan,        nan,        nan,
               nan,        nan]])}, {'S1': array([ 0.14752217,  0.0020671 ,  0.29600908,  0.08450631, -0.00374279,
       -0.00332387,  0.08279392]), 'S1_conf': array([0.05215941, 0.01958968, 0.08525057, 0.04781766, 0.01011951,
       0.02610801, 0.05278718]), 'ST': array([0.38450434, 0.04723437, 0.68572704, 0.24362991, 0.02900356,
       0.08452466, 0.27843418]), 'ST_conf': array([0.06660523, 0.01394152, 0.10273202, 0.04016523, 0.00850207,
       0.01643231, 0.04732972]), 'S2': array([[        nan,  0.00056416,  0.10663433, -0.00689389,  0.00967957,
         0.01713763,  0.01879497],
       [        nan,         nan,  0.0068205 ,  0.01096386,  0.01344988,
         0.01179254,  0.00433448],
       [        nan,         nan,         nan,  0.04600512,  0.01783023,
         0.05926389,  0.06174991],
       [        nan,         nan,         nan,         nan,  0.01163812,
         0.02241087, -0.00493534],
       [        nan,         nan,         nan,         nan,         nan,
         0.0155445 ,  0.01720185],
       [        nan,         nan,         nan,         nan,         nan,
                nan,  0.01427856],
       [        nan,         nan,         nan,         nan,         nan,
                nan,         nan]]), 'S2_conf': array([[       nan, 0.07527225, 0.14138445, 0.08239607, 0.07439114,
        0.07841014, 0.08871706],
       [       nan,        nan, 0.02830108, 0.02410286, 0.02661234,
        0.02734685, 0.02359943],
       [       nan,        nan,        nan, 0.13575092, 0.1145529 ,
        0.1177818 , 0.13599732],
       [       nan,        nan,        nan,        nan, 0.06626131,
        0.06706592, 0.0792963 ],
       [       nan,        nan,        nan,        nan,        nan,
        0.01718603, 0.01647043],
       [       nan,        nan,        nan,        nan,        nan,
               nan, 0.03803456],
       [       nan,        nan,        nan,        nan,        nan,
               nan,        nan]])}, {'S1': array([ 0.20902318,  0.01662639,  0.46333551,  0.08318651, -0.00076946,
        0.04210169,  0.10965051]), 'S1_conf': array([0.03681775, 0.01885087, 0.0545777 , 0.03160509, 0.01104243,
       0.02195298, 0.02578211]), 'ST': array([0.27554177, 0.04700685, 0.54035207, 0.14948481, 0.02765998,
       0.08524715, 0.17548217]), 'ST_conf': array([0.02172484, 0.0060307 , 0.03808607, 0.01639699, 0.00493221,
       0.00936653, 0.01512896]), 'S2': array([[        nan, -0.01646152, -0.01132251, -0.00890415, -0.01676382,
        -0.01313628, -0.0058812 ],
       [        nan,         nan, -0.00527626, -0.00981068, -0.00981068,
        -0.00950839, -0.00769462],
       [        nan,         nan,         nan,  0.00277555,  0.01063522,
        -0.00054969,  0.00217096],
       [        nan,         nan,         nan,         nan,  0.00244511,
         0.00184052,  0.01151395],
       [        nan,         nan,         nan,         nan,         nan,
         0.00953601,  0.01134978],
       [        nan,         nan,         nan,         nan,         nan,
                nan,  0.0041218 ],
       [        nan,         nan,         nan,         nan,         nan,
                nan,         nan]]), 'S2_conf': array([[       nan, 0.05828993, 0.06506027, 0.05651588, 0.05638978,
        0.06088297, 0.06064305],
       [       nan,        nan, 0.02466772, 0.02448159, 0.02392262,
        0.02286895, 0.02570539],
       [       nan,        nan,        nan, 0.07980491, 0.07117452,
        0.07458334, 0.07656119],
       [       nan,        nan,        nan,        nan, 0.03914355,
        0.04329542, 0.04374538],
       [       nan,        nan,        nan,        nan,        nan,
        0.01590779, 0.01804419],
       [       nan,        nan,        nan,        nan,        nan,
               nan, 0.03338272],
       [       nan,        nan,        nan,        nan,        nan,
               nan,        nan]])}, {'S1': array([ 0.11853119,  0.03841181,  0.37160593,  0.03324115, -0.00197311,
        0.0543173 ,  0.0541007 ]), 'S1_conf': array([0.04556857, 0.03712138, 0.07553077, 0.02319853, 0.0162974 ,
       0.03665666, 0.03205292]), 'ST': array([0.29368202, 0.19099746, 0.64297617, 0.1162231 , 0.03395047,
       0.18704004, 0.20224485]), 'ST_conf': array([0.04300854, 0.03100274, 0.06687335, 0.02342682, 0.01076569,
       0.0293121 , 0.03269589]), 'S2': array([[        nan, -0.04601405,  0.01022293, -0.04309806, -0.03809922,
        -0.02393583, -0.02101984],
       [        nan,         nan, -0.00049815,  0.00949953,  0.02199664,
        -0.00258101,  0.02074693],
       [        nan,         nan,         nan, -0.01331872, -0.02040041,
        -0.02081698,  0.00542694],
       [        nan,         nan,         nan,         nan,  0.00100496,
         0.0018381 ,  0.00225467],
       [        nan,         nan,         nan,         nan,         nan,
         0.00572224,  0.00780509],
       [        nan,         nan,         nan,         nan,         nan,
                nan, -0.0002953 ],
       [        nan,         nan,         nan,         nan,         nan,
                nan,         nan]]), 'S2_conf': array([[       nan, 0.06174069, 0.06578086, 0.05394748, 0.05182801,
        0.05859064, 0.05413523],
       [       nan,        nan, 0.0673825 , 0.05374061, 0.05220182,
        0.05791534, 0.05251406],
       [       nan,        nan,        nan, 0.10280576, 0.09243363,
        0.10556025, 0.09814306],
       [       nan,        nan,        nan,        nan, 0.03493121,
        0.03731979, 0.03846524],
       [       nan,        nan,        nan,        nan,        nan,
        0.02121163, 0.02324431],
       [       nan,        nan,        nan,        nan,        nan,
               nan, 0.05316331],
       [       nan,        nan,        nan,        nan,        nan,
               nan,        nan]])}, {'S1': array([0.20080984, 0.16043006, 0.31133813, 0.03212648, 0.00369693,
       0.06340262, 0.05475826]), 'S1_conf': array([0.0382973 , 0.04180922, 0.05443273, 0.02369619, 0.01182266,
       0.02815481, 0.03126979]), 'ST': array([0.33834097, 0.27070711, 0.46725729, 0.08754637, 0.02574893,
       0.13646934, 0.14350738]), 'ST_conf': array([0.0361241 , 0.03385493, 0.03847952, 0.01353152, 0.00572069,
       0.01727716, 0.02075778]), 'S2': array([[        nan, -0.01381916,  0.03905198, -0.00969933, -0.00214631,
        -0.01004265,  0.02394594],
       [        nan,         nan, -0.01187292, -0.01427616, -0.01187292,
        -0.02182918, -0.01084297],
       [        nan,         nan,         nan,  0.0176275 ,  0.03033031,
         0.01247772,  0.01831414],
       [        nan,         nan,         nan,         nan, -0.01406244,
        -0.01955555, -0.01406244],
       [        nan,         nan,         nan,         nan,         nan,
        -0.00105724,  0.00031604],
       [        nan,         nan,         nan,         nan,         nan,
                nan, -0.02051275],
       [        nan,         nan,         nan,         nan,         nan,
                nan,         nan]]), 'S2_conf': array([[       nan, 0.0577408 , 0.06861537, 0.05142617, 0.04949088,
        0.05529531, 0.05223604],
       [       nan,        nan, 0.05687813, 0.04948778, 0.04877822,
        0.05230391, 0.04903056],
       [       nan,        nan,        nan, 0.0880532 , 0.08175728,
        0.08089708, 0.08216133],
       [       nan,        nan,        nan,        nan, 0.03349356,
        0.03469825, 0.03438201],
       [       nan,        nan,        nan,        nan,        nan,
        0.01879768, 0.01720956],
       [       nan,        nan,        nan,        nan,        nan,
               nan, 0.0473044 ],
       [       nan,        nan,        nan,        nan,        nan,
               nan,        nan]])}, {'S1': array([ 0.23705196,  0.15057236,  0.24828334,  0.02529081, -0.00205761,
        0.04714875,  0.04690189]), 'S1_conf': array([0.04626024, 0.04095901, 0.04566652, 0.02516235, 0.01281598,
       0.03030523, 0.02556053]), 'ST': array([0.40340817, 0.26260726, 0.39421239, 0.09557578, 0.02351707,
       0.1554237 , 0.12828862]), 'ST_conf': array([0.03993008, 0.02616209, 0.04103137, 0.01323018, 0.00476541,
       0.02539247, 0.01815853]), 'S2': array([[        nan,  0.04342319,  0.03287066,  0.03829768,  0.02834815,
         0.05035771,  0.02925265],
       [        nan,         nan, -0.02216826, -0.0366403 , -0.04176581,
        -0.03483129, -0.03935381],
       [        nan,         nan,         nan,  0.01043085,  0.01103386,
         0.01012935,  0.00922485],
       [        nan,         nan,         nan,         nan, -0.00866418,
        -0.00444317, -0.00715668],
       [        nan,         nan,         nan,         nan,         nan,
        -0.0022163 , -0.0034223 ],
       [        nan,         nan,         nan,         nan,         nan,
                nan,  0.0220025 ],
       [        nan,         nan,         nan,         nan,         nan,
                nan,         nan]]), 'S2_conf': array([[       nan, 0.06337479, 0.07081774, 0.06358198, 0.05995737,
        0.0667061 , 0.06097288],
       [       nan,        nan, 0.06418864, 0.06040527, 0.06061382,
        0.06076748, 0.06472371],
       [       nan,        nan,        nan, 0.06529516, 0.06135105,
        0.06327118, 0.05876972],
       [       nan,        nan,        nan,        nan, 0.03444545,
        0.03645652, 0.03646565],
       [       nan,        nan,        nan,        nan,        nan,
        0.01925403, 0.0187935 ],
       [       nan,        nan,        nan,        nan,        nan,
               nan, 0.04313494],
       [       nan,        nan,        nan,        nan,        nan,
               nan,        nan]])}, {'S1': array([ 0.45018455,  0.07063315,  0.3487572 ,  0.00551195, -0.00298138,
        0.0546358 ,  0.0035129 ]), 'S1_conf': array([0.05746571, 0.02577071, 0.04938464, 0.0105461 , 0.00671543,
       0.02751173, 0.0124626 ]), 'ST': array([0.52647436, 0.09779389, 0.43163944, 0.02234021, 0.00761934,
       0.1264219 , 0.022932  ]), 'ST_conf': array([0.04363501, 0.00891083, 0.03702039, 0.00315572, 0.00137108,
       0.01367017, 0.00286854]), 'S2': array([[        nan, -0.011399  ,  0.02588399, -0.01494976, -0.01095516,
         0.00028892, -0.00873593],
       [        nan,         nan, -0.016362  , -0.02272378, -0.02316762,
        -0.01902507, -0.02109634],
       [        nan,         nan,         nan,  0.00738895,  0.00487383,
         0.01419458,  0.00590947],
       [        nan,         nan,         nan,         nan,  0.00584919,
         0.00392586,  0.0055533 ],
       [        nan,         nan,         nan,         nan,         nan,
         0.00259782,  0.00171012],
       [        nan,         nan,         nan,         nan,         nan,
                nan,  0.02540428],
       [        nan,         nan,         nan,         nan,         nan,
                nan,         nan]]), 'S2_conf': array([[       nan, 0.07409231, 0.08182038, 0.07471059, 0.07347988,
        0.0769008 , 0.07359937],
       [       nan,        nan, 0.04018315, 0.03633271, 0.03717183,
        0.03725178, 0.03696858],
       [       nan,        nan,        nan, 0.06393755, 0.0632541 ,
        0.06457915, 0.06466823],
       [       nan,        nan,        nan,        nan, 0.0144098 ,
        0.01521507, 0.01438748],
       [       nan,        nan,        nan,        nan,        nan,
        0.01001548, 0.00892896],
       [       nan,        nan,        nan,        nan,        nan,
               nan, 0.03550457],
       [       nan,        nan,        nan,        nan,        nan,
               nan,        nan]])}, {'S1': array([0.60954567, 0.03939507, 0.11990316, 0.02231236, 0.01817614,
       0.10627991, 0.01692973]), 'S1_conf': array([0.06066573, 0.02861686, 0.03981293, 0.02116279, 0.01791607,
       0.03944051, 0.02601418]), 'ST': array([0.77778323, 0.16606265, 0.31009658, 0.07391859, 0.05851731,
       0.26698054, 0.15197933]), 'ST_conf': array([0.05310741, 0.01850725, 0.02643799, 0.01245833, 0.01046991,
       0.02418233, 0.01722072]), 'S2': array([[        nan, -0.00029739,  0.02734206, -0.00413829, -0.00285799,
        -0.00602109, -0.00993731],
       [        nan,         nan, -0.01363201, -0.02553129, -0.02387442,
        -0.02063601, -0.02861907],
       [        nan,         nan,         nan,  0.031303  ,  0.03604764,
         0.04583819,  0.04177135],
       [        nan,         nan,         nan,         nan, -0.00848068,
        -0.00335947, -0.00991161],
       [        nan,         nan,         nan,         nan,         nan,
        -0.02226689, -0.02445094],
       [        nan,         nan,         nan,         nan,         nan,
                nan, -0.0200242 ],
       [        nan,         nan,         nan,         nan,         nan,
                nan,         nan]]), 'S2_conf': array([[       nan, 0.07564324, 0.0854134 , 0.07854163, 0.07387965,
        0.08932437, 0.08088408],
       [       nan,        nan, 0.03788923, 0.04300863, 0.04277509,
        0.04188989, 0.04176493],
       [       nan,        nan,        nan, 0.06177839, 0.06182963,
        0.06118531, 0.05677629],
       [       nan,        nan,        nan,        nan, 0.02997282,
        0.02988455, 0.0288923 ],
       [       nan,        nan,        nan,        nan,        nan,
        0.02613548, 0.02319876],
       [       nan,        nan,        nan,        nan,        nan,
               nan, 0.055062  ],
       [       nan,        nan,        nan,        nan,        nan,
               nan,        nan]])}, {'S1': array([ 0.63109364,  0.03643864,  0.2033608 ,  0.00537679, -0.00083129,
        0.04113151,  0.00095438]), 'S1_conf': array([0.06127096, 0.02508099, 0.04247346, 0.01471518, 0.00819576,
       0.02318444, 0.01568801]), 'ST': array([0.74053941, 0.09284159, 0.29682101, 0.04758687, 0.01227153,
       0.10244781, 0.04517143]), 'ST_conf': array([0.05603438, 0.0113963 , 0.03219497, 0.00797391, 0.00464085,
       0.0117606 , 0.00643617]), 'S2': array([[        nan, -0.03419599, -0.00482207, -0.03652814, -0.02764378,
        -0.0232016 , -0.02370134],
       [        nan,         nan, -0.02805241, -0.02311048, -0.01916805,
        -0.01666932, -0.0192791 ],
       [        nan,         nan,         nan, -0.0130092 , -0.00606829,
        -0.00207032, -0.00368062],
       [        nan,         nan,         nan,         nan, -0.00688376,
        -0.01015987, -0.00977118],
       [        nan,         nan,         nan,         nan,         nan,
         0.00705358,  0.00683147],
       [        nan,         nan,         nan,         nan,         nan,
                nan,  0.00139519],
       [        nan,         nan,         nan,         nan,         nan,
                nan,         nan]]), 'S2_conf': array([[       nan, 0.08876621, 0.09328263, 0.08717508, 0.08416356,
        0.08681649, 0.08785374],
       [       nan,        nan, 0.03596578, 0.03354672, 0.0340127 ,
        0.03681818, 0.03547793],
       [       nan,        nan,        nan, 0.05635174, 0.05529259,
        0.05672024, 0.05581903],
       [       nan,        nan,        nan,        nan, 0.02179478,
        0.02103172, 0.02192897],
       [       nan,        nan,        nan,        nan,        nan,
        0.01020413, 0.01136017],
       [       nan,        nan,        nan,        nan,        nan,
               nan, 0.02894123],
       [       nan,        nan,        nan,        nan,        nan,
               nan,        nan]])}, {'S1': array([ 0.62516294,  0.06759163,  0.13408714,  0.00482267, -0.00119503,
        0.01203342,  0.00153328]), 'S1_conf': array([0.07298367, 0.03115347, 0.03217967, 0.01368323, 0.00652812,
       0.01716819, 0.0181328 ]), 'ST': array([0.7447003 , 0.15188725, 0.22811219, 0.04683346, 0.007234  ,
       0.06178373, 0.05173651]), 'ST_conf': array([0.05479583, 0.02025287, 0.02753757, 0.00611289, 0.00219655,
       0.00812109, 0.00593175]), 'S2': array([[        nan,  0.02090985,  0.02487516,  0.01046074, -0.0010065 ,
         0.00745997,  0.00729921],
       [        nan,         nan,  0.00824956,  0.00712427,  0.00851749,
         0.00948202,  0.00760654],
       [        nan,         nan,         nan,  0.00603421, -0.00173565,
        -0.00736209,  0.00067569],
       [        nan,         nan,         nan,         nan, -0.00080971,
        -0.00129197, -0.00182782],
       [        nan,         nan,         nan,         nan,         nan,
         0.00167788,  0.00216015],
       [        nan,         nan,         nan,         nan,         nan,
                nan,  0.00547313],
       [        nan,         nan,         nan,         nan,         nan,
                nan,         nan]]), 'S2_conf': array([[       nan, 0.09966009, 0.11420126, 0.1044474 , 0.10529852,
        0.10752247, 0.10494023],
       [       nan,        nan, 0.04368435, 0.04229888, 0.04155139,
        0.04137842, 0.04138851],
       [       nan,        nan,        nan, 0.05047959, 0.0506806 ,
        0.05292337, 0.04959107],
       [       nan,        nan,        nan,        nan, 0.02024281,
        0.01998662, 0.02064244],
       [       nan,        nan,        nan,        nan,        nan,
        0.00897904, 0.00838543],
       [       nan,        nan,        nan,        nan,        nan,
               nan, 0.02448168],
       [       nan,        nan,        nan,        nan,        nan,
               nan,        nan]])}, {'S1': array([ 5.34971315e-01,  2.09723310e-01,  1.32174107e-01, -3.03520037e-03,
        2.67709931e-03,  2.41608302e-03,  3.97581011e-04]), 'S1_conf': array([0.05568241, 0.04303093, 0.0284353 , 0.0175669 , 0.00469496,
       0.01904924, 0.01914615]), 'ST': array([0.61066433, 0.29181567, 0.21278686, 0.05448807, 0.00639144,
       0.05826666, 0.05878923]), 'ST_conf': array([0.04428707, 0.03041273, 0.02274086, 0.00585806, 0.00159548,
       0.00932945, 0.00661638]), 'S2': array([[        nan, -0.03400883, -0.01760815, -0.03002926, -0.03344607,
        -0.0291449 , -0.02910471],
       [        nan,         nan,  0.03033406,  0.01755117,  0.0169482 ,
         0.01638543,  0.03013307],
       [        nan,         nan,         nan,  0.0065744 , -0.0007014 ,
        -0.00701245,  0.00267522],
       [        nan,         nan,         nan,         nan,  0.00759845,
         0.00719648,  0.00824162],
       [        nan,         nan,         nan,         nan,         nan,
        -0.00649607, -0.00549112],
       [        nan,         nan,         nan,         nan,         nan,
                nan,  0.01687938],
       [        nan,         nan,         nan,         nan,         nan,
                nan,         nan]]), 'S2_conf': array([[       nan, 0.08908276, 0.08684031, 0.08330668, 0.08196782,
        0.08780326, 0.08181019],
       [       nan,        nan, 0.06172181, 0.05908023, 0.06007742,
        0.06158943, 0.06073392],
       [       nan,        nan,        nan, 0.04227641, 0.04015912,
        0.03983474, 0.04105733],
       [       nan,        nan,        nan,        nan, 0.02128177,
        0.0209158 , 0.0212485 ],
       [       nan,        nan,        nan,        nan,        nan,
        0.00666891, 0.00641183],
       [       nan,        nan,        nan,        nan,        nan,
               nan, 0.02483411],
       [       nan,        nan,        nan,        nan,        nan,
               nan,        nan]])}, {'S1': array([ 0.35820765,  0.32400959,  0.10626609,  0.01012046,  0.00146787,
       -0.00143786,  0.05414085]), 'S1_conf': array([0.06047316, 0.04363656, 0.03831574, 0.02238481, 0.00636921,
       0.02029081, 0.02536204]), 'ST': array([0.4324927 , 0.44185784, 0.18896293, 0.09024099, 0.0070013 ,
       0.04678962, 0.11027048]), 'ST_conf': array([0.04818476, 0.04842467, 0.02089591, 0.01133817, 0.00186325,
       0.00852747, 0.01619131]), 'S2': array([[        nan, -0.00203274,  0.00139573, -0.02054649, -0.04035944,
        -0.02036604, -0.04198346],
       [        nan,         nan,  0.01561624,  0.01760114,  0.01644629,
         0.01954996,  0.02395284],
       [        nan,         nan,         nan,  0.00149555,  0.00012416,
         0.00268649,  0.00351655],
       [        nan,         nan,         nan,         nan,  0.01746113,
         0.01886861,  0.01962648],
       [        nan,         nan,         nan,         nan,         nan,
        -0.00127157, -0.00347301],
       [        nan,         nan,         nan,         nan,         nan,
                nan,  0.00128304],
       [        nan,         nan,         nan,         nan,         nan,
                nan,         nan]]), 'S2_conf': array([[       nan, 0.09343039, 0.09287605, 0.08973034, 0.08900258,
        0.08524258, 0.09014601],
       [       nan,        nan, 0.0594186 , 0.06392853, 0.0628111 ,
        0.06135411, 0.06241175],
       [       nan,        nan,        nan, 0.04863333, 0.04770516,
        0.04868268, 0.04793938],
       [       nan,        nan,        nan,        nan, 0.03101538,
        0.03048407, 0.0299188 ],
       [       nan,        nan,        nan,        nan,        nan,
        0.00951325, 0.00923952],
       [       nan,        nan,        nan,        nan,        nan,
               nan, 0.02728659],
       [       nan,        nan,        nan,        nan,        nan,
               nan,        nan]])}, {'S1': array([ 0.20533787,  0.45396567,  0.08063388, -0.00361063,  0.00356228,
       -0.00285258,  0.02503932]), 'S1_conf': array([0.04889523, 0.06446067, 0.02785956, 0.02597348, 0.00611332,
       0.020604  , 0.02487838]), 'ST': array([0.37841187, 0.60293599, 0.21965705, 0.10808818, 0.007453  ,
       0.09098954, 0.12173563]), 'ST_conf': array([0.05066878, 0.05269526, 0.03079348, 0.01442626, 0.00253003,
       0.01460495, 0.01317559]), 'S2': array([[        nan,  0.06204426,  0.05089425,  0.05126789,  0.03878067,
         0.03099336,  0.06208359],
       [        nan,         nan,  0.03710909,  0.02591975,  0.01176102,
         0.0025775 ,  0.02165247],
       [        nan,         nan,         nan,  0.01932709,  0.01218873,
         0.03020179,  0.01643635],
       [        nan,         nan,         nan,         nan,  0.00767944,
         0.01564373,  0.01924241],
       [        nan,         nan,         nan,         nan,         nan,
        -0.00702347, -0.0111531 ],
       [        nan,         nan,         nan,         nan,         nan,
                nan,  0.00263477],
       [        nan,         nan,         nan,         nan,         nan,
                nan,         nan]]), 'S2_conf': array([[       nan, 0.09667883, 0.08387502, 0.07724108, 0.08200977,
        0.0818125 , 0.08580044],
       [       nan,        nan, 0.09222411, 0.08987922, 0.08787875,
        0.09157565, 0.08829704],
       [       nan,        nan,        nan, 0.0397541 , 0.04026027,
        0.04081525, 0.04145053],
       [       nan,        nan,        nan,        nan, 0.0329205 ,
        0.03404704, 0.03483339],
       [       nan,        nan,        nan,        nan,        nan,
        0.00896619, 0.00929548],
       [       nan,        nan,        nan,        nan,        nan,
               nan, 0.0277636 ],
       [       nan,        nan,        nan,        nan,        nan,
               nan,        nan]])}, {'S1': array([0.118409  , 0.67001115, 0.06962744, 0.00224994, 0.00157941,
       0.00658947, 0.03359874]), 'S1_conf': array([0.03589063, 0.06915391, 0.03023376, 0.02866481, 0.00827956,
       0.02879865, 0.02487546]), 'ST': array([0.22817007, 0.81189122, 0.20912533, 0.13981803, 0.01073699,
       0.13593482, 0.12575257]), 'ST_conf': array([0.02445091, 0.05191058, 0.02341207, 0.01450286, 0.0029045 ,
       0.01581771, 0.01278405]), 'S2': array([[        nan,  0.00260909,  0.00676073,  0.00529334, -0.01006056,
         0.01038446,  0.0032891 ],
       [        nan,         nan,  0.00547962, -0.00187522,  0.0003885 ,
        -0.00109678, -0.00713634],
       [        nan,         nan,         nan,  0.00374667,  0.00371983,
         0.00085663, -0.00594346],
       [        nan,         nan,         nan,         nan,  0.00838935,
         0.00702038,  0.01077833],
       [        nan,         nan,         nan,         nan,         nan,
        -0.00110018, -0.00297021],
       [        nan,         nan,         nan,         nan,         nan,
                nan,  0.00617556],
       [        nan,         nan,         nan,         nan,         nan,
                nan,         nan]]), 'S2_conf': array([[       nan, 0.05491851, 0.04648006, 0.04936164, 0.04468922,
        0.04762804, 0.04536475],
       [       nan,        nan, 0.07980916, 0.0725476 , 0.07052886,
        0.08057933, 0.08004129],
       [       nan,        nan,        nan, 0.04632115, 0.04228092,
        0.04491701, 0.04299997],
       [       nan,        nan,        nan,        nan, 0.03825125,
        0.03803481, 0.03586788],
       [       nan,        nan,        nan,        nan,        nan,
        0.01083122, 0.01037687],
       [       nan,        nan,        nan,        nan,        nan,
               nan, 0.03820284],
       [       nan,        nan,        nan,        nan,        nan,
               nan,        nan]])}]
------------
{'S1': array([ 0.47729146,  0.03010948,  0.3616343 ,  0.01525892, -0.00330498,
        0.06151261,  0.0267669 ]), 'S1_conf': array([0.05439879, 0.01640517, 0.04460983, 0.01169353, 0.00451179,
       0.02009146, 0.01558624]), 'ST': array([0.4894444 , 0.03636882, 0.39411909, 0.0219502 , 0.00331956,
       0.07065524, 0.04032585]), 'ST_conf': array([0.04264053, 0.00529522, 0.03176977, 0.00262626, 0.00042681,
       0.00649004, 0.00428649]), 'S2': array([[        nan, -0.01571976,  0.00665306, -0.01563476, -0.01214521,
        -0.01042168, -0.00360312],
       [        nan,         nan, -0.01353688, -0.01033537, -0.01043453,
        -0.01336689, -0.01227139],
       [        nan,         nan,         nan,  0.00991559,  0.0133532 ,
         0.00780486,  0.01097804],
       [        nan,         nan,         nan,         nan, -0.00208462,
        -0.00124882, -0.00105522],
       [        nan,         nan,         nan,         nan,         nan,
         0.00387807,  0.00405279],
       [        nan,         nan,         nan,         nan,         nan,
                nan, -0.00131758],
       [        nan,         nan,         nan,         nan,         nan,
                nan,         nan]]), 'S2_conf': array([[       nan, 0.08519743, 0.1065414 , 0.08304834, 0.08258686,
        0.08533984, 0.08268039],
       [       nan,        nan, 0.0231786 , 0.02136856, 0.02108022,
        0.02158566, 0.02152498],
       [       nan,        nan,        nan, 0.07135983, 0.069947  ,
        0.07116924, 0.073104  ],
       [       nan,        nan,        nan,        nan, 0.01673437,
        0.01734839, 0.0167773 ],
       [       nan,        nan,        nan,        nan,        nan,
        0.00651057, 0.00629047],
       [       nan,        nan,        nan,        nan,        nan,
               nan, 0.02713259],
       [       nan,        nan,        nan,        nan,        nan,
               nan,        nan]])}
------------
{'S1': array([ 0.04886969,  0.66540201,  0.05963613,  0.06851787, -0.00092564,
        0.00632628,  0.1203547 ]), 'S1_conf': array([0.01967346, 0.07523108, 0.02214926, 0.02105457, 0.00310471,
       0.00980158, 0.02684758]), 'ST': array([0.06573492, 0.71316635, 0.07803621, 0.09707525, 0.00277844,
       0.01554653, 0.1380825 ]), 'ST_conf': array([0.0085837 , 0.05615566, 0.01005404, 0.01023482, 0.00044828,
       0.00167857, 0.01284222]), 'S2': array([[        nan, -0.00227905, -0.00486681, -0.00535857, -0.00458779,
        -0.00369025, -0.00434399],
       [        nan,         nan,  0.00333469,  0.00117295, -0.00367445,
        -0.00260523, -0.00119847],
       [        nan,         nan,         nan,  0.00098627,  0.00017   ,
         0.00035417, -0.00273866],
       [        nan,         nan,         nan,         nan,  0.0042163 ,
         0.00540007,  0.00504144],
       [        nan,         nan,         nan,         nan,         nan,
         0.00141026,  0.00123802],
       [        nan,         nan,         nan,         nan,         nan,
                nan,  0.00084521],
       [        nan,         nan,         nan,         nan,         nan,
                nan,         nan]]), 'S2_conf': array([[       nan, 0.0367943 , 0.02722984, 0.02811476, 0.02684433,
        0.02753146, 0.02721077],
       [       nan,        nan, 0.11588398, 0.11427391, 0.10993415,
        0.11082999, 0.11562311],
       [       nan,        nan,        nan, 0.03423642, 0.03365729,
        0.03446286, 0.03482236],
       [       nan,        nan,        nan,        nan, 0.03357645,
        0.03340962, 0.03607386],
       [       nan,        nan,        nan,        nan,        nan,
        0.00495333, 0.0050283 ],
       [       nan,        nan,        nan,        nan,        nan,
               nan, 0.01540391],
       [       nan,        nan,        nan,        nan,        nan,
               nan,        nan]])}
------------
{'S1': array([nan, nan, nan, nan, nan, nan, nan]), 'S1_conf': array([nan, nan, nan, nan, nan, nan, nan]), 'ST': array([nan, nan, nan, nan, nan, nan, nan]), 'ST_conf': array([nan, nan, nan, nan, nan, nan, nan]), 'S2': array([[nan, nan, nan, nan, nan, nan, nan],
       [nan, nan, nan, nan, nan, nan, nan],
       [nan, nan, nan, nan, nan, nan, nan],
       [nan, nan, nan, nan, nan, nan, nan],
       [nan, nan, nan, nan, nan, nan, nan],
       [nan, nan, nan, nan, nan, nan, nan],
       [nan, nan, nan, nan, nan, nan, nan]]), 'S2_conf': array([[nan, nan, nan, nan, nan, nan, nan],
       [nan, nan, nan, nan, nan, nan, nan],
       [nan, nan, nan, nan, nan, nan, nan],
       [nan, nan, nan, nan, nan, nan, nan],
       [nan, nan, nan, nan, nan, nan, nan],
       [nan, nan, nan, nan, nan, nan, nan],
       [nan, nan, nan, nan, nan, nan, nan]])}
------------
