[{'S1': array([ 0.04216074,  0.02305665, -0.21080369, -0.08432148,  0.        ,
        0.        ,  0.        ]), 'S1_conf': array([0.99624808, 2.67289413, 0.52548265, 0.11694745, 0.        ,
       0.        , 0.        ]), 'ST': array([0.14756258, 0.1370224 , 0.2740448 , 0.08432148, 0.        ,
       0.        , 0.        ]), 'ST_conf': array([0.94024616, 3.66104357, 1.07420646, 0.3460136 , 0.        ,
       0.        , 0.        ]), 'S2': array([[        nan,  0.33135705,  0.33135705, -0.17457181, -0.00592885,
        -0.00592885, -0.00592885],
       [        nan,         nan, -0.0171278 ,  0.3201581 ,  0.3201581 ,
         0.3201581 ,  0.3201581 ],
       [        nan,         nan,         nan,  0.73386034,  0.81818182,
         0.81818182,  0.81818182],
       [        nan,         nan,         nan,         nan,  0.46772069,
         0.46772069,  0.46772069],
       [        nan,         nan,         nan,         nan,         nan,
         0.        ,  0.        ],
       [        nan,         nan,         nan,         nan,         nan,
                nan,  0.25296443],
       [        nan,         nan,         nan,         nan,         nan,
                nan,         nan]]), 'S2_conf': array([[       nan, 6.24585464, 1.81199683, 3.66554496, 3.68807297,
        3.68807297, 3.68807297],
       [       nan,        nan, 2.75425334, 3.78305262, 3.78305262,
        3.78305262, 3.78305262],
       [       nan,        nan,        nan, 1.47278703, 1.62049284,
        1.62049284, 1.62049284],
       [       nan,        nan,        nan,        nan, 1.2096202 ,
        1.2096202 , 1.2096202 ],
       [       nan,        nan,        nan,        nan,        nan,
        0.        , 0.        ],
       [       nan,        nan,        nan,        nan,        nan,
               nan, 0.4698293 ],
       [       nan,        nan,        nan,        nan,        nan,
               nan,        nan]])}, {'S1': array([-0.06007509,  0.10262829, -0.14893617, -0.12015019,  0.        ,
        0.        ,  0.        ]), 'S1_conf': array([0.35806471, 0.93505287, 0.37515608, 0.12348875, 0.        ,
       0.        , 0.        ]), 'ST': array([0.42052566, 0.20025031, 0.1902378 , 0.08010013, 0.        ,
       0.        , 0.        ]), 'ST_conf': array([1.78175973, 1.25004282, 0.53769564, 0.16702029, 0.        ,
       0.        , 0.        ]), 'S2': array([[        nan,  0.51814768,  0.35794743,  0.03754693,  0.19774718,
         0.19774718,  0.19774718],
       [        nan,         nan, -0.02002503,  0.34042553,  0.34042553,
         0.34042553,  0.34042553],
       [        nan,         nan,         nan,  0.49812265,  0.45807259,
         0.45807259,  0.45807259],
       [        nan,         nan,         nan,         nan,  0.52315394,
         0.52315394,  0.52315394],
       [        nan,         nan,         nan,         nan,         nan,
         0.        ,  0.        ],
       [        nan,         nan,         nan,         nan,         nan,
                nan, -0.09136421],
       [        nan,         nan,         nan,         nan,         nan,
                nan,         nan]]), 'S2_conf': array([[       nan, 1.43612104, 1.15441024, 2.41745193, 2.51116352,
        2.51116352, 2.51116352],
       [       nan,        nan, 0.86623614, 2.49604889, 2.49604889,
        2.49604889, 2.49604889],
       [       nan,        nan,        nan, 1.94183891, 2.17847061,
        2.17847061, 2.17847061],
       [       nan,        nan,        nan,        nan, 0.98750907,
        0.98750907, 0.98750907],
       [       nan,        nan,        nan,        nan,        nan,
        0.        , 0.        ],
       [       nan,        nan,        nan,        nan,        nan,
               nan, 0.43955405],
       [       nan,        nan,        nan,        nan,        nan,
               nan,        nan]])}, {'S1': array([-0.04815574,  0.02595628, -0.15300546, -0.01331967,  0.        ,
       -0.03927596,  0.01741803]), 'S1_conf': array([1.30359188, 1.59535062, 1.26806058, 0.55251781, 0.        ,
       0.51977359, 0.29200572]), 'ST': array([0.1420765 , 0.43715847, 0.67759563, 0.09836066, 0.        ,
       0.05464481, 0.03278689]), 'ST_conf': array([1.77279962, 1.42770353, 3.97056236, 0.63031621, 0.        ,
       0.64966651, 0.15192961]), 'S2': array([[            nan,  3.67486339e-01,  8.48360656e-01,
        -9.15300546e-02,  6.14754098e-02,  3.23770492e-01,
         2.36338798e-01],
       [            nan,             nan, -8.19672131e-03,
         4.28961749e-01,  6.47540984e-01,  5.38251366e-01,
         5.38251366e-01],
       [            nan,             nan,             nan,
         9.18032787e-01,  1.11475410e+00,  9.83606557e-01,
         1.07103825e+00],
       [            nan,             nan,             nan,
                    nan,  5.03073770e-01,  5.68647541e-01,
         5.68647541e-01],
       [            nan,             nan,             nan,
                    nan,             nan,  0.00000000e+00,
        -3.46944695e-18],
       [            nan,             nan,             nan,
                    nan,             nan,             nan,
         3.92759563e-02],
       [            nan,             nan,             nan,
                    nan,             nan,             nan,
                    nan]]), 'S2_conf': array([[           nan, 4.02096204e+00, 1.07243644e+01, 1.67598200e+00,
        3.05984325e+00, 6.04437002e+00, 4.47751050e+00],
       [           nan,            nan, 1.74269961e+00, 2.25798297e+00,
        2.62982525e+00, 2.43755438e+00, 2.43755438e+00],
       [           nan,            nan,            nan, 1.19744198e+00,
        7.86618195e-01, 6.46405468e-01, 5.67722873e-01],
       [           nan,            nan,            nan,            nan,
        3.43434341e-01, 1.44317637e+00, 8.37489345e-01],
       [           nan,            nan,            nan,            nan,
                   nan, 1.14987265e-16, 6.25850036e-17],
       [           nan,            nan,            nan,            nan,
                   nan,            nan, 5.19773593e-01],
       [           nan,            nan,            nan,            nan,
                   nan,            nan,            nan]])}, {'S1': array([-0.11985409,  0.01563314, -0.16154247, -0.05211047,  0.        ,
        0.24387702,  0.09171443]), 'S1_conf': array([0.28172257, 1.11064169, 0.67360788, 0.06214414, 0.        ,
       0.36375878, 0.21404364]), 'ST': array([0.22928609, 0.17092236, 0.38770193, 0.05836373, 0.        ,
       0.95049505, 0.2084419 ]), 'ST_conf': array([0.19073044, 0.91195472, 0.58669271, 0.35089157, 0.        ,
       1.14691625, 0.2464124 ]), 'S2': array([[            nan, -3.67899948e-01, -1.34445023e-01,
        -1.27670662e+00, -1.40177176e+00, -1.16831683e+00,
        -1.20166754e+00],
       [            nan,             nan,  2.08441897e-03,
         2.18863992e-01,  2.52214695e-01,  1.93850964e-01,
         2.18863992e-01],
       [            nan,             nan,             nan,
         5.53413236e-01,  5.95101615e-01,  7.95205836e-01,
         6.78478374e-01],
       [            nan,             nan,             nan,
                    nan,  4.18968213e-01,  8.19176655e-01,
         5.94059406e-01],
       [            nan,             nan,             nan,
                    nan,             nan,  0.00000000e+00,
        -1.38777878e-17],
       [            nan,             nan,             nan,
                    nan,             nan,             nan,
        -1.84471079e-01],
       [            nan,             nan,             nan,
                    nan,             nan,             nan,
                    nan]]), 'S2_conf': array([[           nan, 3.15649509e+00, 2.45114187e+00, 6.93174137e+00,
        7.81443915e+00, 6.85663596e+00, 6.86692251e+00],
       [           nan,            nan, 1.71106356e+00, 1.78759794e+00,
        1.91518892e+00, 1.93238423e+00, 1.78759794e+00],
       [           nan,            nan,            nan, 1.46466058e+00,
        1.62159070e+00, 1.50141520e+00, 1.45043343e+00],
       [           nan,            nan,            nan,            nan,
        5.47872927e-01, 7.53862274e-01, 5.79188367e-01],
       [           nan,            nan,            nan,            nan,
                   nan, 4.43552184e-17, 4.44134813e-17],
       [           nan,            nan,            nan,            nan,
                   nan,            nan, 6.11827478e-01],
       [           nan,            nan,            nan,            nan,
                   nan,            nan,            nan]])}, {'S1': array([-0.04005698, -0.00274458, -0.05364091, -0.02654252,  0.        ,
       -0.02893969, -0.03234436]), 'S1_conf': array([1.32287683, 1.4181401 , 0.98527567, 1.04587413, 0.        ,
       0.03145927, 0.03516036]), 'ST': array([0.5414119 , 0.01445247, 0.18899389, 0.01334074, 0.        ,
       0.32128961, 0.40133407]), 'ST_conf': array([1.65376524, 0.47522588, 0.67134616, 0.53911418, 0.        ,
       0.34926211, 0.43627551]), 'S2': array([[       nan, 0.26149944, 0.18367843, 0.19924263, 0.21703029,
        0.06583519, 0.04804753],
       [       nan,        nan, 0.01660645, 0.05885214, 0.0610756 ,
        0.0610756 , 0.0610756 ],
       [       nan,        nan,        nan, 0.84901334, 0.87124792,
        0.37986381, 0.32205392],
       [       nan,        nan,        nan,        nan, 0.18989717,
        0.11429961, 0.10540578],
       [       nan,        nan,        nan,        nan,        nan,
        0.        , 0.        ],
       [       nan,        nan,        nan,        nan,        nan,
               nan, 0.15255003],
       [       nan,        nan,        nan,        nan,        nan,
               nan,        nan]]), 'S2_conf': array([[       nan, 3.82845224, 3.55494564, 3.65577781, 4.41161302,
        4.39026053, 4.38814638],
       [       nan,        nan, 2.63908701, 2.84101696, 3.30119937,
        3.30119937, 3.30119937],
       [       nan,        nan,        nan, 1.66966828, 2.11534311,
        2.10312819, 2.11059325],
       [       nan,        nan,        nan,        nan, 2.77656469,
        2.83982897, 2.84733535],
       [       nan,        nan,        nan,        nan,        nan,
        0.        , 0.        ],
       [       nan,        nan,        nan,        nan,        nan,
               nan, 0.7089038 ],
       [       nan,        nan,        nan,        nan,        nan,
               nan,        nan]])}, {'S1': array([-0.42645358,  0.02686363, -0.39774997, -0.19535275,  0.03201556,
       -0.35485228,  0.07238986]), 'S1_conf': array([4.65414816, 0.97782376, 3.7055312 , 2.47078248, 0.30517767,
       2.59335995, 0.31941106]), 'ST': array([0.5585112 , 0.07149616, 0.59383871, 0.06224372, 0.00084113,
       0.16990853, 0.00252339]), 'ST_conf': array([4.4605285 , 0.70332114, 6.29706288, 0.50916513, 0.0080178 ,
       1.38256212, 0.01107927]), 'S2': array([[        nan,  0.30554095,  0.91283777,  0.29544738,  0.12385659,
         0.66890968,  0.05656608],
       [        nan,         nan, -0.42776785, -0.09131532, -0.08626853,
        -0.27299968, -0.08122174],
       [        nan,         nan,         nan,  0.41982967,  0.43497003,
         0.34244559,  0.44674587],
       [        nan,         nan,         nan,         nan,  0.44043739,
         0.41352119,  0.42025024],
       [        nan,         nan,         nan,         nan,         nan,
        -0.03201556, -0.03201556],
       [        nan,         nan,         nan,         nan,         nan,
                nan,  0.66501945],
       [        nan,         nan,         nan,         nan,         nan,
                nan,         nan]]), 'S2_conf': array([[       nan, 3.0741063 , 6.14212447, 3.79947746, 3.54827202,
        3.58929055, 3.66816145],
       [       nan,        nan, 4.7188183 , 1.99274255, 1.99172441,
        3.40208307, 1.99220234],
       [       nan,        nan,        nan, 4.34508857, 4.44198814,
        3.75471669, 4.49059353],
       [       nan,        nan,        nan,        nan, 2.79975891,
        2.54429078, 2.80622754],
       [       nan,        nan,        nan,        nan,        nan,
        0.30517767, 0.30517767],
       [       nan,        nan,        nan,        nan,        nan,
               nan, 2.61438322],
       [       nan,        nan,        nan,        nan,        nan,
               nan,        nan]])}, {'S1': array([-0.50507346,  0.3237363 , -0.45863421, -0.27156997,  0.        ,
       -0.63433765, -0.40525398]), 'S1_conf': array([2.49649785, 1.24111812, 1.68492863, 1.36726857, 0.        ,
       2.6767814 , 1.55489723]), 'ST': array([0.48306773, 0.18426295, 0.4750996 , 0.48306773, 0.        ,
       0.87250996, 0.4063745 ]), 'ST_conf': array([1.58469312, 0.47217673, 1.35839216, 0.94975456, 0.        ,
       1.65881279, 1.37882531]), 'S2': array([[        nan,  0.57734686,  1.34427913,  0.9857134 ,  0.4299365 ,
         1.01160981,  1.33830304],
       [        nan,         nan,  0.00199203,  0.01195219,  0.01195219,
         0.65936255, -0.06772908],
       [        nan,         nan,         nan,  0.9376245 ,  1.11093127,
         0.92965637,  0.98344124],
       [        nan,         nan,         nan,         nan,  0.21236927,
         0.59882346,  0.68248879],
       [        nan,         nan,         nan,         nan,         nan,
         0.        ,  0.        ],
       [        nan,         nan,         nan,         nan,         nan,
                nan,  1.84645792],
       [        nan,         nan,         nan,         nan,         nan,
                nan,         nan]]), 'S2_conf': array([[           nan, 2.64498707e+00, 3.27375004e+00, 3.12710050e+00,
        2.58677378e+00, 3.22718717e+00, 3.31730957e+00],
       [           nan,            nan, 9.50817652e-01, 2.57212256e+00,
        2.57212256e+00, 2.17487987e+00, 2.50996038e+00],
       [           nan,            nan,            nan, 1.59782385e+00,
        1.57753542e+00, 1.73684616e+00, 1.43691611e+00],
       [           nan,            nan,            nan,            nan,
        8.08798335e-01, 2.41621398e+00, 2.46977007e+00],
       [           nan,            nan,            nan,            nan,
                   nan, 5.28502623e-17, 1.18096125e-16],
       [           nan,            nan,            nan,            nan,
                   nan,            nan, 3.00939573e+00],
       [           nan,            nan,            nan,            nan,
                   nan,            nan,            nan]])}, {'S1': array([ 0.12522727, -0.01772727, -0.15181818, -0.11318182,  0.        ,
        0.        , -0.00886364]), 'S1_conf': array([2.17013012, 1.56530252, 2.21550226, 0.71118344, 0.        ,
       0.        , 0.12119884]), 'ST': array([0.18181818, 0.14545455, 0.20363636, 0.10181818, 0.        ,
       0.        , 0.02181818]), 'ST_conf': array([1.17424194, 0.7005239 , 0.93889321, 0.34389973, 0.        ,
       0.        , 0.0561819 ]), 'S2': array([[            nan, -1.47954545e-01, -1.18863636e-01,
        -2.78863636e-01, -2.64318182e-01, -2.64318182e-01,
        -2.93409091e-01],
       [            nan,             nan,  3.54545455e-02,
         1.95454545e-01,  2.10000000e-01,  2.10000000e-01,
         1.66363636e-01],
       [            nan,             nan,             nan,
         5.25000000e-01,  5.54090909e-01,  5.54090909e-01,
         5.25000000e-01],
       [            nan,             nan,             nan,
                    nan,  6.36818182e-01,  6.36818182e-01,
         5.49545455e-01],
       [            nan,             nan,             nan,
                    nan,             nan,  0.00000000e+00,
         6.93889390e-18],
       [            nan,             nan,             nan,
                    nan,             nan,             nan,
         1.10681818e-01],
       [            nan,             nan,             nan,
                    nan,             nan,             nan,
                    nan]]), 'S2_conf': array([[           nan, 5.12703298e+00, 4.25290945e+00, 5.97182842e+00,
        6.83412347e+00, 6.83412347e+00, 6.82821425e+00],
       [           nan,            nan, 2.09373986e+00, 2.37075873e+00,
        2.58397463e+00, 2.58397463e+00, 2.60975423e+00],
       [           nan,            nan,            nan, 2.23692241e+00,
        2.44591115e+00, 2.44591115e+00, 2.35047745e+00],
       [           nan,            nan,            nan,            nan,
        1.01165846e+00, 1.01165846e+00, 8.85992545e-01],
       [           nan,            nan,            nan,            nan,
                   nan, 0.00000000e+00, 1.87026369e-17],
       [           nan,            nan,            nan,            nan,
                   nan,            nan, 2.10094008e-01],
       [           nan,            nan,            nan,            nan,
                   nan,            nan,            nan]])}, {'S1': array([ 9.07051282e-02, -9.70440453e-16, -1.78846154e-01, -5.57692308e-02,
        0.00000000e+00,  0.00000000e+00,  3.81410256e-02]), 'S1_conf': array([1.41800807, 1.02207731, 0.88656704, 0.13376854, 0.        ,
       0.        , 0.31254296]), 'ST': array([0.46153846, 0.08205128, 0.1025641 , 0.1025641 , 0.        ,
       0.        , 0.01025641]), 'ST_conf': array([2.40565972, 0.66160792, 0.74783113, 0.54024378, 0.        ,
       0.        , 0.08404517]), 'S2': array([[            nan, -1.25961538e-01, -8.49358974e-02,
        -3.92628205e-01, -3.31089744e-01, -3.31089744e-01,
        -4.13141026e-01],
       [            nan,             nan,  5.86538462e-02,
         2.43269231e-01,  2.43269231e-01,  2.43269231e-01,
         3.04807692e-01],
       [            nan,             nan,             nan,
         6.79807692e-01,  6.18269231e-01,  6.18269231e-01,
         6.59294872e-01],
       [            nan,             nan,             nan,
                    nan,  5.83333333e-01,  5.83333333e-01,
         5.83333333e-01],
       [            nan,             nan,             nan,
                    nan,             nan,  0.00000000e+00,
        -6.93889390e-18],
       [            nan,             nan,             nan,
                    nan,             nan,             nan,
         1.99358974e-01],
       [            nan,             nan,             nan,
                    nan,             nan,             nan,
                    nan]]), 'S2_conf': array([[           nan, 2.59788062e+00, 1.86001129e+00, 3.76751363e+00,
        3.72046412e+00, 3.72046412e+00, 4.37159803e+00],
       [           nan,            nan, 1.22982896e+00, 2.54544157e+00,
        2.54544157e+00, 2.54544157e+00, 3.02523182e+00],
       [           nan,            nan,            nan, 1.94057259e+00,
        2.12418476e+00, 2.12418476e+00, 2.38861674e+00],
       [           nan,            nan,            nan,            nan,
        1.11192771e+00, 1.11192771e+00, 1.11192771e+00],
       [           nan,            nan,            nan,            nan,
                   nan, 0.00000000e+00, 7.95306836e-17],
       [           nan,            nan,            nan,            nan,
                   nan,            nan, 1.63362792e+00],
       [           nan,            nan,            nan,            nan,
                   nan,            nan,            nan]])}, {'S1': array([-0.13020833,  0.28571429,  0.20684524, -0.00744048,  0.        ,
        0.04017857,  0.        ]), 'S1_conf': array([1.00004299, 0.63072251, 0.52888996, 0.26541414, 0.        ,
       0.0986331 , 0.        ]), 'ST': array([0.20238095, 0.38095238, 0.5       , 0.02380952, 0.        ,
       0.04761905, 0.        ]), 'ST_conf': array([1.73822308, 0.6836281 , 1.00987999, 0.10754308, 0.        ,
       0.11689849, 0.        ]), 'S2': array([[        nan,  0.30431548,  0.35193452,  0.09002976,  0.11383929,
         0.16145833,  0.11383929],
       [        nan,         nan, -0.39732143,  0.34077381,  0.45982143,
         0.22172619,  0.45982143],
       [        nan,         nan,         nan,  0.6391369 ,  0.68675595,
         0.44866071,  0.68675595],
       [        nan,         nan,         nan,         nan,  0.22544643,
         0.17782738,  0.22544643],
       [        nan,         nan,         nan,         nan,         nan,
         0.04389881,  0.04389881],
       [        nan,         nan,         nan,         nan,         nan,
                nan,  0.05133929],
       [        nan,         nan,         nan,         nan,         nan,
                nan,         nan]]), 'S2_conf': array([[       nan, 2.4188939 , 2.80487337, 1.97173748, 2.42075447,
        2.39143422, 2.42075447],
       [       nan,        nan, 0.73443189, 1.08168664, 1.3689252 ,
        0.7980924 , 1.3689252 ],
       [       nan,        nan,        nan, 2.17566352, 2.90729495,
        2.7251166 , 2.90729495],
       [       nan,        nan,        nan,        nan, 0.31575176,
        0.30445503, 0.31575176],
       [       nan,        nan,        nan,        nan,        nan,
        0.13583589, 0.13583589],
       [       nan,        nan,        nan,        nan,        nan,
               nan, 0.73621695],
       [       nan,        nan,        nan,        nan,        nan,
               nan,        nan]])}, {'S1': array([-0.00338983,  0.        , -0.20338983, -0.10847458,  0.        ,
        0.06101695,  0.03050847]), 'S1_conf': array([4.32334068, 0.90934164, 1.04407126, 0.58559927, 0.        ,
       0.9103999 , 0.63804359]), 'ST': array([1.11186441, 0.05423729, 0.32542373, 0.05423729, 0.        ,
       0.05423729, 0.02711864]), 'ST_conf': array([24.10018295,  0.87634381,  0.99160151,  0.54797515,  0.        ,
        0.80924436,  0.56714986]), 'S2': array([[            nan,  2.27118644e-01,  3.89830508e-01,
        -2.06779661e-01, -4.40677966e-02,  2.27118644e-01,
         1.18644068e-01],
       [            nan,             nan,  6.10169492e-02,
         1.69491525e-01,  1.69491525e-01,  1.69491525e-01,
         1.69491525e-01],
       [            nan,             nan,             nan,
         5.83050847e-01,  5.83050847e-01,  5.28813559e-01,
         5.28813559e-01],
       [            nan,             nan,             nan,
                    nan,  8.47457627e-02,  1.38983051e-01,
         8.47457627e-02],
       [            nan,             nan,             nan,
                    nan,             nan, -1.38777878e-17,
        -3.46944695e-18],
       [            nan,             nan,             nan,
                    nan,             nan,             nan,
         2.37288136e-02],
       [            nan,             nan,             nan,
                    nan,             nan,             nan,
                    nan]]), 'S2_conf': array([[           nan, 6.66325312e+00, 8.66088264e+00, 9.96879622e+00,
        9.61848387e+00, 1.04599037e+01, 1.04313475e+01],
       [           nan,            nan, 2.26862750e+00, 4.88370281e+00,
        4.88370281e+00, 4.88370281e+00, 4.88370281e+00],
       [           nan,            nan,            nan, 4.23932534e+00,
        4.21482829e+00, 4.50498553e+00, 4.50498553e+00],
       [           nan,            nan,            nan,            nan,
        7.31343676e-01, 8.38429363e-01, 7.31343676e-01],
       [           nan,            nan,            nan,            nan,
                   nan, 1.40691527e-16, 1.07459420e-16],
       [           nan,            nan,            nan,            nan,
                   nan,            nan, 1.91956222e+00],
       [           nan,            nan,            nan,            nan,
                   nan,            nan,            nan]])}, {'S1': array([-0.1125  ,  0.1     , -0.003125, -0.003125,  0.      , -0.003125,
       -0.003125]), 'S1_conf': array([6.40434754e+30, 1.77051992e+00, 6.04325088e-02, 3.47203833e-03,
       0.00000000e+00, 3.47203833e-03, 3.47203833e-03]), 'ST': array([0.9 , 0.1 , 0.25, 0.05, 0.  , 0.05, 0.05]), 'ST_conf': array([3.30546970e+30, 1.45067143e+00, 7.34145438e-01, 5.55526133e-02,
       0.00000000e+00, 5.55526133e-02, 5.55526133e-02]), 'S2': array([[            nan,  5.15625000e-01,  3.15625000e-01,
         4.15625000e-01,  5.15625000e-01,  4.15625000e-01,
         4.15625000e-01],
       [            nan,             nan, -1.00000000e-01,
        -8.67361738e-19,  0.00000000e+00, -8.67361738e-19,
        -8.67361738e-19],
       [            nan,             nan,             nan,
         9.12500000e-01,  1.21250000e+00,  9.12500000e-01,
         9.12500000e-01],
       [            nan,             nan,             nan,
                    nan,  4.06250000e-01,  3.06250000e-01,
         3.06250000e-01],
       [            nan,             nan,             nan,
                    nan,             nan, -4.33680869e-19,
        -4.33680869e-19],
       [            nan,             nan,             nan,
                    nan,             nan,             nan,
         3.12500000e-03],
       [            nan,             nan,             nan,
                    nan,             nan,             nan,
                    nan]]), 'S2_conf': array([[           nan, 6.40434754e+30, 6.40434754e+30, 6.40434754e+30,
        6.40434754e+30, 6.40434754e+30, 6.40434754e+30],
       [           nan,            nan, 1.73394548e+00, 1.95555737e+00,
        1.95555737e+00, 1.95555737e+00, 1.95555737e+00],
       [           nan,            nan,            nan, 6.40434754e+30,
        6.40434754e+30, 6.40434754e+30, 6.40434754e+30],
       [           nan,            nan,            nan,            nan,
        4.51364983e-01, 3.40259756e-01, 3.40259756e-01],
       [           nan,            nan,            nan,            nan,
                   nan, 6.54794004e-19, 6.54794004e-19],
       [           nan,            nan,            nan,            nan,
                   nan,            nan, 3.47203833e-03],
       [           nan,            nan,            nan,            nan,
                   nan,            nan,            nan]])}, {'S1': array([-0.38461538,  0.27043269, -0.07451923,  0.        ,  0.        ,
        0.11658654,  0.        ]), 'S1_conf': array([10.14982347,  2.12781926,  1.88293872,  0.        ,  0.        ,
        3.73564312,  0.        ]), 'ST': array([0.53846154, 0.5       , 0.46153846, 0.        , 0.        ,
       0.03846154, 0.        ]), 'ST_conf': array([13.33397638,  3.02637873,  2.88591943,  0.        ,  0.        ,
        1.23237711,  0.        ]), 'S2': array([[            nan,  4.59134615e-01,  4.59134615e-01,
         1.51442308e-01,  1.51442308e-01,  1.51442308e-01,
         1.51442308e-01],
       [            nan,             nan, -4.26682692e-01,
         1.88701923e-01,  1.88701923e-01,  1.88701923e-01,
         1.88701923e-01],
       [            nan,             nan,             nan,
         2.25961538e-01,  2.25961538e-01, -4.80769231e-03,
         2.25961538e-01],
       [            nan,             nan,             nan,
                    nan,  1.16586538e-01,  1.16586538e-01,
         1.16586538e-01],
       [            nan,             nan,             nan,
                    nan,             nan,  0.00000000e+00,
         0.00000000e+00],
       [            nan,             nan,             nan,
                    nan,             nan,             nan,
         2.77555756e-17],
       [            nan,             nan,             nan,
                    nan,             nan,             nan,
                    nan]]), 'S2_conf': array([[        nan, 11.07871209, 11.07871209,  8.37462034,  8.37462034,
         8.37462034,  8.37462034],
       [        nan,         nan,  1.85462819,  3.93156109,  3.93156109,
         3.93156109,  3.93156109],
       [        nan,         nan,         nan,  8.55752403,  8.55752403,
        15.27844061,  8.55752403],
       [        nan,         nan,         nan,         nan,  2.33653337,
         2.33653337,  2.33653337],
       [        nan,         nan,         nan,         nan,         nan,
         0.        ,  0.        ],
       [        nan,         nan,         nan,         nan,         nan,
                nan,  2.77383864],
       [        nan,         nan,         nan,         nan,         nan,
                nan,         nan]])}, {'S1': array([-0.11594203,  0.69565217,  0.38647343,  0.03864734,  0.        ,
        0.03864734,  0.        ]), 'S1_conf': array([0.50458338, 0.97178859, 0.50577471, 0.16819446, 0.        ,
       0.09903595, 0.        ]), 'ST': array([0.34782609, 0.69565217, 0.69565217, 0.03864734, 0.        ,
       0.03864734, 0.        ]), 'ST_conf': array([1.51375013, 0.91426536, 1.63299967, 0.16819446, 0.        ,
       0.09903595, 0.        ]), 'S2': array([[            nan,  5.79710145e-01,  8.11594203e-01,
         5.02415459e-01,  3.47826087e-01,  4.25120773e-01,
         3.47826087e-01],
       [            nan,             nan, -9.27536232e-01,
         2.31884058e-01,  2.31884058e-01,  6.93889390e-18,
         2.31884058e-01],
       [            nan,             nan,             nan,
        -7.72946860e-02,  7.72946860e-02, -7.72946860e-02,
         7.72946860e-02],
       [            nan,             nan,             nan,
                    nan, -3.86473430e-02, -3.86473430e-02,
        -3.86473430e-02],
       [            nan,             nan,             nan,
                    nan,             nan, -6.93889390e-18,
         0.00000000e+00],
       [            nan,             nan,             nan,
                    nan,             nan,             nan,
         3.47826087e-01],
       [            nan,             nan,             nan,
                    nan,             nan,             nan,
                    nan]]), 'S2_conf': array([[           nan, 1.48345837e+00, 2.21010671e+00, 2.03496763e+00,
        1.43074389e+00, 1.42118612e+00, 1.43074389e+00],
       [           nan,            nan, 1.21902047e+00, 1.36945268e+00,
        1.36945268e+00, 8.17261707e-01, 1.36945268e+00],
       [           nan,            nan,            nan, 1.85352334e+00,
        1.24296950e+00, 1.30471327e+00, 1.24296950e+00],
       [           nan,            nan,            nan,            nan,
        1.68194459e-01, 1.68194459e-01, 1.68194459e-01],
       [           nan,            nan,            nan,            nan,
                   nan, 1.58318718e-17, 0.00000000e+00],
       [           nan,            nan,            nan,            nan,
                   nan,            nan, 8.22421033e-01],
       [           nan,            nan,            nan,            nan,
                   nan,            nan,            nan]])}, {'S1': array([ 0.22727273, -0.07575758, -0.11904762,  0.06926407,  0.00649351,
       -0.13852814,  0.08874459]), 'S1_conf': array([nan, nan, nan, nan, nan, nan, nan]), 'ST': array([0.86580087, 0.03463203, 0.72727273, 0.06926407, 0.03463203,
       0.20779221, 0.1038961 ]), 'ST_conf': array([nan, nan, nan, nan, nan, nan, nan]), 'S2': array([[        nan, -0.29004329,  0.4025974 , -0.63636364, -0.01298701,
         0.4025974 , -0.22077922],
       [        nan,         nan,  0.00649351,  0.21428571,  0.14502165,
         0.00649351,  0.21428571],
       [        nan,         nan,         nan,  0.43939394,  0.3008658 ,
         0.23160173,  0.23160173],
       [        nan,         nan,         nan,         nan, -0.06926407,
        -0.06926407, -0.06926407],
       [        nan,         nan,         nan,         nan,         nan,
        -0.00649351, -0.00649351],
       [        nan,         nan,         nan,         nan,         nan,
                nan, -0.01948052],
       [        nan,         nan,         nan,         nan,         nan,
                nan,         nan]]), 'S2_conf': array([[nan, nan, nan, nan, nan, nan, nan],
       [nan, nan, nan, nan, nan, nan, nan],
       [nan, nan, nan, nan, nan, nan, nan],
       [nan, nan, nan, nan, nan, nan, nan],
       [nan, nan, nan, nan, nan, nan, nan],
       [nan, nan, nan, nan, nan, nan, nan],
       [nan, nan, nan, nan, nan, nan, nan]])}, {'S1': array([-0.35634328,  0.05970149, -0.17817164,  0.        ,  0.        ,
        0.05970149,  0.        ]), 'S1_conf': array([3.07079884, 1.20087159, 2.64722317, 0.        , 0.        ,
       1.20087159, 0.        ]), 'ST': array([0.65671642, 0.05970149, 0.32835821, 0.        , 0.        ,
       0.05970149, 0.        ]), 'ST_conf': array([8.73462549, 0.62748057, 4.35276211, 0.        , 0.        ,
       0.62748057, 0.        ]), 'S2': array([[        nan,  0.23973881,  0.83675373, -0.11847015, -0.11847015,
         0.23973881, -0.11847015],
       [        nan,         nan, -0.11847015, -0.05876866, -0.05876866,
        -0.11847015, -0.05876866],
       [        nan,         nan,         nan,  0.54011194,  0.54011194,
         0.48041045,  0.54011194],
       [        nan,         nan,         nan,         nan,  0.        ,
         0.        ,  0.        ],
       [        nan,         nan,         nan,         nan,         nan,
         0.        ,  0.        ],
       [        nan,         nan,         nan,         nan,         nan,
                nan,  0.18097015],
       [        nan,         nan,         nan,         nan,         nan,
                nan,         nan]]), 'S2_conf': array([[       nan, 5.45050502, 7.98113062, 9.11340783, 9.11340783,
        5.45050502, 9.11340783],
       [       nan,        nan, 1.62674877, 1.19495821, 1.19495821,
        1.62674877, 1.19495821],
       [       nan,        nan,        nan, 3.51632612, 3.51632612,
        3.74886221, 3.51632612],
       [       nan,        nan,        nan,        nan, 0.        ,
        0.        , 0.        ],
       [       nan,        nan,        nan,        nan,        nan,
        0.        , 0.        ],
       [       nan,        nan,        nan,        nan,        nan,
               nan, 2.47362322],
       [       nan,        nan,        nan,        nan,        nan,
               nan,        nan]])}, {'S1': array([-0.36328125, -0.1953125 , -0.26796875,  0.        ,  0.        ,
       -0.07265625,  0.        ]), 'S1_conf': array([8.51036853, 4.22882611, 7.06906275, 0.        , 0.        ,
       1.78894162, 0.        ]), 'ST': array([0.475, 0.05 , 0.425, 0.   , 0.   , 0.025, 0.   ]), 'ST_conf': array([7.36319685, 1.07035034, 9.96111513, 0.        , 0.        ,
       0.61554981, 0.        ]), 'S2': array([[        nan,  0.4546875 ,  1.4046875 ,  0.1546875 ,  0.1546875 ,
         0.4546875 ,  0.1546875 ],
       [        nan,         nan,  0.0453125 ,  0.2453125 ,  0.2453125 ,
         0.1953125 ,  0.2453125 ],
       [        nan,         nan,         nan,  0.43203125,  0.43203125,
         0.43203125,  0.43203125],
       [        nan,         nan,         nan,         nan,  0.22734375,
         0.22734375,  0.22734375],
       [        nan,         nan,         nan,         nan,         nan,
         0.        ,  0.        ],
       [        nan,         nan,         nan,         nan,         nan,
                nan, -0.26796875],
       [        nan,         nan,         nan,         nan,         nan,
                nan,         nan]]), 'S2_conf': array([[        nan, 11.08057415, 16.7210013 , 17.08611845, 17.08611845,
        11.08057415, 17.08611845],
       [        nan,         nan,  1.18222497,  5.53754205,  5.53754205,
         4.33599749,  5.53754205],
       [        nan,         nan,         nan,  6.08864121,  6.08864121,
         6.08864121,  6.08864121],
       [        nan,         nan,         nan,         nan,  0.3270898 ,
         0.3270898 ,  0.3270898 ],
       [        nan,         nan,         nan,         nan,         nan,
         0.        ,  0.        ],
       [        nan,         nan,         nan,         nan,         nan,
                nan,  4.7046991 ],
       [        nan,         nan,         nan,         nan,         nan,
                nan,         nan]])}, {'S1': array([-0.03476821,  0.11051325,  0.0227649 , -0.00455298,  0.        ,
        0.00910596,  0.        ]), 'S1_conf': array([0.84078864, 1.578839  , 0.16195487, 0.05570916, 0.        ,
       0.07886563, 0.        ]), 'ST': array([0.76821192, 0.06622517, 0.70198675, 0.01324503, 0.        ,
       0.13245033, 0.        ]), 'ST_conf': array([6.45872751, 0.82387604, 0.52990736, 0.16206302, 0.        ,
       0.12875308, 0.        ]), 'S2': array([[        nan,  0.17549669,  0.09602649,  0.04304636,  0.06953642,
         0.09602649,  0.06953642],
       [        nan,         nan, -0.11051325, -0.00455298, -0.00455298,
        -0.05753311, -0.00455298],
       [        nan,         nan,         nan,  0.4714404 ,  0.44495033,
         0.2330298 ,  0.44495033],
       [        nan,         nan,         nan,         nan,  0.06208609,
         0.06208609,  0.06208609],
       [        nan,         nan,         nan,         nan,         nan,
         0.        ,  0.        ],
       [        nan,         nan,         nan,         nan,         nan,
                nan, -0.06663907],
       [        nan,         nan,         nan,         nan,         nan,
                nan,         nan]]), 'S2_conf': array([[       nan, 1.92647896, 1.24691068, 3.40924374, 3.314868  ,
        1.90176874, 3.314868  ],
       [       nan,        nan, 1.66919435, 1.99740343, 1.99740343,
        1.66840226, 1.99740343],
       [       nan,        nan,        nan, 1.41023584, 1.39781141,
        0.88213963, 1.39781141],
       [       nan,        nan,        nan,        nan, 0.75967042,
        0.75967042, 0.75967042],
       [       nan,        nan,        nan,        nan,        nan,
        0.        , 0.        ],
       [       nan,        nan,        nan,        nan,        nan,
               nan, 0.66132114],
       [       nan,        nan,        nan,        nan,        nan,
               nan,        nan]])}, {'S1': array([-3.87495930e-01,  1.60208401e-01,  1.51742104e-01,  1.44169586e-17,
        0.00000000e+00, -6.51253663e-04, -2.53988929e-02]), 'S1_conf': array([3.43097873, 1.21170577, 1.15898832, 0.04703986, 0.        ,
       0.2853652 , 0.03108307]), 'ST': array([1.00293064, 0.05210029, 0.43503745, 0.00521003, 0.        ,
       0.02344513, 0.02344513]), 'ST_conf': array([4.89750188, 0.38200462, 1.09528582, 0.01051136, 0.        ,
       0.05373824, 0.02869207]), 'S2': array([[            nan,  6.98143927e-01,  1.22956692e+00,
         4.79322696e-01,  5.41843048e-01,  6.35623575e-01,
         5.10582872e-01],
       [            nan,             nan, -5.63985672e-01,
         1.18528167e-01,  1.18528167e-01,  8.20579616e-02,
         1.18528167e-01],
       [            nan,             nan,             nan,
        -5.34028004e-02, -7.94529469e-02, -1.15923152e-01,
        -6.38228590e-02],
       [            nan,             nan,             nan,
                    nan,  8.14067079e-02,  7.09866493e-02,
         6.57766200e-02],
       [            nan,             nan,             nan,
                    nan,             nan,  0.00000000e+00,
        -1.04083409e-17],
       [            nan,             nan,             nan,
                    nan,             nan,             nan,
         3.43210681e-01],
       [            nan,             nan,             nan,
                    nan,             nan,             nan,
                    nan]]), 'S2_conf': array([[           nan, 4.51173479e+00, 5.22291778e+00, 4.10546804e+00,
        4.23017128e+00, 4.61599383e+00, 4.24678414e+00],
       [           nan,            nan, 3.24288779e+00, 2.32162312e+00,
        2.32162312e+00, 2.58168426e+00, 2.32162312e+00],
       [           nan,            nan,            nan, 1.34178030e+00,
        1.39805119e+00, 1.56748616e+00, 1.40385133e+00],
       [           nan,            nan,            nan,            nan,
        1.38671670e-01, 1.26268902e-01, 1.20094955e-01],
       [           nan,            nan,            nan,            nan,
                   nan, 2.40134657e-18, 1.33336164e-17],
       [           nan,            nan,            nan,            nan,
                   nan,            nan, 2.03069732e+00],
       [           nan,            nan,            nan,            nan,
                   nan,            nan,            nan]])}, {'S1': array([ 0.47731092, -0.14285714, -0.11092437,  0.02521008, -0.08571429,
       -0.46218487, -0.08571429]), 'S1_conf': array([1.05506703, 1.61819546, 1.7123035 , 0.20191874, 0.26219351,
       0.97354439, 0.26219351]), 'ST': array([0.57142857, 0.6487395 , 0.75966387, 0.01680672, 0.0302521 ,
       0.39327731, 0.0302521 ]), 'ST_conf': array([1.28214037, 1.85429672, 1.88854331, 0.0377345 , 0.09253889,
       0.9147473 , 0.09253889]), 'S2': array([[        nan,  0.6789916 ,  0.87394958, -1.00840336, -0.9210084 ,
         0.58487395, -0.9210084 ],
       [        nan,         nan, -0.35966387,  0.81008403,  1.01176471,
         0.56806723,  1.01176471],
       [        nan,         nan,         nan,  0.26218487,  0.21512605,
         0.29579832,  0.21512605],
       [        nan,         nan,         nan,         nan,  0.14453782,
         0.13781513,  0.14453782],
       [        nan,         nan,         nan,         nan,         nan,
         0.08571429,  0.08571429],
       [        nan,         nan,         nan,         nan,         nan,
                nan,  0.43529412],
       [        nan,         nan,         nan,         nan,         nan,
                nan,         nan]]), 'S2_conf': array([[       nan, 1.28123265, 1.59523833, 4.91433753, 5.0058589 ,
        3.40056182, 5.0058589 ],
       [       nan,        nan, 2.37079064, 3.27296692, 3.1693638 ,
        1.72031544, 3.1693638 ],
       [       nan,        nan,        nan, 1.90717349, 2.17262578,
        2.21224699, 2.17262578],
       [       nan,        nan,        nan,        nan, 0.39408613,
        0.32101488, 0.39408613],
       [       nan,        nan,        nan,        nan,        nan,
        0.26219351, 0.26219351],
       [       nan,        nan,        nan,        nan,        nan,
               nan, 0.78313903],
       [       nan,        nan,        nan,        nan,        nan,
               nan,        nan]])}, {'S1': array([ 0.31846847,  0.09527027, -0.12691441,  0.02432432,  0.        ,
        0.        ,  0.        ]), 'S1_conf': array([1.94182806, 1.07202978, 0.93868584, 0.40176515, 0.        ,
       0.        , 0.        ]), 'ST': array([1.45585586, 0.52612613, 0.1981982 , 0.19459459, 0.        ,
       0.        , 0.        ]), 'ST_conf': array([6.18668513, 3.54575935, 1.71704798, 0.43817282, 0.        ,
       0.        , 0.        ]), 'S2': array([[        nan,  0.90968468,  0.99617117, -0.08490991,  0.39076577,
         0.39076577,  0.39076577],
       [        nan,         nan, -0.18029279,  0.00709459,  0.06475225,
         0.06475225,  0.06475225],
       [        nan,         nan,         nan,  0.43254505,  0.46858108,
         0.46858108,  0.46858108],
       [        nan,         nan,         nan,         nan,  0.20056306,
         0.20056306,  0.20056306],
       [        nan,         nan,         nan,         nan,         nan,
         0.        ,  0.        ],
       [        nan,         nan,         nan,         nan,         nan,
                nan,  0.11689189],
       [        nan,         nan,         nan,         nan,         nan,
                nan,         nan]]), 'S2_conf': array([[       nan, 1.7492801 , 1.53549277, 3.57932234, 5.07999338,
        5.07999338, 5.07999338],
       [       nan,        nan, 1.25726478, 1.20807756, 1.64840667,
        1.64840667, 1.64840667],
       [       nan,        nan,        nan, 2.16735129, 3.23763621,
        3.23763621, 3.23763621],
       [       nan,        nan,        nan,        nan, 0.40002625,
        0.40002625, 0.40002625],
       [       nan,        nan,        nan,        nan,        nan,
        0.        , 0.        ],
       [       nan,        nan,        nan,        nan,        nan,
               nan, 1.91903889],
       [       nan,        nan,        nan,        nan,        nan,
               nan,        nan]])}, {'S1': array([ 0.14001657,  0.07622204, -0.37862469, -0.18227009,  0.        ,
       -0.27257664,  0.04556752]), 'S1_conf': array([0.43468945, 0.50350194, 0.70585902, 0.42408916, 0.        ,
       0.72400424, 0.18748401]), 'ST': array([0.23198012, 0.53024027, 0.61640431, 0.05302403, 0.        ,
       0.4043082 , 0.006628  ]), 'ST_conf': array([0.32797836, 0.86739284, 0.80264092, 0.12337139, 0.        ,
       0.60468276, 0.0272704 ]), 'S2': array([[            nan,  3.86909693e-01,  7.84589892e-01,
         6.87655344e-02, -1.96354598e-01,  7.05053853e-01,
        -1.96354598e-01],
       [            nan,             nan, -2.73405137e-02,
         8.21043911e-01,  8.21043911e-01,  1.84755592e-01,
         8.21043911e-01],
       [            nan,             nan,             nan,
         1.22866611e+00,  1.25517813e+00,  6.98425849e-01,
         1.26843413e+00],
       [            nan,             nan,             nan,
                    nan,  3.82767191e-01,  5.81607291e-01,
         3.96023198e-01],
       [            nan,             nan,             nan,
                    nan,             nan, -5.55111512e-17,
         4.85722573e-17],
       [            nan,             nan,             nan,
                    nan,             nan,             nan,
         2.15410108e-01],
       [            nan,             nan,             nan,
                    nan,             nan,             nan,
                    nan]]), 'S2_conf': array([[           nan, 1.04271473e+00, 2.82516632e+00, 1.82407552e+00,
        1.05989041e+00, 2.87662927e+00, 1.05989041e+00],
       [           nan,            nan, 1.47271067e-01, 1.73771139e+00,
        1.73771139e+00, 4.88898114e-01, 1.73771139e+00],
       [           nan,            nan,            nan, 1.23789655e+00,
        1.23031578e+00, 8.11581865e-01, 1.23014045e+00],
       [           nan,            nan,            nan,            nan,
        8.88420196e-01, 1.34489666e+00, 9.28502255e-01],
       [           nan,            nan,            nan,            nan,
                   nan, 1.35868979e-16, 2.18512023e-16],
       [           nan,            nan,            nan,            nan,
                   nan,            nan, 7.28884034e-01],
       [           nan,            nan,            nan,            nan,
                   nan,            nan,            nan]])}, {'S1': array([ 0.385759  ,  0.27973396, -0.22104851,  0.        ,  0.        ,
        0.        ,  0.06924883]), 'S1_conf': array([7.75153565, 0.7762734 , 0.30093014, 0.51126881, 0.        ,
       0.        , 0.14207079]), 'ST': array([1.05164319, 0.31298905, 0.11267606, 0.10015649, 0.        ,
       0.        , 0.01251956]), 'ST_conf': array([24.9900353 ,  0.86855765,  0.06304765,  0.07093165,  0.        ,
        0.        ,  0.02568511]), 'S2': array([[        nan,  0.1885759 ,  0.28873239, -0.36228482, -0.06181534,
        -0.06181534, -0.06181534],
       [        nan,         nan,  0.02073552,  0.12089202,  0.12089202,
         0.12089202,  0.12089202],
       [        nan,         nan,         nan,  0.47730829,  0.47730829,
         0.47730829,  0.47730829],
       [        nan,         nan,         nan,         nan,  0.62441315,
         0.62441315,  0.64945227],
       [        nan,         nan,         nan,         nan,         nan,
         0.        ,  0.        ],
       [        nan,         nan,         nan,         nan,         nan,
                nan,  0.        ],
       [        nan,         nan,         nan,         nan,         nan,
                nan,         nan]]), 'S2_conf': array([[           nan, 1.48776375e+01, 1.49286407e+01, 1.47657099e+01,
        1.48333311e+01, 1.48333311e+01, 1.48333311e+01],
       [           nan,            nan, 7.05310015e+00, 7.01865997e+00,
        7.01865997e+00, 7.01865997e+00, 7.01865997e+00],
       [           nan,            nan,            nan, 5.17299854e+00,
        5.17299854e+00, 5.17299854e+00, 5.17299854e+00],
       [           nan,            nan,            nan,            nan,
        1.64938297e+00, 1.64938297e+00, 1.64768158e+00],
       [           nan,            nan,            nan,            nan,
                   nan, 0.00000000e+00, 2.56967731e-17],
       [           nan,            nan,            nan,            nan,
                   nan,            nan, 2.56967731e-17],
       [           nan,            nan,            nan,            nan,
                   nan,            nan,            nan]])}, {'S1': array([ 2.23958333e-01,  8.95833333e-02, -6.45833333e-02, -3.45060894e-16,
        0.00000000e+00,  0.00000000e+00,  0.00000000e+00]), 'S1_conf': array([6.42086846, 1.72660323, 1.40330615, 0.36238741, 0.        ,
       0.        , 0.        ]), 'ST': array([0.75      , 0.16666667, 0.36666667, 0.13333333, 0.        ,
       0.        , 0.        ]), 'ST_conf': array([14.24461207,  1.55828638,  0.6145662 ,  0.43335269,  0.        ,
        0.        ,  0.        ]), 'S2': array([[        nan, -0.06979167, -0.203125  , -0.46979167, -0.33645833,
        -0.33645833, -0.33645833],
       [        nan,         nan, -0.08958333,  0.11041667,  0.11041667,
         0.11041667,  0.11041667],
       [        nan,         nan,         nan,  0.696875  ,  0.83020833,
         0.83020833,  0.83020833],
       [        nan,         nan,         nan,         nan,  0.65625   ,
         0.65625   ,  0.65625   ],
       [        nan,         nan,         nan,         nan,         nan,
         0.        ,  0.        ],
       [        nan,         nan,         nan,         nan,         nan,
                nan,  0.078125  ],
       [        nan,         nan,         nan,         nan,         nan,
                nan,         nan]]), 'S2_conf': array([[        nan, 11.85924086, 11.80993086, 15.74090284, 15.76517884,
        15.76517884, 15.76517884],
       [        nan,         nan,  3.92162482,  4.87212874,  4.87212874,
         4.87212874,  4.87212874],
       [        nan,         nan,         nan,  4.75515475,  4.85625904,
         4.85625904,  4.85625904],
       [        nan,         nan,         nan,         nan,  1.81388892,
         1.81388892,  1.81388892],
       [        nan,         nan,         nan,         nan,         nan,
         0.        ,  0.        ],
       [        nan,         nan,         nan,         nan,         nan,
                nan,  1.85761748],
       [        nan,         nan,         nan,         nan,         nan,
                nan,         nan]])}]
------------
{'S1': array([nan, nan, nan, nan, nan, nan, nan]), 'S1_conf': array([nan, nan, nan, nan, nan, nan, nan]), 'ST': array([nan, nan, nan, nan, nan, nan, nan]), 'ST_conf': array([nan, nan, nan, nan, nan, nan, nan]), 'S2': array([[nan, nan, nan, nan, nan, nan, nan],
       [nan, nan, nan, nan, nan, nan, nan],
       [nan, nan, nan, nan, nan, nan, nan],
       [nan, nan, nan, nan, nan, nan, nan],
       [nan, nan, nan, nan, nan, nan, nan],
       [nan, nan, nan, nan, nan, nan, nan],
       [nan, nan, nan, nan, nan, nan, nan]]), 'S2_conf': array([[nan, nan, nan, nan, nan, nan, nan],
       [nan, nan, nan, nan, nan, nan, nan],
       [nan, nan, nan, nan, nan, nan, nan],
       [nan, nan, nan, nan, nan, nan, nan],
       [nan, nan, nan, nan, nan, nan, nan],
       [nan, nan, nan, nan, nan, nan, nan],
       [nan, nan, nan, nan, nan, nan, nan]])}
------------
{'S1': array([-0.077307  ,  0.10293073, -0.18098108, -0.05700052, -0.00513587,
       -0.12896606, -0.04709068]), 'S1_conf': array([1.04619817, 1.24196339, 0.55301479, 0.13814604, 0.04858514,
       0.24701052, 0.0824332 ]), 'ST': array([4.11447679e-01, 1.82820326e-01, 3.27717329e-01, 3.21056960e-02,
       1.49518483e-04, 5.54441718e-02, 9.54199770e-03]), 'ST_conf': array([1.18124861e+00, 9.54500066e-01, 1.00682705e+00, 2.58146276e-02,
       9.87866170e-04, 1.30873539e-01, 2.73616593e-02]), 'S2': array([[        nan,  0.35790604,  0.62864324, -0.08417933, -0.02796038,
         0.23201148,  0.04209582],
       [        nan,         nan, -0.19981234,  0.21413638,  0.24208274,
         0.16142432,  0.23634667],
       [        nan,         nan,         nan,  0.65327174,  0.72939024,
         0.55431769,  0.67643351],
       [        nan,         nan,         nan,         nan,  0.35457671,
         0.37510152,  0.37096937],
       [        nan,         nan,         nan,         nan,         nan,
         0.00552624,  0.00530876],
       [        nan,         nan,         nan,         nan,         nan,
                nan,  0.45485561],
       [        nan,         nan,         nan,         nan,         nan,
                nan,         nan]]), 'S2_conf': array([[       nan, 1.89040263, 2.15431317, 2.41980978, 2.62355071,
        2.36989241, 2.71830397],
       [       nan,        nan, 1.86351582, 1.79708557, 1.86295003,
        1.41350919, 1.86083538],
       [       nan,        nan,        nan, 1.33777053, 1.42006508,
        1.21494443, 1.44848009],
       [       nan,        nan,        nan,        nan, 0.35920741,
        0.62825003, 0.49817833],
       [       nan,        nan,        nan,        nan,        nan,
        0.0517081 , 0.04996793],
       [       nan,        nan,        nan,        nan,        nan,
               nan, 0.67846054],
       [       nan,        nan,        nan,        nan,        nan,
               nan,        nan]])}
------------
{'S1': array([-0.077307  ,  0.10293073, -0.18098108, -0.05700052, -0.00513587,
       -0.12896606, -0.04709068]), 'S1_conf': array([0.83908764, 0.81746124, 0.46475635, 0.14427769, 0.03403009,
       0.23880114, 0.08283464]), 'ST': array([4.11447679e-01, 1.82820326e-01, 3.27717329e-01, 3.21056960e-02,
       1.49518483e-04, 5.54441718e-02, 9.54199770e-03]), 'ST_conf': array([1.22168633e+00, 8.43284032e-01, 1.18843909e+00, 2.58255203e-02,
       6.78295706e-04, 1.45352594e-01, 2.86088695e-02]), 'S2': array([[        nan,  0.35790604,  0.62864324, -0.08417933, -0.02796038,
         0.23201148,  0.04209582],
       [        nan,         nan, -0.19981234,  0.21413638,  0.24208274,
         0.16142432,  0.23634667],
       [        nan,         nan,         nan,  0.65327174,  0.72939024,
         0.55431769,  0.67643351],
       [        nan,         nan,         nan,         nan,  0.35457671,
         0.37510152,  0.37096937],
       [        nan,         nan,         nan,         nan,         nan,
         0.00552624,  0.00530876],
       [        nan,         nan,         nan,         nan,         nan,
                nan,  0.45485561],
       [        nan,         nan,         nan,         nan,         nan,
                nan,         nan]]), 'S2_conf': array([[       nan, 1.58574154, 1.97352197, 2.74068102, 2.96581626,
        2.52472284, 3.03167642],
       [       nan,        nan, 1.24090155, 1.8802692 , 1.99530701,
        1.46247394, 1.98067465],
       [       nan,        nan,        nan, 1.47813263, 1.55416079,
        1.26770876, 1.58229607],
       [       nan,        nan,        nan,        nan, 0.37071208,
        0.65632941, 0.51983963],
       [       nan,        nan,        nan,        nan,        nan,
        0.03615242, 0.03496957],
       [       nan,        nan,        nan,        nan,        nan,
               nan, 0.7793674 ],
       [       nan,        nan,        nan,        nan,        nan,
               nan,        nan]])}
------------
