[{'S1': array([0.50884024, 0.64765313, 0.2772048 , 0.29898969, 0.        ,
       0.26189223, 0.04588508]), 'S1_conf': array([0.70079553, 1.6348939 , 1.0178432 , 0.45242144, 0.        ,
       1.06853215, 0.10344261]), 'ST': array([0.23237213, 1.10460956, 0.53209851, 0.1953273 , 0.        ,
       0.68196169, 0.05051568]), 'ST_conf': array([0.33230827, 1.54435418, 0.91283487, 0.42969684, 0.        ,
       1.27889037, 0.16965943]), 'S2': array([[        nan, -0.14591665, -0.05498842, -0.22674174, -0.63086719,
         0.3996527 , -0.48942328],
       [        nan,         nan, -0.83003578, -0.06893286,  0.21395496,
        -0.55388339,  0.24763208],
       [        nan,         nan,         nan, -0.13318249, -0.11297622,
        -0.15338876, -0.12644706],
       [        nan,         nan,         nan,         nan, -0.0734056 ,
         0.35092612, -0.05993475],
       [        nan,         nan,         nan,         nan,         nan,
        -0.23158282, -0.1406546 ],
       [        nan,         nan,         nan,         nan,         nan,
                nan,  0.16264997],
       [        nan,         nan,         nan,         nan,         nan,
                nan,         nan]]), 'S2_conf': array([[       nan, 1.68205443, 1.77967822, 2.83694718, 2.29442802,
        3.13495894, 2.48842814],
       [       nan,        nan, 1.81154456, 2.74573692, 2.44603244,
        1.49396397, 2.74146597],
       [       nan,        nan,        nan, 1.31251082, 1.22568836,
        1.368652  , 1.23080301],
       [       nan,        nan,        nan,        nan, 1.36182481,
        2.10370442, 1.46926545],
       [       nan,        nan,        nan,        nan,        nan,
        1.08672162, 0.66003337],
       [       nan,        nan,        nan,        nan,        nan,
               nan, 0.62342467],
       [       nan,        nan,        nan,        nan,        nan,
               nan,        nan]])}, {'S1': array([-0.10564878, -0.03403451, -0.04969274, -0.28314819,  0.03125739,
       -0.20645238, -0.13536989]), 'S1_conf': array([1.43748543, 0.55740632, 0.36288004, 2.03543816, 0.06529707,
       0.43973105, 1.07412085]), 'ST': array([0.10966675, 0.30631056, 0.12290239, 0.26849445, 0.00189081,
       0.16260931, 0.12290239]), 'ST_conf': array([1.17838263, 2.27014522, 0.8206738 , 2.12567852, 0.00394992,
       0.65164811, 1.07967044]), 'S2': array([[        nan,  0.36988892,  0.15811865,  0.15811865,  0.13542898,
         0.24131411,  0.24509572],
       [        nan,         nan,  0.10139447,  0.20349799,  0.36232569,
         0.24887733,  0.43039471],
       [        nan,         nan,         nan,  0.30636965,  0.351749  ,
         0.26099031,  0.4803238 ],
       [        nan,         nan,         nan,         nan,  0.04821555,
         0.1919168 ,  0.10115812],
       [        nan,         nan,         nan,         nan,         nan,
        -0.03125739, -0.03125739],
       [        nan,         nan,         nan,         nan,         nan,
                nan,  0.27428504],
       [        nan,         nan,         nan,         nan,         nan,
                nan,         nan]]), 'S2_conf': array([[       nan, 2.84617268, 2.2069679 , 1.21978887, 2.38318008,
        2.09551843, 1.81798193],
       [       nan,        nan, 1.31046841, 1.5386382 , 3.09659314,
        1.73797038, 2.87858496],
       [       nan,        nan,        nan, 1.22278131, 2.23062633,
        1.14350284, 2.12474543],
       [       nan,        nan,        nan,        nan, 2.90573961,
        2.75143923, 2.36166632],
       [       nan,        nan,        nan,        nan,        nan,
        0.06529707, 0.06529707],
       [       nan,        nan,        nan,        nan,        nan,
               nan, 1.45828062],
       [       nan,        nan,        nan,        nan,        nan,
               nan,        nan]])}, {'S1': array([-0.02113459,  0.08898776, -0.06785317, -0.08442714,  0.        ,
       -0.00711902, -0.11323693]), 'S1_conf': array([0.29774554, 0.97217412, 0.47054612, 0.40045534, 0.        ,
       0.11990647, 0.16839948]), 'ST': array([0.01067853, 0.08898776, 0.0320356 , 0.08008899, 0.        ,
       0.00355951, 0.0676307 ]), 'ST_conf': array([0.06491068, 0.48229967, 0.27174604, 0.18809856, 0.        ,
       0.03548675, 0.07181449]), 'S2': array([[            nan,  7.00778643e-02,  1.48387097e-01,
         9.14349277e-02,  1.23470523e-01,  1.34149055e-01,
         9.14349277e-02],
       [            nan,             nan,  9.54393771e-02,
         1.66629588e-01,  1.66629588e-01,  1.48832036e-01,
         1.48832036e-01],
       [            nan,             nan,             nan,
         2.66073415e-01,  3.51501669e-01,  3.23025584e-01,
         2.80311457e-01],
       [            nan,             nan,             nan,
                    nan,  5.18464961e-01,  5.22024472e-01,
         3.93882091e-01],
       [            nan,             nan,             nan,
                    nan,             nan,  9.54097912e-18,
        -2.77555756e-17],
       [            nan,             nan,             nan,
                    nan,             nan,             nan,
         2.04671858e-02],
       [            nan,             nan,             nan,
                    nan,             nan,             nan,
                    nan]]), 'S2_conf': array([[           nan, 7.01124286e-01, 7.09880208e-01, 9.08498876e-01,
        9.73406110e-01, 8.95672039e-01, 8.69744106e-01],
       [           nan,            nan, 1.64602155e+00, 2.28258444e+00,
        2.28258444e+00, 2.12260825e+00, 2.12260825e+00],
       [           nan,            nan,            nan, 1.60387330e+00,
        1.53180417e+00, 1.41612785e+00, 1.44078647e+00],
       [           nan,            nan,            nan,            nan,
        5.75927083e-01, 5.50001603e-01, 4.04047077e-01],
       [           nan,            nan,            nan,            nan,
                   nan, 9.05814516e-17, 1.20910400e-16],
       [           nan,            nan,            nan,            nan,
                   nan,            nan, 4.50851172e-01],
       [           nan,            nan,            nan,            nan,
                   nan,            nan,            nan]])}, {'S1': array([ 0.01752721, -0.02024804, -0.08915464, -0.09048342,  0.        ,
       -0.01486965, -0.0798532 ]), 'S1_conf': array([0.21494666, 0.21618388, 0.15605121, 0.24099737, 0.        ,
       0.02135026, 0.30842328]), 'ST': array([0.00607441, 0.00404961, 0.03442167, 0.14983548, 0.        ,
       0.0020248 , 0.10933941]), 'ST_conf': array([0.0223635 , 0.02664447, 0.03915166, 0.45951367, 0.        ,
       0.00290727, 0.12070829]), 'S2': array([[            nan, -1.18704126e-01, -1.18704126e-01,
        -1.30852949e-01, -1.30852949e-01, -1.30852949e-01,
        -1.43001772e-01],
       [            nan,             nan,  1.14781068e-01,
         1.22880283e-01,  1.22880283e-01,  1.22880283e-01,
         1.30979499e-01],
       [            nan,             nan,             nan,
         2.21462921e-01,  2.49810175e-01,  2.45760567e-01,
         2.29562136e-01],
       [            nan,             nan,             nan,
                    nan,  5.53467477e-01,  5.33219438e-01,
         4.60326500e-01],
       [            nan,             nan,             nan,
                    nan,             nan,  1.21430643e-17,
         1.38777878e-17],
       [            nan,             nan,             nan,
                    nan,             nan,             nan,
         9.99114148e-02],
       [            nan,             nan,             nan,
                    nan,             nan,             nan,
                    nan]]), 'S2_conf': array([[           nan, 8.84821225e-01, 8.84821225e-01, 9.65503387e-01,
        9.65503387e-01, 9.65503387e-01, 1.04619638e+00],
       [           nan,            nan, 6.86177496e-01, 7.38010964e-01,
        7.38010964e-01, 7.38010964e-01, 7.90112144e-01],
       [           nan,            nan,            nan, 6.25569374e-01,
        6.01722843e-01, 6.05019404e-01, 6.78475323e-01],
       [           nan,            nan,            nan,            nan,
        8.63143904e-01, 8.54509001e-01, 1.26324372e+00],
       [           nan,            nan,            nan,            nan,
                   nan, 1.73795280e-17, 1.06422982e-16],
       [           nan,            nan,            nan,            nan,
                   nan,            nan, 2.32741321e-01],
       [           nan,            nan,            nan,            nan,
                   nan,            nan,            nan]])}, {'S1': array([-0.03280773, -0.05913021, -0.12506358, -0.13345626,  0.        ,
       -0.02848423, -0.0827823 ]), 'S1_conf': array([0.17829267, 0.33484243, 0.46857209, 0.15777542, 0.        ,
       0.16500439, 0.34000202]), 'ST': array([0.02034588, 0.00813835, 0.03051882, 0.1525941 , 0.        ,
       0.00406918, 0.0854527 ]), 'ST_conf': array([0.18287783, 0.04608584, 0.10387412, 0.93764435, 0.        ,
       0.02548418, 0.13597551]), 'S2': array([[            nan, -9.65793489e-02, -8.43718210e-02,
        -8.03026450e-02, -1.20994405e-01, -1.12856053e-01,
        -1.29132757e-01],
       [            nan,             nan,  1.15272126e-01,
         1.27479654e-01,  1.35618006e-01,  1.27479654e-01,
         1.51894710e-01],
       [            nan,             nan,             nan,
         2.48219736e-01,  2.19735504e-01,  2.03458800e-01,
         2.11597152e-01],
       [            nan,             nan,             nan,
                    nan,  5.76169888e-01,  5.96515768e-01,
         5.06993896e-01],
       [            nan,             nan,             nan,
                    nan,             nan, -6.93889390e-18,
         0.00000000e+00],
       [            nan,             nan,             nan,
                    nan,             nan,             nan,
         1.20167854e-01],
       [            nan,             nan,             nan,
                    nan,             nan,             nan,
                    nan]]), 'S2_conf': array([[           nan, 4.98656268e-01, 4.52617431e-01, 4.42654721e-01,
        6.23614758e-01, 5.86175089e-01, 6.99480266e-01],
       [           nan,            nan, 6.75802324e-01, 7.78935961e-01,
        8.24735279e-01, 7.78935961e-01, 8.52307472e-01],
       [           nan,            nan,            nan, 9.28047775e-01,
        1.01808855e+00, 1.01780614e+00, 9.76445393e-01],
       [           nan,            nan,            nan,            nan,
        1.21532445e+00, 1.42977781e+00, 1.49823559e+00],
       [           nan,            nan,            nan,            nan,
                   nan, 5.38365270e-17, 6.76479762e-17],
       [           nan,            nan,            nan,            nan,
                   nan,            nan, 6.83948772e-01],
       [           nan,            nan,            nan,            nan,
                   nan,            nan,            nan]])}, {'S1': array([ 0.01485149, -0.07425743, -0.14851485, -0.2029703 ,  0.        ,
       -0.06435644, -0.04950495]), 'S1_conf': array([0.70576545, 0.85087181, 0.59383075, 0.81067557, 0.        ,
       0.42746949, 0.42790142]), 'ST': array([0.04455446, 0.06435644, 0.06930693, 0.19306931, 0.        ,
       0.02475248, 0.08910891]), 'ST_conf': array([0.36232949, 0.4230821 , 0.27308673, 1.4277911 , 0.        ,
       0.17703039, 0.07574597]), 'S2': array([[            nan, -2.47524752e-02, -1.48514851e-02,
        -7.42574257e-02, -5.44554455e-02, -2.47524752e-02,
        -6.43564356e-02],
       [            nan,             nan,  1.48514851e-01,
         2.07920792e-01,  2.07920792e-01,  1.68316832e-01,
         2.17821782e-01],
       [            nan,             nan,             nan,
         3.26732673e-01,  3.66336634e-01,  3.16831683e-01,
         3.46534653e-01],
       [            nan,             nan,             nan,
                    nan,  6.58415842e-01,  6.58415842e-01,
         5.49504950e-01],
       [            nan,             nan,             nan,
                    nan,             nan,  1.38777878e-17,
         4.16333634e-17],
       [            nan,             nan,             nan,
                    nan,             nan,             nan,
         6.43564356e-02],
       [            nan,             nan,             nan,
                    nan,             nan,             nan,
                    nan]]), 'S2_conf': array([[           nan, 1.32063801e+00, 1.54872150e+00, 8.99989955e-01,
        1.41821276e+00, 1.57508093e+00, 1.45391501e+00],
       [           nan,            nan, 1.14868057e+00, 1.25900612e+00,
        1.47556928e+00, 1.25638048e+00, 1.66175076e+00],
       [           nan,            nan,            nan, 1.15944875e+00,
        1.53628371e+00, 1.55033650e+00, 1.64108315e+00],
       [           nan,            nan,            nan,            nan,
        1.89488968e+00, 2.41671741e+00, 1.98697170e+00],
       [           nan,            nan,            nan,            nan,
                   nan, 1.60406498e-16, 1.19884765e-16],
       [           nan,            nan,            nan,            nan,
                   nan,            nan, 4.27469493e-01],
       [           nan,            nan,            nan,            nan,
                   nan,            nan,            nan]])}, {'S1': array([-0.0359375 ,  0.06927083,  0.03723958, -0.16666667, -0.05260417,
        0.06927083, -0.09609375]), 'S1_conf': array([0.79766244, 0.58012674, 0.60800564, 0.54358274, 0.43364866,
       0.58012674, 0.12310932]), 'ST': array([0.05      , 0.03333333, 0.04166667, 0.11666667, 0.01666667,
       0.03333333, 0.075     ]), 'ST_conf': array([0.53872792, 0.27915873, 0.2722271 , 0.40154345, 0.1485871 ,
       0.27915873, 0.09608532]), 'S2': array([[       nan, 0.33333333, 0.3       , 0.23333333, 0.33333333,
        0.33333333, 0.23333333],
       [       nan,        nan, 0.04869792, 0.09869792, 0.09869792,
        0.04869792, 0.08203125],
       [       nan,        nan,        nan, 0.39479167, 0.54479167,
        0.54479167, 0.39479167],
       [       nan,        nan,        nan,        nan, 0.83072917,
        0.8640625 , 0.6640625 ],
       [       nan,        nan,        nan,        nan,        nan,
        0.05260417, 0.05260417],
       [       nan,        nan,        nan,        nan,        nan,
               nan, 0.19609375],
       [       nan,        nan,        nan,        nan,        nan,
               nan,        nan]]), 'S2_conf': array([[       nan, 0.83999163, 0.82666149, 0.80615005, 0.83999163,
        0.83999163, 0.80615005],
       [       nan,        nan, 2.75814048, 2.68764045, 2.68764045,
        2.75814048, 2.70414909],
       [       nan,        nan,        nan, 2.57812538, 2.53117284,
        2.53117284, 2.57812538],
       [       nan,        nan,        nan,        nan, 1.06925907,
        1.45386188, 1.55213775],
       [       nan,        nan,        nan,        nan,        nan,
        0.43364866, 0.43364866],
       [       nan,        nan,        nan,        nan,        nan,
               nan, 1.40136211],
       [       nan,        nan,        nan,        nan,        nan,
               nan,        nan]])}, {'S1': array([ 0.07934783,  0.03967391,  0.01956522, -0.06956522,  0.        ,
        0.        ,  0.00978261]), 'S1_conf': array([4.16379691, 1.37904225, 3.88728533, 1.35670943, 0.        ,
       0.        , 2.92684157]), 'ST': array([0.06956522, 0.0173913 , 0.10434783, 0.03478261, 0.        ,
       0.        , 0.03478261]), 'ST_conf': array([3.65045209, 0.60451167, 1.63700203, 0.5915682 , 0.        ,
       0.        , 1.26532509]), 'S2': array([[            nan, -3.02717391e-01, -3.02717391e-01,
        -3.02717391e-01, -3.02717391e-01, -3.02717391e-01,
        -3.02717391e-01],
       [            nan,             nan,  3.47826087e-02,
         3.47826087e-02,  3.47826087e-02,  3.47826087e-02,
         3.47826087e-02],
       [            nan,             nan,             nan,
         4.62500000e-01,  5.32065217e-01,  5.32065217e-01,
         4.62500000e-01],
       [            nan,             nan,             nan,
                    nan,  1.09239130e-01,  1.09239130e-01,
         1.44021739e-01],
       [            nan,             nan,             nan,
                    nan,             nan,  0.00000000e+00,
         2.08166817e-17],
       [            nan,             nan,             nan,
                    nan,             nan,             nan,
         7.44565217e-02],
       [            nan,             nan,             nan,
                    nan,             nan,             nan,
                    nan]]), 'S2_conf': array([[           nan, 1.58851704e+01, 1.58851704e+01, 1.58851704e+01,
        1.58851704e+01, 1.58851704e+01, 1.58851704e+01],
       [           nan,            nan, 4.04641460e+00, 4.04641460e+00,
        4.04641460e+00, 4.04641460e+00, 4.04641460e+00],
       [           nan,            nan,            nan, 4.84470764e+00,
        4.84877376e+00, 4.84877376e+00, 4.84470764e+00],
       [           nan,            nan,            nan,            nan,
        3.82323287e+00, 3.82323287e+00, 6.30433556e+00],
       [           nan,            nan,            nan,            nan,
                   nan, 0.00000000e+00, 2.47338419e-17],
       [           nan,            nan,            nan,            nan,
                   nan,            nan, 3.90712450e+00],
       [           nan,            nan,            nan,            nan,
                   nan,            nan,            nan]])}, {'S1': array([ 0.21107784,  0.07035928,  0.01946108, -0.0508982 ,  0.        ,
        0.07035928,  0.08982036]), 'S1_conf': array([nan, nan, nan, nan, nan, nan, nan]), 'ST': array([0.43113772, 0.04790419, 0.23952096, 0.19161677, 0.        ,
       0.04790419, 0.28742515]), 'ST_conf': array([nan, nan, nan, nan, nan, nan, nan]), 'S2': array([[            nan,  1.27245509e-01, -6.43712575e-02,
        -6.43712575e-02,  1.27245509e-01,  1.27245509e-01,
        -1.60179641e-01],
       [            nan,             nan, -7.03592814e-02,
        -7.03592814e-02, -7.03592814e-02, -7.03592814e-02,
        -7.03592814e-02],
       [            nan,             nan,             nan,
         1.97604790e-01,  3.89221557e-01,  3.89221557e-01,
         1.97604790e-01],
       [            nan,             nan,             nan,
                    nan,  4.59580838e-01,  4.59580838e-01,
         2.67964072e-01],
       [            nan,             nan,             nan,
                    nan,             nan,  1.38777878e-17,
         2.77555756e-17],
       [            nan,             nan,             nan,
                    nan,             nan,             nan,
        -7.03592814e-02],
       [            nan,             nan,             nan,
                    nan,             nan,             nan,
                    nan]]), 'S2_conf': array([[nan, nan, nan, nan, nan, nan, nan],
       [nan, nan, nan, nan, nan, nan, nan],
       [nan, nan, nan, nan, nan, nan, nan],
       [nan, nan, nan, nan, nan, nan, nan],
       [nan, nan, nan, nan, nan, nan, nan],
       [nan, nan, nan, nan, nan, nan, nan],
       [nan, nan, nan, nan, nan, nan, nan]])}, {'S1': array([ 0.08544304, -0.08544304,  0.17088608,  0.08544304,  0.        ,
        0.        ,  0.08544304]), 'S1_conf': array([nan, nan, nan, nan, nan, nan, nan]), 'ST': array([0.30379747, 0.10126582, 0.40506329, 0.10126582, 0.        ,
       0.        , 0.10126582]), 'ST_conf': array([nan, nan, nan, nan, nan, nan, nan]), 'S2': array([[        nan,  0.43670886,  0.43670886,  0.03164557,  0.23417722,
         0.23417722,  0.03164557],
       [        nan,         nan,  0.08544304,  0.08544304,  0.08544304,
         0.08544304,  0.08544304],
       [        nan,         nan,         nan,  1.07594937,  1.48101266,
         1.48101266,  1.07594937],
       [        nan,         nan,         nan,         nan,  0.95886076,
         0.95886076,  0.55379747],
       [        nan,         nan,         nan,         nan,         nan,
         0.        ,  0.        ],
       [        nan,         nan,         nan,         nan,         nan,
                nan, -0.08544304],
       [        nan,         nan,         nan,         nan,         nan,
                nan,         nan]]), 'S2_conf': array([[nan, nan, nan, nan, nan, nan, nan],
       [nan, nan, nan, nan, nan, nan, nan],
       [nan, nan, nan, nan, nan, nan, nan],
       [nan, nan, nan, nan, nan, nan, nan],
       [nan, nan, nan, nan, nan, nan, nan],
       [nan, nan, nan, nan, nan, nan, nan],
       [nan, nan, nan, nan, nan, nan, nan]])}, {'S1': array([-0.09785933, -0.05733945, -0.03211009,  0.01681957,  0.        ,
        0.00840979,  0.01681957]), 'S1_conf': array([nan, nan, nan, nan, nan, nan, nan]), 'ST': array([0.14678899, 0.02446483, 0.34250765, 0.09785933, 0.        ,
       0.02446483, 0.09785933]), 'ST_conf': array([nan, nan, nan, nan, nan, nan, nan]), 'S2': array([[        nan,  0.04051988,  0.1383792 ,  0.04051988,  0.04051988,
         0.04051988,  0.04051988],
       [        nan,         nan,  0.05733945,  0.05733945,  0.05733945,
         0.05733945,  0.05733945],
       [        nan,         nan,         nan, -0.15672783, -0.15672783,
        -0.15672783, -0.15672783],
       [        nan,         nan,         nan,         nan, -0.01681957,
        -0.01681957, -0.01681957],
       [        nan,         nan,         nan,         nan,         nan,
        -0.00840979, -0.00840979],
       [        nan,         nan,         nan,         nan,         nan,
                nan, -0.01681957],
       [        nan,         nan,         nan,         nan,         nan,
                nan,         nan]]), 'S2_conf': array([[nan, nan, nan, nan, nan, nan, nan],
       [nan, nan, nan, nan, nan, nan, nan],
       [nan, nan, nan, nan, nan, nan, nan],
       [nan, nan, nan, nan, nan, nan, nan],
       [nan, nan, nan, nan, nan, nan, nan],
       [nan, nan, nan, nan, nan, nan, nan],
       [nan, nan, nan, nan, nan, nan, nan]])}, {'S1': array([0.25     , 0.265625 , 0.1171875, 0.1171875, 0.       , 0.1171875,
       0.234375 ]), 'S1_conf': array([1.26915038e+31, 2.22890912e+00, 3.38451449e+31, 1.24432443e-01,
       0.00000000e+00, 1.24432443e-01, 2.48864886e-01]), 'ST': array([0.5  , 0.5  , 1.625, 0.125, 0.   , 0.125, 0.5  ]), 'ST_conf': array([3.20423649e+31, 4.19559364e+00, 7.22029758e+31, 1.32727939e-01,
       0.00000000e+00, 1.32727939e-01, 5.30911758e-01]), 'S2': array([[            nan, -6.32812500e-01, -1.32812500e-01,
        -1.32812500e-01, -1.32812500e-01, -1.32812500e-01,
        -1.32812500e-01],
       [            nan,             nan, -1.48437500e-01,
        -1.48437500e-01, -1.48437500e-01, -1.48437500e-01,
        -1.48437500e-01],
       [            nan,             nan,             nan,
        -2.34375000e-01, -2.34375000e-01, -2.34375000e-01,
        -2.34375000e-01],
       [            nan,             nan,             nan,
                    nan, -1.17187500e-01, -1.17187500e-01,
        -1.17187500e-01],
       [            nan,             nan,             nan,
                    nan,             nan,  2.77555756e-17,
         0.00000000e+00],
       [            nan,             nan,             nan,
                    nan,             nan,             nan,
        -2.34375000e-01],
       [            nan,             nan,             nan,
                    nan,             nan,             nan,
                    nan]]), 'S2_conf': array([[           nan, 1.26915038e+31, 1.26915038e+31, 1.26915038e+31,
        1.26915038e+31, 1.26915038e+31, 1.26915038e+31],
       [           nan,            nan, 1.24556686e+00, 1.24556686e+00,
        1.24556686e+00, 1.24556686e+00, 1.24556686e+00],
       [           nan,            nan,            nan, 4.13612331e+31,
        4.13612331e+31, 4.13612331e+31, 4.13612331e+31],
       [           nan,            nan,            nan,            nan,
        1.24432443e-01, 1.24432443e-01, 1.24432443e-01],
       [           nan,            nan,            nan,            nan,
                   nan, 2.55626463e-17, 0.00000000e+00],
       [           nan,            nan,            nan,            nan,
                   nan,            nan, 1.56638430e+31],
       [           nan,            nan,            nan,            nan,
                   nan,            nan,            nan]])}, {'S1': array([0.31770833, 0.34895833, 0.66666667, 0.        , 0.        ,
       0.        , 0.        ]), 'S1_conf': array([2.49885281e+32, 7.72671887e+32, 3.86335944e+32, 0.00000000e+00,
       0.00000000e+00, 0.00000000e+00, 0.00000000e+00]), 'ST': array([0.5       , 0.83333333, 0.33333333, 0.        , 0.        ,
       0.        , 0.        ]), 'ST_conf': array([7.46690229e+33, 1.64836669e+34, 4.12091673e+33, 0.00000000e+00,
       0.00000000e+00, 0.00000000e+00, 0.00000000e+00]), 'S2': array([[        nan, -0.68229167, -0.015625  , -0.015625  , -0.015625  ,
        -0.015625  , -0.015625  ],
       [        nan,         nan, -0.015625  , -0.34895833, -0.34895833,
        -0.34895833, -0.34895833],
       [        nan,         nan,         nan, -0.33333333, -0.33333333,
        -0.33333333, -0.33333333],
       [        nan,         nan,         nan,         nan,  0.31770833,
         0.31770833,  0.31770833],
       [        nan,         nan,         nan,         nan,         nan,
         0.        ,  0.        ],
       [        nan,         nan,         nan,         nan,         nan,
                nan,  0.015625  ],
       [        nan,         nan,         nan,         nan,         nan,
                nan,         nan]]), 'S2_conf': array([[           nan, 1.69811289e+34, 7.74911023e+33, 5.44439989e+32,
        5.44439989e+32, 5.44439989e+32, 5.44439989e+32],
       [           nan,            nan, 7.08282563e+33, 1.15900783e+33,
        1.15900783e+33, 1.15900783e+33, 1.15900783e+33],
       [           nan,            nan,            nan, 9.10438396e+32,
        9.10438396e+32, 9.10438396e+32, 9.10438396e+32],
       [           nan,            nan,            nan,            nan,
        3.46029688e-01, 3.46029688e-01, 3.46029688e-01],
       [           nan,            nan,            nan,            nan,
                   nan, 0.00000000e+00, 0.00000000e+00],
       [           nan,            nan,            nan,            nan,
                   nan,            nan, 5.44439989e+32],
       [           nan,            nan,            nan,            nan,
                   nan,            nan,            nan]])}, {'S1': array([0.265625, 0.265625, 0.      , 0.      , 0.      , 0.      ,
       0.      ]), 'S1_conf': array([1.08829991, 1.08829991, 0.        , 0.        , 0.        ,
       0.        , 0.        ]), 'ST': array([0.25, 0.25, 0.  , 0.  , 0.  , 0.  , 0.  ]), 'ST_conf': array([1.02428227, 1.02428227, 0.        , 0.        , 0.        ,
       0.        , 0.        ]), 'S2': array([[      nan, -0.265625, -0.265625, -0.265625, -0.265625, -0.265625,
        -0.265625],
       [      nan,       nan, -0.03125 , -0.03125 , -0.03125 , -0.03125 ,
        -0.03125 ],
       [      nan,       nan,       nan, -0.5     , -0.5     , -0.5     ,
        -0.5     ],
       [      nan,       nan,       nan,       nan, -0.265625, -0.265625,
        -0.265625],
       [      nan,       nan,       nan,       nan,       nan,  0.      ,
         0.      ],
       [      nan,       nan,       nan,       nan,       nan,       nan,
        -0.265625],
       [      nan,       nan,       nan,       nan,       nan,       nan,
              nan]]), 'S2_conf': array([[       nan, 1.08829991, 1.08829991, 1.08829991, 1.08829991,
        1.08829991, 1.08829991],
       [       nan,        nan, 0.12803528, 0.12803528, 0.12803528,
        0.12803528, 0.12803528],
       [       nan,        nan,        nan, 0.83106235, 0.83106235,
        0.83106235, 0.83106235],
       [       nan,        nan,        nan,        nan, 0.54818825,
        0.54818825, 0.54818825],
       [       nan,        nan,        nan,        nan,        nan,
        0.        , 0.        ],
       [       nan,        nan,        nan,        nan,        nan,
               nan, 0.54818825],
       [       nan,        nan,        nan,        nan,        nan,
               nan,        nan]])}, {'S1': array([ 0.75806452,  0.79032258, -0.24193548,  0.        ,  0.        ,
       -0.51612903,  0.        ]), 'S1_conf': array([nan, nan, nan, nan, nan, nan, nan]), 'ST': array([1.29032258, 1.29032258, 0.25806452, 0.        , 0.        ,
       0.51612903, 0.        ]), 'ST_conf': array([nan, nan, nan, nan, nan, nan, nan]), 'S2': array([[            nan, -1.00000000e+00,  3.22580645e-02,
        -4.83870968e-01, -4.83870968e-01,  3.22580645e-02,
        -4.83870968e-01],
       [            nan,             nan,  1.03225806e+00,
         0.00000000e+00,  0.00000000e+00,  1.03225806e+00,
         0.00000000e+00],
       [            nan,             nan,             nan,
        -2.41935484e-01, -2.41935484e-01, -1.27419355e+00,
        -2.41935484e-01],
       [            nan,             nan,             nan,
                    nan, -2.74193548e-01,  2.41935484e-01,
        -2.74193548e-01],
       [            nan,             nan,             nan,
                    nan,             nan, -2.41935484e-01,
        -2.41935484e-01],
       [            nan,             nan,             nan,
                    nan,             nan,             nan,
        -6.81676937e-14],
       [            nan,             nan,             nan,
                    nan,             nan,             nan,
                    nan]]), 'S2_conf': array([[nan, nan, nan, nan, nan, nan, nan],
       [nan, nan, nan, nan, nan, nan, nan],
       [nan, nan, nan, nan, nan, nan, nan],
       [nan, nan, nan, nan, nan, nan, nan],
       [nan, nan, nan, nan, nan, nan, nan],
       [nan, nan, nan, nan, nan, nan, nan],
       [nan, nan, nan, nan, nan, nan, nan]])}, {'S1': array([ 1.18518519,  0.3912037 ,  0.18981481,  0.59259259,  0.        ,
       -0.30787037,  0.28472222]), 'S1_conf': array([1.84370909, 1.36733676, 2.80680596, 0.46146933, 0.        ,
       2.45552603, 1.05104185]), 'ST': array([1.03703704, 0.37037037, 0.88888889, 0.14814815, 0.        ,
       0.51851852, 0.22222222]), 'ST_conf': array([2.5124221 , 1.37254549, 1.86110288, 0.19764569, 0.        ,
       1.38797123, 0.46527572]), 'S2': array([[            nan, -1.18518519e+00, -1.48148148e-01,
        -1.18518519e+00, -4.44444444e-01,  2.96296296e-01,
        -8.88888889e-01],
       [            nan,             nan,  1.03703704e+00,
        -4.44444444e-01, -4.44444444e-01,  7.40740741e-01,
        -2.96296296e-01],
       [            nan,             nan,             nan,
        -1.36574074e-01,  1.15740741e-02, -5.81018519e-01,
        -1.36574074e-01],
       [            nan,             nan,             nan,
                    nan, -1.06481481e-01,  1.89814815e-01,
        -2.54629630e-01],
       [            nan,             nan,             nan,
                    nan,             nan, -5.55111512e-17,
         0.00000000e+00],
       [            nan,             nan,             nan,
                    nan,             nan,             nan,
         4.14351852e-01],
       [            nan,             nan,             nan,
                    nan,             nan,             nan,
                    nan]]), 'S2_conf': array([[           nan, 3.44606687e+00, 3.09255750e+00, 2.39665416e+00,
        1.21869099e+00, 1.95091643e+00, 1.58943753e+00],
       [           nan,            nan, 3.62320662e+00, 1.69876967e+00,
        1.69876967e+00, 2.71060784e+00, 1.45440357e+00],
       [           nan,            nan,            nan, 2.82879024e+00,
        2.69739843e+00, 1.31380278e+00, 2.68385827e+00],
       [           nan,            nan,            nan,            nan,
        4.56025903e-01, 2.06930555e+00, 6.06306164e-01],
       [           nan,            nan,            nan,            nan,
                   nan, 4.60277196e-16, 1.11864848e-16],
       [           nan,            nan,            nan,            nan,
                   nan,            nan, 2.35041738e+00],
       [           nan,            nan,            nan,            nan,
                   nan,            nan,            nan]])}, {'S1': array([ 1.153125,  1.046875, -0.3     ,  0.      ,  0.      , -0.546875,
        0.      ]), 'S1_conf': array([1.32774071, 1.31890684, 1.12433433, 0.        , 0.        ,
       0.49803597, 0.        ]), 'ST': array([0.95, 0.65, 0.3 , 0.  , 0.  , 0.15, 0.  ]), 'ST_conf': array([1.40399026, 0.80255181, 0.33220068, 0.        , 0.        ,
       0.14484163, 0.        ]), 'S2': array([[            nan, -1.50625000e+00,  8.93750000e-01,
        -2.06250000e-01, -2.06250000e-01,  6.93750000e-01,
        -2.06250000e-01],
       [            nan,             nan,  4.53125000e-01,
        -4.46875000e-01, -4.46875000e-01,  1.53125000e-01,
        -4.46875000e-01],
       [            nan,             nan,             nan,
         2.46875000e-01,  2.46875000e-01,  1.46875000e-01,
         2.46875000e-01],
       [            nan,             nan,             nan,
                    nan,  0.00000000e+00, -2.22044605e-16,
         0.00000000e+00],
       [            nan,             nan,             nan,
                    nan,             nan, -2.22044605e-16,
         0.00000000e+00],
       [            nan,             nan,             nan,
                    nan,             nan,             nan,
         4.93750000e-01],
       [            nan,             nan,             nan,
                    nan,             nan,             nan,
                    nan]]), 'S2_conf': array([[           nan, 1.16486248e+00, 2.89044012e+00, 1.18022066e+00,
        1.18022066e+00, 1.82800482e+00, 1.18022066e+00],
       [           nan,            nan, 1.76683408e+00, 1.26396161e+00,
        1.26396161e+00, 1.20167759e+00, 1.26396161e+00],
       [           nan,            nan,            nan, 1.13656775e+00,
        1.13656775e+00, 1.20413778e+00, 1.13656775e+00],
       [           nan,            nan,            nan,            nan,
        0.00000000e+00, 1.94347369e-16, 0.00000000e+00],
       [           nan,            nan,            nan,            nan,
                   nan, 1.94347369e-16, 0.00000000e+00],
       [           nan,            nan,            nan,            nan,
                   nan,            nan, 4.45353420e-01],
       [           nan,            nan,            nan,            nan,
                   nan,            nan,            nan]])}, {'S1': array([1.80235602, 0.        , 1.0052356 , 0.        , 0.        ,
       0.66753927, 0.        ]), 'S1_conf': array([nan, nan, nan, nan, nan, nan, nan]), 'ST': array([1.80104712, 0.        , 0.7539267 , 0.        , 0.        ,
       0.2513089 , 0.        ]), 'ST_conf': array([nan, nan, nan, nan, nan, nan, nan]), 'S2': array([[        nan, -1.45942408, -0.20287958, -1.45942408, -1.45942408,
        -1.04057592, -1.45942408],
       [        nan,         nan,  0.58900524,  0.08638743,  0.08638743,
         0.2539267 ,  0.08638743],
       [        nan,         nan,         nan, -0.92146597, -0.92146597,
        -1.17277487, -0.92146597],
       [        nan,         nan,         nan,         nan,  0.        ,
         0.        ,  0.        ],
       [        nan,         nan,         nan,         nan,         nan,
         0.12696335,  0.04319372],
       [        nan,         nan,         nan,         nan,         nan,
                nan, -0.67015707],
       [        nan,         nan,         nan,         nan,         nan,
                nan,         nan]]), 'S2_conf': array([[nan, nan, nan, nan, nan, nan, nan],
       [nan, nan, nan, nan, nan, nan, nan],
       [nan, nan, nan, nan, nan, nan, nan],
       [nan, nan, nan, nan, nan, nan, nan],
       [nan, nan, nan, nan, nan, nan, nan],
       [nan, nan, nan, nan, nan, nan, nan],
       [nan, nan, nan, nan, nan, nan, nan]])}, {'S1': array([1.03923767, 0.02130045, 0.58744395, 0.38004484, 0.        ,
       0.44394619, 0.49439462]), 'S1_conf': array([nan, nan, nan, nan, nan, nan, nan]), 'ST': array([1.5426009 , 0.03587444, 0.78923767, 0.1793722 , 0.        ,
       0.35874439, 0.32286996]), 'ST_conf': array([nan, nan, nan, nan, nan, nan, nan]), 'S2': array([[        nan, -0.25784753,  0.38789238, -1.19058296, -0.25784753,
        -0.0426009 , -0.68834081],
       [        nan,         nan, -0.0426009 ,  0.02914798,  0.02914798,
         0.02914798,  0.02914798],
       [        nan,         nan,         nan, -0.10650224,  0.18049327,
        -0.25      , -0.25      ],
       [        nan,         nan,         nan,         nan, -0.35874439,
        -0.28699552, -0.35874439],
       [        nan,         nan,         nan,         nan,         nan,
         0.        ,  0.        ],
       [        nan,         nan,         nan,         nan,         nan,
                nan, -0.27914798],
       [        nan,         nan,         nan,         nan,         nan,
                nan,         nan]]), 'S2_conf': array([[nan, nan, nan, nan, nan, nan, nan],
       [nan, nan, nan, nan, nan, nan, nan],
       [nan, nan, nan, nan, nan, nan, nan],
       [nan, nan, nan, nan, nan, nan, nan],
       [nan, nan, nan, nan, nan, nan, nan],
       [nan, nan, nan, nan, nan, nan, nan],
       [nan, nan, nan, nan, nan, nan, nan]])}, {'S1': array([-0.18798956, -0.18798956, -0.21932115, -0.05221932,  0.        ,
       -0.09399478,  0.        ]), 'S1_conf': array([20.32799982,  6.99122335, 13.44798608,  2.20563705,  0.        ,
        3.49561167,  0.        ]), 'ST': array([1.42036554, 0.08355091, 0.4386423 , 0.02088773, 0.        ,
       0.02088773, 0.        ]), 'ST_conf': array([54.03157118,  3.10721038, 12.6933396 ,  0.88225482,  0.        ,
        0.77680259,  0.        ]), 'S2': array([[           nan, 1.55613577e+00, 1.89033943e+00, 8.87728460e-01,
        9.71279373e-01, 1.26370757e+00, 9.71279373e-01],
       [           nan,            nan, 3.13315927e-02, 3.13315927e-02,
        3.13315927e-02, 3.13315927e-02, 3.13315927e-02],
       [           nan,            nan,            nan, 1.02349869e+00,
        8.14621410e-01, 7.31070496e-01, 8.14621410e-01],
       [           nan,            nan,            nan,            nan,
        6.78851175e-01, 6.78851175e-01, 6.78851175e-01],
       [           nan,            nan,            nan,            nan,
                   nan, 2.77555756e-17, 0.00000000e+00],
       [           nan,            nan,            nan,            nan,
                   nan,            nan, 3.86422977e-01],
       [           nan,            nan,            nan,            nan,
                   nan,            nan,            nan]]), 'S2_conf': array([[           nan, 2.84379226e+01, 4.50358817e+01, 2.64143228e+01,
        2.86158836e+01, 2.63727388e+01, 2.86158836e+01],
       [           nan,            nan, 1.08999492e+01, 1.08999492e+01,
        1.08999492e+01, 1.08999492e+01, 1.08999492e+01],
       [           nan,            nan,            nan, 1.80399252e+01,
        2.32344359e+01, 2.21449870e+01, 2.32344359e+01],
       [           nan,            nan,            nan,            nan,
        2.41933223e+00, 2.41933223e+00, 2.41933223e+00],
       [           nan,            nan,            nan,            nan,
                   nan, 5.72572382e-16, 0.00000000e+00],
       [           nan,            nan,            nan,            nan,
                   nan,            nan, 7.74537987e+00],
       [           nan,            nan,            nan,            nan,
                   nan,            nan,            nan]])}, {'S1': array([ 0.29583333,  0.05972222, -0.17777778,  0.02916667,  0.        ,
        0.17916667,  0.05972222]), 'S1_conf': array([0.81799854, 1.09223635, 1.31397962, 0.09348875, 0.        ,
       0.64373616, 0.15353499]), 'ST': array([0.5       , 0.45555556, 0.62222222, 0.01111111, 0.        ,
       0.18888889, 0.01111111]), 'ST_conf': array([1.25164101, 0.9213068 , 1.34102697, 0.03561476, 0.        ,
       0.45857924, 0.02856465]), 'S2': array([[            nan,  5.69444444e-01,  6.58333333e-01,
         1.38888889e-02,  1.25000000e-01,  2.36111111e-01,
         1.25000000e-01],
       [            nan,             nan, -1.86111111e-01,
         1.25000000e-01,  1.25000000e-01, -7.50000000e-02,
         8.05555556e-02],
       [            nan,             nan,             nan,
         6.65277778e-01,  6.43055556e-01,  4.20833333e-01,
         5.98611111e-01],
       [            nan,             nan,             nan,
                    nan,  4.73611111e-01,  4.73611111e-01,
         4.73611111e-01],
       [            nan,             nan,             nan,
                    nan,             nan,  0.00000000e+00,
        -6.93889390e-18],
       [            nan,             nan,             nan,
                    nan,             nan,             nan,
         1.01388889e-01],
       [            nan,             nan,             nan,
                    nan,             nan,             nan,
                    nan]]), 'S2_conf': array([[           nan, 1.03524254e+00, 9.80370669e-01, 2.06648139e+00,
        2.01576180e+00, 1.70917260e+00, 2.01576180e+00],
       [           nan,            nan, 1.13713687e+00, 1.16001762e+00,
        1.16001762e+00, 1.36592105e+00, 1.21367883e+00],
       [           nan,            nan,            nan, 1.73597171e+00,
        1.75196994e+00, 1.88265258e+00, 1.80166086e+00],
       [           nan,            nan,            nan,            nan,
        7.88905942e-01, 7.88905942e-01, 7.88905942e-01],
       [           nan,            nan,            nan,            nan,
                   nan, 2.72942452e-17, 2.41723793e-17],
       [           nan,            nan,            nan,            nan,
                   nan,            nan, 1.15289922e+00],
       [           nan,            nan,            nan,            nan,
                   nan,            nan,            nan]])}, {'S1': array([-0.00498339, -0.03543743, -0.02713178, -0.07087486,  0.        ,
       -0.07807309,  0.00719823]), 'S1_conf': array([1.01788575e+31, 5.08942874e+30, 3.21899227e-02, 1.62137273e-01,
       0.00000000e+00, 3.60085084e+00, 5.08942874e+30]), 'ST': array([0.43410853, 0.01771872, 0.00885936, 0.07087486, 0.        ,
       0.07973422, 0.04429679]), 'ST_conf': array([2.93444540e+30, 7.33611351e+29, 1.05109952e-02, 4.05256533e-01,
       0.00000000e+00, 3.67746469e+00, 7.33611351e+29]), 'S2': array([[           nan, 3.88704319e-01, 2.29235880e-01, 1.05204873e-01,
        2.82392027e-01, 2.29235880e-01, 8.74861573e-02],
       [           nan,            nan, 8.02879291e-02, 8.02879291e-02,
        8.02879291e-02, 1.86600221e-01, 9.80066445e-02],
       [           nan,            nan,            nan, 5.17165006e-01,
        6.23477298e-01, 6.76633444e-01, 4.99446290e-01],
       [           nan,            nan,            nan,            nan,
        7.45293466e-01, 6.92137320e-01, 5.68106312e-01],
       [           nan,            nan,            nan,            nan,
                   nan, 0.00000000e+00, 3.72965547e-17],
       [           nan,            nan,            nan,            nan,
                   nan,            nan, 5.04429679e-01],
       [           nan,            nan,            nan,            nan,
                   nan,            nan,            nan]]), 'S2_conf': array([[           nan, 2.82898877e+31, 3.56260012e+31, 3.56260012e+31,
        3.56260012e+31, 3.56260012e+31, 4.29621147e+31],
       [           nan,            nan, 1.01788575e+31, 1.01788575e+31,
        1.01788575e+31, 1.01788575e+31, 1.16460802e+31],
       [           nan,            nan,            nan, 5.08942874e+30,
        5.08942874e+30, 5.08942874e+30, 6.55665145e+30],
       [           nan,            nan,            nan,            nan,
        1.01788575e+31, 1.01788575e+31, 1.31133029e+31],
       [           nan,            nan,            nan,            nan,
                   nan, 0.00000000e+00, 3.10497646e+15],
       [           nan,            nan,            nan,            nan,
                   nan,            nan, 6.55665145e+30],
       [           nan,            nan,            nan,            nan,
                   nan,            nan,            nan]])}, {'S1': array([-0.14769821,  0.30370844, -0.01470588, -0.16432225,  0.        ,
        0.05818414, -0.01790281]), 'S1_conf': array([14.11904335,  1.52803304,  5.66619504,  0.42742195,  0.        ,
        0.24805985,  2.84503425]), 'ST': array([0.26086957, 0.33248082, 0.12787724, 0.12787724, 0.        ,
       0.02557545, 0.03069054]), 'ST_conf': array([13.8841318 ,  1.48377666,  2.4286897 ,  0.53468538,  0.        ,
        0.26100607,  0.54267179]), 'S2': array([[        nan,  0.20332481,  0.24424552, -0.01150895,  0.08056266,
         0.01918159,  0.10102302],
       [        nan,         nan, -0.19565217,  0.28516624,  0.10102302,
         0.17263427,  0.04987212],
       [        nan,         nan,         nan,  0.25575448,  0.10230179,
         0.20460358,  0.06138107],
       [        nan,         nan,         nan,         nan,  0.24488491,
         0.26534527,  0.20396419],
       [        nan,         nan,         nan,         nan,         nan,
        -0.03964194, -0.03964194],
       [        nan,         nan,         nan,         nan,         nan,
                nan, -0.19820972],
       [        nan,         nan,         nan,         nan,         nan,
                nan,         nan]]), 'S2_conf': array([[        nan, 21.97821917, 26.38759318, 22.21749955, 22.07341216,
        22.16262111, 24.26890235],
       [        nan,         nan,  1.40700649,  6.36677893,  4.04951251,
         5.65005271,  4.12429718],
       [        nan,         nan,         nan, 21.97328607, 21.60083348,
        21.83023739, 25.97025746],
       [        nan,         nan,         nan,         nan,  7.95447262,
         7.96285984, 10.15101027],
       [        nan,         nan,         nan,         nan,         nan,
         0.95160644,  0.67318261],
       [        nan,         nan,         nan,         nan,         nan,
                nan, 20.10383441],
       [        nan,         nan,         nan,         nan,         nan,
                nan,         nan]])}, {'S1': array([ 0.01847826, -0.1267663 ,  0.02228261, -0.0423913 , -0.04225543,
        0.12785326,  0.07201087]), 'S1_conf': array([2.50174174, 2.2529379 , 1.2460905 , 1.92854932, 0.75840866,
       0.27207912, 0.27732232]), 'ST': array([0.1826087 , 0.07391304, 0.10434783, 0.10434783, 0.00434783,
       0.16086957, 0.04347826]), 'ST_conf': array([0.89071034, 1.00777565, 0.39275297, 0.48003662, 0.07803562,
       0.22366981, 0.07613057]), 'S2': array([[       nan, 0.54144022, 0.63709239, 0.39361413, 0.14144022,
        0.57622283, 0.36752717],
       [       nan,        nan, 0.16277174, 0.24972826, 0.2236413 ,
        0.19755435, 0.19755435],
       [       nan,        nan,        nan, 1.20855978, 0.8607337 ,
        1.30421196, 1.06942935],
       [       nan,        nan,        nan,        nan, 1.19375   ,
        1.7763587 , 1.48940217],
       [       nan,        nan,        nan,        nan,        nan,
        0.04225543, 0.04225543],
       [       nan,        nan,        nan,        nan,        nan,
               nan, 0.83967391],
       [       nan,        nan,        nan,        nan,        nan,
               nan,        nan]]), 'S2_conf': array([[        nan,  5.33772894,  7.96833099, 10.63618607, 10.33129975,
        10.66590844, 10.48164396],
       [        nan,         nan,  3.41254279,  3.89269366,  3.84598711,
         3.8559847 ,  3.8559847 ],
       [        nan,         nan,         nan,  2.11174239,  2.21750697,
         2.87759398,  2.65343238],
       [        nan,         nan,         nan,         nan,  2.65496871,
         2.96488431,  2.91740109],
       [        nan,         nan,         nan,         nan,         nan,
         0.75840866,  0.75840866],
       [        nan,         nan,         nan,         nan,         nan,
                nan,  1.75666291],
       [        nan,         nan,         nan,         nan,         nan,
                nan,         nan]])}]
------------
{'S1': array([ 1.12608841,  0.38094441,  0.56954677,  0.16203394,  0.        ,
       -0.05073677,  0.20289127]), 'S1_conf': array([3.15346719, 2.69852036, 2.31401402, 0.18348071, 0.        ,
       1.68834794, 0.40649885]), 'ST': array([0.79124805, 0.32328645, 0.45010047, 0.00893056, 0.        ,
       0.08037508, 0.01964724]), 'ST_conf': array([5.00708161, 2.08566397, 1.64799879, 0.02143535, 0.        ,
       0.57889182, 0.00807634]), 'S2': array([[        nan, -1.26440054, -0.67855548, -0.93932797, -0.83573342,
        -0.53209422, -0.94647243],
       [        nan,         nan,  0.30949989, -0.21918955, -0.21918955,
         0.03443849, -0.226334  ],
       [        nan,         nan,         nan, -0.63669346, -0.6009712 ,
        -0.9724827 , -0.65455459],
       [        nan,         nan,         nan,         nan, -0.09058942,
        -0.06201161, -0.13345613],
       [        nan,         nan,         nan,         nan,         nan,
         0.01400982,  0.0104376 ],
       [        nan,         nan,         nan,         nan,         nan,
                nan, -0.01841929],
       [        nan,         nan,         nan,         nan,         nan,
                nan,         nan]]), 'S2_conf': array([[       nan, 5.06514637, 3.85151321, 3.84104017, 3.23725051,
        1.47592156, 3.17882674],
       [       nan,        nan, 4.47362364, 2.70675029, 2.70675029,
        2.54779463, 2.38128921],
       [       nan,        nan,        nan, 1.78290166, 1.52223094,
        2.03282862, 1.51546956],
       [       nan,        nan,        nan,        nan, 0.3264827 ,
        0.51311218, 0.30687455],
       [       nan,        nan,        nan,        nan,        nan,
        0.29062597, 0.10921057],
       [       nan,        nan,        nan,        nan,        nan,
               nan, 1.55022693],
       [       nan,        nan,        nan,        nan,        nan,
               nan,        nan]])}
------------
{'S1': array([ 0.02757435, -0.00752711, -0.08628612, -0.1158464 , -0.00574948,
       -0.00997037, -0.05363419]), 'S1_conf': array([0.25719135, 1.04113933, 0.62942845, 0.25059845, 0.04406415,
       0.47446811, 0.43871836]), 'ST': array([0.02385621, 0.10925744, 0.05588167, 0.07382395, 0.00025059,
       0.02876778, 0.06109395]), 'ST_conf': array([0.14412933, 0.58919954, 0.28474321, 0.15952963, 0.00178304,
       0.14945419, 0.09446263]), 'S2': array([[        nan,  0.09026895,  0.08204958, -0.00595779,  0.0441603 ,
         0.07984438,  0.00827575],
       [        nan,         nan,  0.15136447,  0.22994963,  0.2733519 ,
         0.1819365 ,  0.26042143],
       [        nan,         nan,         nan,  0.33825326,  0.38406119,
         0.31900791,  0.3372509 ],
       [        nan,         nan,         nan,         nan,  0.53271928,
         0.55827951,  0.46315537],
       [        nan,         nan,         nan,         nan,         nan,
        -0.00513084, -0.00202352],
       [        nan,         nan,         nan,         nan,         nan,
                nan,  0.15156807],
       [        nan,         nan,         nan,         nan,         nan,
                nan,         nan]]), 'S2_conf': array([[       nan, 0.72201899, 0.737197  , 0.95640604, 1.03232328,
        0.85721139, 1.01405741],
       [       nan,        nan, 1.81643791, 2.23758456, 2.40439001,
        2.09700563, 2.5846612 ],
       [       nan,        nan,        nan, 1.53390468, 1.60832786,
        1.36015924, 1.73410772],
       [       nan,        nan,        nan,        nan, 0.82478042,
        0.93240925, 0.82573235],
       [       nan,        nan,        nan,        nan,        nan,
        0.05808274, 0.05338218],
       [       nan,        nan,        nan,        nan,        nan,
               nan, 0.83408094],
       [       nan,        nan,        nan,        nan,        nan,
               nan,        nan]])}
------------
{'S1': array([nan, nan, nan, nan, nan, nan, nan]), 'S1_conf': array([nan, nan, nan, nan, nan, nan, nan]), 'ST': array([nan, nan, nan, nan, nan, nan, nan]), 'ST_conf': array([nan, nan, nan, nan, nan, nan, nan]), 'S2': array([[nan, nan, nan, nan, nan, nan, nan],
       [nan, nan, nan, nan, nan, nan, nan],
       [nan, nan, nan, nan, nan, nan, nan],
       [nan, nan, nan, nan, nan, nan, nan],
       [nan, nan, nan, nan, nan, nan, nan],
       [nan, nan, nan, nan, nan, nan, nan],
       [nan, nan, nan, nan, nan, nan, nan]]), 'S2_conf': array([[nan, nan, nan, nan, nan, nan, nan],
       [nan, nan, nan, nan, nan, nan, nan],
       [nan, nan, nan, nan, nan, nan, nan],
       [nan, nan, nan, nan, nan, nan, nan],
       [nan, nan, nan, nan, nan, nan, nan],
       [nan, nan, nan, nan, nan, nan, nan],
       [nan, nan, nan, nan, nan, nan, nan]])}
------------
