[{'S1': array([0.31790077, 0.101935  , 0.16845618, 0.08943421, 0.00279973,
       0.02206181, 0.21098155]), 'S1_conf': array([0.04785902, 0.03031999, 0.03394021, 0.03103669, 0.00715794,
       0.01563433, 0.04171283]),
       
       'ST': array([0.38734603, 0.15317993, 0.24955278, 0.14418147, 0.00645691,
       0.04760255, 0.27441876]), 
       
       'ST_conf': array([0.03399299, 0.01628091, 0.02560364, 0.01302103, 0.00153688,
       0.00622114, 0.02853278]), 
       
       'S2': array([[        nan, -0.0114053 ,  0.02884736, -0.00275029, -0.00797077,
        -0.00055219,  0.00453091],
       [        nan,         nan,  0.01065828,  0.00241542,  0.00420137,
         0.00104161,  0.00433875],
       [        nan,         nan,         nan,  0.00942719,  0.00310766,
        -0.0037614 , -0.00032687],
       [        nan,         nan,         nan,         nan,  0.00768801,
         0.00933658,  0.01757945],
       [        nan,         nan,         nan,         nan,         nan,
        -0.00126248, -0.00249891],
       [        nan,         nan,         nan,         nan,         nan,
                nan,  0.00747069],
       [        nan,         nan,         nan,         nan,         nan,
                nan,         nan]]), 'S2_conf': array([[       nan, 0.07183376, 0.07831302, 0.06845279, 0.06640676,
        0.06923052, 0.07696204],
       [       nan,        nan, 0.04478422, 0.03818372, 0.03716155,
        0.03856085, 0.04345197],
       [       nan,        nan,        nan, 0.05299547, 0.05080737,
        0.04853631, 0.05379935],
       [       nan,        nan,        nan,        nan, 0.04489961,
        0.04680227, 0.0513869 ],
       [       nan,        nan,        nan,        nan,        nan,
        0.0098316 , 0.00946562],
       [       nan,        nan,        nan,        nan,        nan,
               nan, 0.02223207],
       [       nan,        nan,        nan,        nan,        nan,
               nan,        nan]])}, {'S1': array([ 0.24639399,  0.13031691,  0.13920017,  0.12576898, -0.00396597,
        0.0147097 ,  0.27805787]), 'S1_conf': array([0.04042235, 0.03007896, 0.02920258, 0.03448491, 0.00556492,
       0.01670615, 0.04635211]), 'ST': array([0.28604632, 0.16054282, 0.19222961, 0.17184408, 0.00692135,
       0.04228511, 0.32524926]), 'ST_conf': array([0.027154  , 0.01929191, 0.01970738, 0.01442387, 0.00124841,
       0.00459251, 0.03242616]), 'S2': array([[        nan, -0.00522156,  0.00483602,  0.00180793,  0.00094276,
        -0.00781707,  0.00083462],
       [        nan,         nan,  0.00431545, -0.00790505, -0.0012    ,
        -0.00271404,  0.00864129],
       [        nan,         nan,         nan,  0.00336322,  0.00498541,
         0.00303878,  0.01039271],
       [        nan,         nan,         nan,         nan, -0.00229673,
        -0.00662257,  0.01176225],
       [        nan,         nan,         nan,         nan,         nan,
         0.00871004,  0.0095752 ],
       [        nan,         nan,         nan,         nan,         nan,
                nan,  0.00884231],
       [        nan,         nan,         nan,         nan,         nan,
                nan,         nan]]), 'S2_conf': array([[       nan, 0.05848675, 0.06154586, 0.06018046, 0.05554626,
        0.05717382, 0.0652841 ],
       [       nan,        nan, 0.03961617, 0.03934934, 0.03624923,
        0.03719692, 0.04456195],
       [       nan,        nan,        nan, 0.04495838, 0.04366791,
        0.04436474, 0.0513238 ],
       [       nan,        nan,        nan,        nan, 0.04823968,
        0.04868862, 0.05754178],
       [       nan,        nan,        nan,        nan,        nan,
        0.00726025, 0.00787609],
       [       nan,        nan,        nan,        nan,        nan,
               nan, 0.02645523],
       [       nan,        nan,        nan,        nan,        nan,
               nan,        nan]])}, {'S1': array([ 0.22154694,  0.0741191 ,  0.08568153,  0.16674615, -0.00309866,
        0.00209648,  0.30940565]), 'S1_conf': array([0.04328905, 0.03050698, 0.03203799, 0.03779854, 0.00541858,
       0.0142779 , 0.04617034]), 'ST': array([0.31872726, 0.14612655, 0.17891482, 0.24476197, 0.00518659,
       0.03499821, 0.37045786]), 'ST_conf': array([0.03358574, 0.01856271, 0.02211354, 0.02607724, 0.00112959,
       0.00578829, 0.03296638]), 'S2': array([[       nan, 0.01129704, 0.02996876, 0.009042  , 0.01129704,
        0.01797195, 0.00732817],
       [       nan,        nan, 0.01395894, 0.01892003, 0.00863705,
        0.00926846, 0.01486096],
       [       nan,        nan,        nan, 0.02217012, 0.02631939,
        0.02776262, 0.03281391],
       [       nan,        nan,        nan,        nan, 0.0189618 ,
        0.01454192, 0.01508313],
       [       nan,        nan,        nan,        nan,        nan,
        0.00493687, 0.00168961],
       [       nan,        nan,        nan,        nan,        nan,
               nan, 0.00687479],
       [       nan,        nan,        nan,        nan,        nan,
               nan,        nan]]), 'S2_conf': array([[       nan, 0.06373841, 0.07002138, 0.06746084, 0.06239327,
        0.06452802, 0.06917649],
       [       nan,        nan, 0.0402965 , 0.04234207, 0.03817793,
        0.03769323, 0.04560306],
       [       nan,        nan,        nan, 0.03969411, 0.03783771,
        0.03817802, 0.04146089],
       [       nan,        nan,        nan,        nan, 0.05268602,
        0.05186921, 0.05814534],
       [       nan,        nan,        nan,        nan,        nan,
        0.00755357, 0.00782643],
       [       nan,        nan,        nan,        nan,        nan,
               nan, 0.01968792],
       [       nan,        nan,        nan,        nan,        nan,
               nan,        nan]])}, {'S1': array([0.2716677 , 0.06827838, 0.12070662, 0.14788807, 0.00431399,
       0.03129953, 0.31829605]), 'S1_conf': array([0.03937263, 0.02188489, 0.02925137, 0.03349273, 0.00511373,
       0.01840217, 0.04622653]), 'ST': array([0.31928624, 0.10659947, 0.16413314, 0.19872163, 0.0050534 ,
       0.05975307, 0.34540687]), 'ST_conf': array([0.03028526, 0.0121267 , 0.01936164, 0.02084573, 0.00087046,
       0.00776286, 0.03587024]), 'S2': array([[        nan, -0.00057692,  0.00871041,  0.00420332,  0.00536424,
         0.00727634, -0.00050863],
       [        nan,         nan,  0.01084857,  0.00770726,  0.0093462 ,
         0.00825358,  0.01494592],
       [        nan,         nan,         nan,  0.00318652,  0.00905939,
         0.00864966,  0.01035689],
       [        nan,         nan,         nan,         nan,  0.000438  ,
         0.00501337,  0.01573478],
       [        nan,         nan,         nan,         nan,         nan,
        -0.00758622, -0.00697162],
       [        nan,         nan,         nan,         nan,         nan,
                nan,  0.00358307],
       [        nan,         nan,         nan,         nan,         nan,
                nan,         nan]]), 'S2_conf': array([[       nan, 0.06180194, 0.05864466, 0.0641574 , 0.05945851,
        0.06171997, 0.06763425],
       [       nan,        nan, 0.03548609, 0.03229354, 0.03073969,
        0.03281796, 0.03707582],
       [       nan,        nan,        nan, 0.04544707, 0.04296192,
        0.04556484, 0.04548551],
       [       nan,        nan,        nan,        nan, 0.05149077,
        0.05391477, 0.05608826],
       [       nan,        nan,        nan,        nan,        nan,
        0.00765667, 0.00780705],
       [       nan,        nan,        nan,        nan,        nan,
               nan, 0.0258862 ],
       [       nan,        nan,        nan,        nan,        nan,
               nan,        nan]])}, {'S1': array([ 0.29447951,  0.04618317,  0.10999458,  0.14819801, -0.00134476,
        0.08494462,  0.24471099]), 'S1_conf': array([0.04554475, 0.02044676, 0.0291854 , 0.03272503, 0.0044759 ,
       0.02833278, 0.03873584]), 'ST': array([0.34112671, 0.07097556, 0.16300743, 0.18306107, 0.0046195 ,
       0.11717054, 0.29568374]), 'ST_conf': array([0.03399088, 0.00705673, 0.01719593, 0.01541494, 0.00099784,
       0.01166314, 0.0246497 ]), 'S2': array([[        nan, -0.01945498,  0.00453777, -0.0184523 , -0.008139  ,
        -0.01787933, -0.01479967],
       [        nan,         nan,  0.00543672, -0.00057937, -0.00022127,
        -0.00143881, -0.00287121],
       [        nan,         nan,         nan,  0.02742738,  0.02019375,
         0.02370313,  0.01911944],
       [        nan,         nan,         nan,         nan,  0.00930001,
         0.00729465,  0.01345398],
       [        nan,         nan,         nan,         nan,         nan,
        -0.00475683, -0.00117582],
       [        nan,         nan,         nan,         nan,         nan,
                nan,  0.0092904 ],
       [        nan,         nan,         nan,         nan,         nan,
                nan,         nan]]), 'S2_conf': array([[       nan, 0.06407588, 0.07522593, 0.06609543, 0.0661602 ,
        0.06657357, 0.06883429],
       [       nan,        nan, 0.02837783, 0.02738663, 0.02668337,
        0.03032358, 0.02980497],
       [       nan,        nan,        nan, 0.04518608, 0.04131975,
        0.04135573, 0.04420601],
       [       nan,        nan,        nan,        nan, 0.0450498 ,
        0.04528019, 0.05274119],
       [       nan,        nan,        nan,        nan,        nan,
        0.00664343, 0.00609788],
       [       nan,        nan,        nan,        nan,        nan,
               nan, 0.03633968],
       [       nan,        nan,        nan,        nan,        nan,
               nan,        nan]])}, {'S1': array([0.16366387, 0.0259841 , 0.11169408, 0.20094508, 0.00258421,
       0.07983862, 0.40164907]), 'S1_conf': array([0.0360766 , 0.01583659, 0.02733952, 0.03392337, 0.00696832,
       0.02772167, 0.05330091]), 'ST': array([0.20322965, 0.05388101, 0.14529709, 0.25194144, 0.00707858,
       0.11167386, 0.42741562]), 'ST_conf': array([0.01687566, 0.00675823, 0.01444325, 0.02296298, 0.00117139,
       0.0139152 , 0.0349228 ]), 'S2': array([[        nan, -0.00034342,  0.00375471,  0.00626946,  0.00096053,
        -0.00248562, -0.01934381],
       [        nan,         nan,  0.02030607,  0.01387947,  0.02077176,
         0.01509027,  0.0161148 ],
       [        nan,         nan,         nan,  0.00454   ,  0.00118699,
        -0.00328369, -0.01064168],
       [        nan,         nan,         nan,         nan,  0.0086034 ,
         0.01018676,  0.00832398],
       [        nan,         nan,         nan,         nan,         nan,
         0.00224266, -0.00651242],
       [        nan,         nan,         nan,         nan,         nan,
                nan, -0.01340658],
       [        nan,         nan,         nan,         nan,         nan,
                nan,         nan]]), 'S2_conf': array([[       nan, 0.04779549, 0.04950868, 0.05319372, 0.04835888,
        0.05123072, 0.05582678],
       [       nan,        nan, 0.02500412, 0.02544566, 0.0239753 ,
        0.02320093, 0.02741388],
       [       nan,        nan,        nan, 0.03743604, 0.03919104,
        0.03805912, 0.04133825],
       [       nan,        nan,        nan,        nan, 0.05186908,
        0.05461113, 0.05847139],
       [       nan,        nan,        nan,        nan,        nan,
        0.00869527, 0.01060687],
       [       nan,        nan,        nan,        nan,        nan,
               nan, 0.04347977],
       [       nan,        nan,        nan,        nan,        nan,
               nan,        nan]])}, {'S1': array([ 0.17437306,  0.0277014 ,  0.08678692,  0.14068636, -0.00902548,
        0.10080663,  0.34543487]), 'S1_conf': array([0.03492351, 0.01975235, 0.03196337, 0.03352336, 0.00738131,
       0.03510684, 0.04572196]), 'ST': array([0.25010127, 0.09246329, 0.18996039, 0.20983072, 0.01218714,
       0.18466164, 0.43131871]), 'ST_conf': array([0.02308827, 0.01203924, 0.02310492, 0.01983091, 0.00376762,
       0.01799542, 0.03191686]), 'S2': array([[        nan,  0.00415981,  0.01316769,  0.00680918,  0.00415981,
         0.0020403 , -0.00272858],
       [        nan,         nan,  0.02721379,  0.02085529,  0.02191504,
         0.01343703,  0.01502666],
       [        nan,         nan,         nan,  0.01919699,  0.02078662,
         0.01919699,  0.01124886],
       [        nan,         nan,         nan,         nan,  0.00275325,
         0.00222337,  0.01388063],
       [        nan,         nan,         nan,         nan,         nan,
         0.01352503,  0.01670428],
       [        nan,         nan,         nan,         nan,         nan,
                nan,  0.00744466],
       [        nan,         nan,         nan,         nan,         nan,
                nan,         nan]]), 'S2_conf': array([[       nan, 0.04803097, 0.05130077, 0.04850576, 0.04474039,
        0.05261919, 0.05659591],
       [       nan,        nan, 0.03459451, 0.0331232 , 0.03288826,
        0.03325529, 0.0348062 ],
       [       nan,        nan,        nan, 0.05198515, 0.04742061,
        0.04985373, 0.05049774],
       [       nan,        nan,        nan,        nan, 0.04177627,
        0.04522055, 0.0550515 ],
       [       nan,        nan,        nan,        nan,        nan,
        0.01102383, 0.01104268],
       [       nan,        nan,        nan,        nan,        nan,
               nan, 0.04885928],
       [       nan,        nan,        nan,        nan,        nan,
               nan,        nan]])}, {'S1': array([ 0.10634364,  0.11211891,  0.31062887, -0.00774307, -0.00774307,
        0.01621834,  0.00310272]), 'S1_conf': array([0.04941517, 0.04568423, 0.05656817, 0.02355147, 0.01500632,
       0.03429174, 0.02775079]), 'ST': array([0.40522978, 0.47410282, 0.65829817, 0.09289853, 0.03844077,
       0.16657667, 0.13294099]), 'ST_conf': array([0.04670881, 0.05094617, 0.05110983, 0.02352378, 0.01546181,
       0.03056737, 0.02992958]), 'S2': array([[        nan,  0.04091196,  0.01528478, -0.01995259, -0.02315599,
        -0.02315599, -0.00073221],
       [        nan,         nan,  0.08205274,  0.02759498,  0.04361197,
         0.02759498,  0.01478139],
       [        nan,         nan,         nan, -0.01208138, -0.02489497,
        -0.01208138,  0.0039356 ],
       [        nan,         nan,         nan,         nan,  0.00113492,
         0.00433832,  0.00433832],
       [        nan,         nan,         nan,         nan,         nan,
         0.01271291,  0.01271291],
       [        nan,         nan,         nan,         nan,         nan,
                nan, -0.01382037],
       [        nan,         nan,         nan,         nan,         nan,
                nan,         nan]]), 'S2_conf': array([[       nan, 0.06544738, 0.06860843, 0.06173063, 0.05994142,
        0.06532983, 0.06375325],
       [       nan,        nan, 0.05587605, 0.05229546, 0.05097414,
        0.05077979, 0.05200348],
       [       nan,        nan,        nan, 0.06922411, 0.07049342,
        0.07834228, 0.07258219],
       [       nan,        nan,        nan,        nan, 0.03112239,
        0.03243033, 0.03153754],
       [       nan,        nan,        nan,        nan,        nan,
        0.0205934 , 0.02163858],
       [       nan,        nan,        nan,        nan,        nan,
               nan, 0.0468863 ],
       [       nan,        nan,        nan,        nan,        nan,
               nan,        nan]])}, {'S1': array([0.0913425 , 0.21404726, 0.2628849 , 0.01240919, 0.0050059 ,
       0.00681526, 0.0411177 ]), 'S1_conf': array([0.04131475, 0.05820668, 0.0553878 , 0.02668583, 0.01295776,
       0.02732106, 0.0255458 ]), 'ST': array([0.31534878, 0.59602571, 0.6604163 , 0.10731765, 0.04953122,
       0.11887493, 0.14859367]), 'ST_conf': array([0.03758236, 0.05074322, 0.05556586, 0.02618047, 0.01566127,
       0.02554918, 0.02772459]), 'S2': array([[        nan,  0.00223156, -0.01097677, -0.03739342, -0.0406955 ,
        -0.03078926, -0.0406955 ],
       [        nan,         nan,  0.13708916,  0.03472463,  0.02812047,
         0.02812047, -0.01150451],
       [        nan,         nan,         nan, -0.04063521, -0.04723937,
        -0.0241248 , -0.03072896],
       [        nan,         nan,         nan,         nan,  0.00180936,
        -0.00809688,  0.00180936],
       [        nan,         nan,         nan,         nan,         nan,
        -0.01480659, -0.01480659],
       [        nan,         nan,         nan,         nan,         nan,
                nan, -0.02023468],
       [        nan,         nan,         nan,         nan,         nan,
                nan,         nan]]), 'S2_conf': array([[       nan, 0.06369974, 0.05538601, 0.05121112, 0.05354353,
        0.05435178, 0.0531838 ],
       [       nan,        nan, 0.09158037, 0.07236374, 0.06883376,
        0.07270653, 0.07293638],
       [       nan,        nan,        nan, 0.07615328, 0.06933104,
        0.07383526, 0.07361898],
       [       nan,        nan,        nan,        nan, 0.03730303,
        0.04021688, 0.03468476],
       [       nan,        nan,        nan,        nan,        nan,
        0.02020611, 0.02020611],
       [       nan,        nan,        nan,        nan,        nan,
               nan, 0.03331721],
       [       nan,        nan,        nan,        nan,        nan,
               nan,        nan]])}, {'S1': array([ 0.06629478,  0.2676124 ,  0.20780497, -0.00723109,  0.00216245,
        0.00601445,  0.02709898]), 'S1_conf': array([0.04526426, 0.06126528, 0.0580557 , 0.03168606, 0.01862082,
       0.02371044, 0.03480484]), 'ST': array([0.29467785, 0.67024765, 0.5700957 , 0.14252393, 0.06355797,
       0.09822595, 0.17911791]), 'ST_conf': array([0.04147189, 0.0643091 , 0.05412977, 0.03034731, 0.02025077,
       0.02437771, 0.03205859]), 'S2': array([[        nan, -0.02926143, -0.01770543, -0.00229744, -0.01385344,
        -0.01385344, -0.01000144],
       [        nan,         nan,  0.07474252,  0.01696255,  0.00155456,
        -0.01000144, -0.00229744],
       [        nan,         nan,         nan,  0.04865727,  0.01784129,
         0.01398929,  0.01784129],
       [        nan,         nan,         nan,         nan, -0.00716317,
        -0.01101517, -0.00331117],
       [        nan,         nan,         nan,         nan,         nan,
        -0.00263535,  0.00892064],
       [        nan,         nan,         nan,         nan,         nan,
                nan,  0.019125  ],
       [        nan,         nan,         nan,         nan,         nan,
                nan,         nan]]), 'S2_conf': array([[       nan, 0.06897363, 0.05744605, 0.04537575, 0.05161689,
        0.04692621, 0.05281667],
       [       nan,        nan, 0.10081415, 0.08065023, 0.08478214,
        0.07732864, 0.0791719 ],
       [       nan,        nan,        nan, 0.06970478, 0.069822  ,
        0.06957477, 0.07601922],
       [       nan,        nan,        nan,        nan, 0.03731306,
        0.03994662, 0.03601062],
       [       nan,        nan,        nan,        nan,        nan,
        0.02899615, 0.03224428],
       [       nan,        nan,        nan,        nan,        nan,
               nan, 0.03469792],
       [       nan,        nan,        nan,        nan,        nan,
               nan,        nan]])}, {'S1': array([0.03491101, 0.33408084, 0.2512598 , 0.08477116, 0.00939425,
       0.02541789, 0.07781527]), 'S1_conf': array([0.02244797, 0.04483802, 0.03810066, 0.03200171, 0.01394973,
       0.02068896, 0.0248697 ]), 'ST': array([0.08633193, 0.46234392, 0.36301018, 0.1692834 , 0.03315458,
       0.06786938, 0.15394128]), 'ST_conf': array([0.01095126, 0.03957918, 0.03485046, 0.01802741, 0.00622722,
       0.00744075, 0.01633014]), 'S2': array([[        nan,  0.00380278,  0.00562303,  0.01342411,  0.0090035 ,
         0.01498433,  0.01654454],
       [        nan,         nan,  0.05018666,  0.03354436,  0.02704346,
         0.01222141,  0.03770493],
       [        nan,         nan,         nan, -0.00120326,  0.00347739,
         0.01049836,  0.01283868],
       [        nan,         nan,         nan,         nan,  0.01092179,
         0.01404222,  0.00962161],
       [        nan,         nan,         nan,         nan,         nan,
        -0.00464853, -0.00256824],
       [        nan,         nan,         nan,         nan,         nan,
                nan,  0.00627354],
       [        nan,         nan,         nan,         nan,         nan,
                nan,         nan]]), 'S2_conf': array([[       nan, 0.02959599, 0.03122319, 0.02997576, 0.02781583,
        0.02780891, 0.02928886],
       [       nan,        nan, 0.05721867, 0.06014749, 0.05676191,
        0.05661231, 0.0587968 ],
       [       nan,        nan,        nan, 0.0561633 , 0.0548198 ,
        0.05437232, 0.0532718 ],
       [       nan,        nan,        nan,        nan, 0.0396989 ,
        0.03863258, 0.03946467],
       [       nan,        nan,        nan,        nan,        nan,
        0.02009485, 0.01965567],
       [       nan,        nan,        nan,        nan,        nan,
               nan, 0.02990678],
       [       nan,        nan,        nan,        nan,        nan,
               nan,        nan]])}, {'S1': array([0.03369443, 0.29862759, 0.25545153, 0.0730613 , 0.01117635,
       0.01493869, 0.11868574]), 'S1_conf': array([0.02311174, 0.04728018, 0.05481764, 0.03052726, 0.0183688 ,
       0.02104948, 0.03657947]), 'ST': array([0.1235998 , 0.44614447, 0.41465192, 0.19775968, 0.06908043,
       0.09566286, 0.22180238]), 'ST_conf': array([0.01448562, 0.03983293, 0.03618062, 0.02025043, 0.01210733,
       0.01284686, 0.01954714]), 'S2': array([[        nan, -0.00524797,  0.01676295, -0.00186168,  0.00795858,
        -0.00829564, -0.00490934],
       [        nan,         nan,  0.02937494,  0.00905716,  0.01955468,
         0.0300522 ,  0.02124783],
       [        nan,         nan,         nan,  0.02484478,  0.01231549,
         0.01197686,  0.00249523],
       [        nan,         nan,         nan,         nan,  0.02662534,
         0.0306889 ,  0.01951412],
       [        nan,         nan,         nan,         nan,         nan,
         0.01070189,  0.01036326],
       [        nan,         nan,         nan,         nan,         nan,
                nan,  0.01332981],
       [        nan,         nan,         nan,         nan,         nan,
                nan,         nan]]), 'S2_conf': array([[       nan, 0.03744902, 0.03936897, 0.03230243, 0.03727633,
        0.03736557, 0.03704362],
       [       nan,        nan, 0.07940252, 0.06870298, 0.06666961,
        0.06611608, 0.06321799],
       [       nan,        nan,        nan, 0.07257742, 0.07638549,
        0.07545497, 0.07624102],
       [       nan,        nan,        nan,        nan, 0.04169764,
        0.04458117, 0.04322447],
       [       nan,        nan,        nan,        nan,        nan,
        0.02876876, 0.0288395 ],
       [       nan,        nan,        nan,        nan,        nan,
               nan, 0.03171117],
       [       nan,        nan,        nan,        nan,        nan,
               nan,        nan]])}, {'S1': array([0.04024783, 0.21568227, 0.33538   , 0.07139427, 0.0367783 ,
       0.04887863, 0.13629647]), 'S1_conf': array([0.02416073, 0.03816079, 0.04665077, 0.0253428 , 0.01770146,
       0.02915166, 0.03267049]), 'ST': array([0.10853858, 0.34708227, 0.47153985, 0.13748221, 0.0846601 ,
       0.11842765, 0.21876555]), 'ST_conf': array([0.01332672, 0.03139884, 0.04180547, 0.01354267, 0.01102618,
       0.01495829, 0.02223969]), 'S2': array([[        nan, -0.01099556, -0.00713641, -0.00375966, -0.00279487,
         0.00781779, -0.00183008],
       [        nan,         nan,  0.03215843, -0.00836264, -0.00643306,
        -0.00739785, -0.00884503],
       [        nan,         nan,         nan, -0.03326156, -0.02843763,
        -0.02506087, -0.02699044],
       [        nan,         nan,         nan,         nan,  0.00172042,
         0.00702675,  0.01185069],
       [        nan,         nan,         nan,         nan,         nan,
        -0.01564575, -0.02529362],
       [        nan,         nan,         nan,         nan,         nan,
                nan,  0.00308663],
       [        nan,         nan,         nan,         nan,         nan,
                nan,         nan]]), 'S2_conf': array([[       nan, 0.03798782, 0.03923785, 0.03522819, 0.03793584,
        0.0349695 , 0.03945992],
       [       nan,        nan, 0.05806535, 0.05220079, 0.05246125,
        0.05296983, 0.05257149],
       [       nan,        nan,        nan, 0.06063441, 0.06101946,
        0.06511428, 0.06230767],
       [       nan,        nan,        nan,        nan, 0.03017405,
        0.0307351 , 0.02951367],
       [       nan,        nan,        nan,        nan,        nan,
        0.02504688, 0.02595838],
       [       nan,        nan,        nan,        nan,        nan,
               nan, 0.04547973],
       [       nan,        nan,        nan,        nan,        nan,
               nan,        nan]])}, {'S1': array([0.09375291, 0.11325456, 0.37051032, 0.05460144, 0.04093169,
       0.0885649 , 0.13061247]), 'S1_conf': array([0.02823076, 0.03038891, 0.04977523, 0.02721874, 0.02059123,
       0.0288145 , 0.03184207]), 'ST': array([0.15767841, 0.17579092, 0.47362141, 0.12080863, 0.09050389,
       0.15099613, 0.21576738]), 'ST_conf': array([0.01845368, 0.02155364, 0.03350648, 0.01435452, 0.01068081,
       0.01774234, 0.02008454]), 'S2': array([[        nan, -0.0160299 , -0.01556097, -0.00993379, -0.02013306,
        -0.02798767, -0.01391971],
       [        nan,         nan,  0.00687456, -0.01317229, -0.0075451 ,
        -0.01282059,  0.00769519],
       [        nan,         nan,         nan, -0.01298123, -0.02998002,
        -0.00289919, -0.01966352],
       [        nan,         nan,         nan,         nan,  0.00358335,
         0.01038287,  0.00475568],
       [        nan,         nan,         nan,         nan,         nan,
        -0.00305364, -0.0053983 ],
       [        nan,         nan,         nan,         nan,         nan,
                nan,  0.01458838],
       [        nan,         nan,         nan,         nan,         nan,
                nan,         nan]]), 'S2_conf': array([[       nan, 0.04379038, 0.04183078, 0.04371785, 0.04262947,
        0.04434721, 0.04554721],
       [       nan,        nan, 0.04322565, 0.04424487, 0.04493573,
        0.0444023 , 0.04378153],
       [       nan,        nan,        nan, 0.06171421, 0.06251242,
        0.06542439, 0.06196812],
       [       nan,        nan,        nan,        nan, 0.03606565,
        0.03712038, 0.04121628],
       [       nan,        nan,        nan,        nan,        nan,
        0.02683681, 0.02822868],
       [       nan,        nan,        nan,        nan,        nan,
               nan, 0.03511187],
       [       nan,        nan,        nan,        nan,        nan,
               nan,        nan]])}, {'S1': array([0.12375823, 0.07459667, 0.36722283, 0.02656347, 0.04347208,
       0.12402425, 0.09667257]), 'S1_conf': array([0.03489107, 0.02801971, 0.05927619, 0.02199124, 0.02161649,
       0.03493197, 0.0306721 ]), 'ST': array([0.2095275 , 0.14120332, 0.53756641, 0.09234117, 0.10492939,
       0.23371012, 0.18484798]), 'ST_conf': array([0.01941889, 0.01974852, 0.04270298, 0.0125584 , 0.01410612,
       0.02450203, 0.02114932]), 'S2': array([[        nan, -0.01479609, -0.00419549, -0.0162868 , -0.02754994,
        -0.00585183, -0.02506542],
       [        nan,         nan, -0.00813404, -0.01923154, -0.0180721 ,
        -0.02453184, -0.0175752 ],
       [        nan,         nan,         nan, -0.00124998, -0.00638464,
         0.01200077, -0.00688155],
       [        nan,         nan,         nan,         nan, -0.00692074,
        -0.00277988,  0.00086408],
       [        nan,         nan,         nan,         nan,         nan,
        -0.00614643, -0.00896221],
       [        nan,         nan,         nan,         nan,         nan,
                nan, -0.00338527],
       [        nan,         nan,         nan,         nan,         nan,
                nan,         nan]]), 'S2_conf': array([[       nan, 0.04209348, 0.04502297, 0.0445445 , 0.04227368,
        0.04293304, 0.04417286],
       [       nan,        nan, 0.03915058, 0.0316336 , 0.03497554,
        0.03547554, 0.0337648 ],
       [       nan,        nan,        nan, 0.05986323, 0.0607124 ,
        0.06442017, 0.06216818],
       [       nan,        nan,        nan,        nan, 0.03066481,
        0.03149859, 0.0335204 ],
       [       nan,        nan,        nan,        nan,        nan,
        0.03195159, 0.02950796],
       [       nan,        nan,        nan,        nan,        nan,
               nan, 0.04275561],
       [       nan,        nan,        nan,        nan,        nan,
               nan,        nan]])}, {'S1': array([0.11309954, 0.01912896, 0.34018769, 0.03236925, 0.03295465,
       0.17193782, 0.06667137]), 'S1_conf': array([0.03749283, 0.02072259, 0.04819378, 0.01925857, 0.02549995,
       0.03909734, 0.03606162]), 'ST': array([0.26205996, 0.08010505, 0.5141594 , 0.06383152, 0.10619882,
       0.33290594, 0.17423901]), 'ST_conf': array([0.02715086, 0.01271354, 0.04388673, 0.01034276, 0.01568467,
       0.03325815, 0.02582583]), 'S2': array([[        nan, -0.02310901,  0.00158186, -0.02675653, -0.0374185 ,
        -0.01413052, -0.02226728],
       [        nan,         nan,  0.0078123 , -0.00705834, -0.00341083,
         0.01398502, -0.00144678],
       [        nan,         nan,         nan,  0.00423638,  0.03201361,
         0.03706402,  0.02022933],
       [        nan,         nan,         nan,         nan, -0.03310707,
        -0.018517  , -0.02974013],
       [        nan,         nan,         nan,         nan,         nan,
         0.01198865,  0.00637709],
       [        nan,         nan,         nan,         nan,         nan,
                nan, -0.03422477],
       [        nan,         nan,         nan,         nan,         nan,
                nan,         nan]]), 'S2_conf': array([[       nan, 0.05366946, 0.0539592 , 0.05501542, 0.05478964,
        0.05823602, 0.05848625],
       [       nan,        nan, 0.03276106, 0.03011231, 0.03065628,
        0.03017528, 0.03038112],
       [       nan,        nan,        nan, 0.05908743, 0.0643499 ,
        0.05911726, 0.06060963],
       [       nan,        nan,        nan,        nan, 0.0296327 ,
        0.03145263, 0.02812193],
       [       nan,        nan,        nan,        nan,        nan,
        0.03768636, 0.0407395 ],
       [       nan,        nan,        nan,        nan,        nan,
               nan, 0.05635828],
       [       nan,        nan,        nan,        nan,        nan,
               nan,        nan]])}, {'S1': array([0.28343701, 0.013193  , 0.33859892, 0.00063327, 0.02171847,
       0.22128162, 0.01849127]), 'S1_conf': array([0.04485446, 0.01262596, 0.04655067, 0.01232432, 0.01410882,
       0.03054322, 0.0163354 ]), 'ST': array([0.37319375, 0.03305247, 0.43545207, 0.02322221, 0.05071845,
       0.27567471, 0.04701429]), 'ST_conf': array([0.03193173, 0.00478279, 0.03965779, 0.00360398, 0.00834025,
       0.02450506, 0.0059904 ]), 'S2': array([[            nan,  1.95337261e-02,  4.03339887e-02,
         2.48050255e-02,  2.40926878e-02,  2.97913899e-02,
         2.46625580e-02],
       [            nan,             nan, -3.24159475e-03,
        -9.62113909e-04,  6.05029166e-04, -1.23595181e-02,
        -6.66081600e-03],
       [            nan,             nan,             nan,
        -7.65254281e-05, -1.00492541e-02,  2.77282562e-03,
        -2.35600626e-03],
       [            nan,             nan,             nan,
                    nan, -5.46149362e-03, -7.02863669e-03,
        -2.75461012e-03],
       [            nan,             nan,             nan,
                    nan,             nan, -8.29135713e-03,
        -1.88339560e-02],
       [            nan,             nan,             nan,
                    nan,             nan,             nan,
        -1.52848349e-02],
       [            nan,             nan,             nan,
                    nan,             nan,             nan,
                    nan]]), 'S2_conf': array([[       nan, 0.06763743, 0.08824354, 0.07068184, 0.06976619,
        0.07886215, 0.07206866],
       [       nan,        nan, 0.01905045, 0.01903705, 0.01928812,
        0.01929092, 0.01951337],
       [       nan,        nan,        nan, 0.06262945, 0.06487629,
        0.06925964, 0.06493199],
       [       nan,        nan,        nan,        nan, 0.01768178,
        0.01709173, 0.01868406],
       [       nan,        nan,        nan,        nan,        nan,
        0.02286324, 0.020831  ],
       [       nan,        nan,        nan,        nan,        nan,
               nan, 0.04863865],
       [       nan,        nan,        nan,        nan,        nan,
               nan,        nan]])}, {'S1': array([ 0.45636294, -0.00924515,  0.19488538, -0.00252548,  0.02275988,
        0.20249261,  0.00528248]), 'S1_conf': array([0.06407441, 0.01091767, 0.03888261, 0.01445103, 0.01976721,
       0.04271826, 0.0106772 ]), 'ST': array([0.55201178, 0.01939164, 0.29195795, 0.02085414, 0.0479916 ,
       0.26644549, 0.02394164]), 'ST_conf': array([0.0471397 , 0.00308507, 0.0295203 , 0.00414356, 0.00696534,
       0.02715629, 0.00358928]), 'S2': array([[        nan,  0.00495361,  0.0365869 ,  0.0140536 ,  0.01015361,
         0.01134527,  0.01188694],
       [        nan,         nan,  0.01056798,  0.01663464,  0.01587631,
         0.00872632,  0.01544297],
       [        nan,         nan,         nan,  0.01875263,  0.01192764,
         0.01842763,  0.00824431],
       [        nan,         nan,         nan,         nan,  0.00633006,
         0.00470507,  0.00806339],
       [        nan,         nan,         nan,         nan,         nan,
        -0.01947606, -0.01178441],
       [        nan,         nan,         nan,         nan,         nan,
                nan, -0.00453405],
       [        nan,         nan,         nan,         nan,         nan,
                nan,         nan]]), 'S2_conf': array([[       nan, 0.08937633, 0.10203577, 0.08950333, 0.09042224,
        0.1009578 , 0.08957791],
       [       nan,        nan, 0.01425623, 0.01392469, 0.01349483,
        0.01501387, 0.01405195],
       [       nan,        nan,        nan, 0.05038762, 0.05163469,
        0.05845163, 0.05082948],
       [       nan,        nan,        nan,        nan, 0.01823739,
        0.0177753 , 0.01872615],
       [       nan,        nan,        nan,        nan,        nan,
        0.02602959, 0.02263599],
       [       nan,        nan,        nan,        nan,        nan,
               nan, 0.05692555],
       [       nan,        nan,        nan,        nan,        nan,
               nan,        nan]])}, {'S1': array([ 5.20352193e-01, -1.53613592e-04,  2.23399492e-01,  8.60613855e-03,
        1.26491979e-02,  7.51951125e-02, -6.11180637e-03]), 'S1_conf': array([0.07389333, 0.01128991, 0.04593505, 0.01099254, 0.01213485,
       0.03292207, 0.01030199]), 'ST': array([0.65940523, 0.02556029, 0.37207227, 0.02499369, 0.03764792,
       0.186225  , 0.01510953]), 'ST_conf': array([0.06036292, 0.00511668, 0.04392977, 0.00516937, 0.00678579,
       0.02117819, 0.00264886]), 'S2': array([[        nan, -0.00893729,  0.03613949, -0.01850666, -0.01485519,
         0.01649709, -0.00465625],
       [        nan,         nan,  0.00479602,  0.00580332,  0.00353689,
         0.00781792,  0.00580332],
       [        nan,         nan,         nan,  0.02615838,  0.0332095 ,
         0.03220219,  0.03119489],
       [        nan,         nan,         nan,         nan, -0.00530345,
        -0.0047998 , -0.00228154],
       [        nan,         nan,         nan,         nan,         nan,
        -0.01687483, -0.0086905 ],
       [        nan,         nan,         nan,         nan,         nan,
                nan,  0.02733566],
       [        nan,         nan,         nan,         nan,         nan,
                nan,         nan]]), 'S2_conf': array([[       nan, 0.12084569, 0.14290128, 0.11816353, 0.11988391,
        0.12318624, 0.11886696],
       [       nan,        nan, 0.01720794, 0.01346289, 0.01353522,
        0.01567257, 0.01363132],
       [       nan,        nan,        nan, 0.0595734 , 0.06097366,
        0.06610405, 0.06049248],
       [       nan,        nan,        nan,        nan, 0.01786091,
        0.0200209 , 0.01663925],
       [       nan,        nan,        nan,        nan,        nan,
        0.0198192 , 0.01735501],
       [       nan,        nan,        nan,        nan,        nan,
               nan, 0.04687951],
       [       nan,        nan,        nan,        nan,        nan,
               nan,        nan]])}, {'S1': array([0.61588695, 0.00678542, 0.22201269, 0.01016396, 0.01514642,
       0.04836969, 0.00473297]), 'S1_conf': array([0.06627348, 0.01415813, 0.03503274, 0.0121977 , 0.01159287,
       0.02184363, 0.00879407]), 'ST': array([0.66202968, 0.03148042, 0.26717193, 0.03410705, 0.02701122,
       0.09655825, 0.01356441]), 'ST_conf': array([0.04472705, 0.00367302, 0.02286062, 0.0045307 , 0.00344562,
       0.00970758, 0.00198779]), 'S2': array([[        nan, -0.00595109,  0.00118395, -0.01324294, -0.00932259,
         0.00361457, -0.01410542],
       [        nan,         nan,  0.00410592,  0.00677176,  0.00410592,
         0.00347866,  0.00488999],
       [        nan,         nan,         nan,  0.01969464,  0.01185394,
         0.02541835,  0.01397093],
       [        nan,         nan,         nan,         nan,  0.00543924,
         0.00065641,  0.00653694],
       [        nan,         nan,         nan,         nan,         nan,
         0.00147587,  0.00124064],
       [        nan,         nan,         nan,         nan,         nan,
                nan,  0.02007281],
       [        nan,         nan,         nan,         nan,         nan,
                nan,         nan]]), 'S2_conf': array([[       nan, 0.0821413 , 0.09575713, 0.08224226, 0.0843699 ,
        0.0859506 , 0.08349975],
       [       nan,        nan, 0.01943339, 0.01904092, 0.01900041,
        0.01971964, 0.01898325],
       [       nan,        nan,        nan, 0.05071856, 0.05178481,
        0.05166536, 0.05187753],
       [       nan,        nan,        nan,        nan, 0.01893706,
        0.01970733, 0.01953483],
       [       nan,        nan,        nan,        nan,        nan,
        0.01576478, 0.01491972],
       [       nan,        nan,        nan,        nan,        nan,
               nan, 0.03072499],
       [       nan,        nan,        nan,        nan,        nan,
               nan,        nan]])}, {'S1': array([ 0.6736281 ,  0.03550549,  0.19882577,  0.01473806,  0.00735397,
        0.03769861, -0.00252696]), 'S1_conf': array([0.05129556, 0.02114588, 0.03620159, 0.0141158 , 0.011797  ,
       0.01833756, 0.01007181]), 'ST': array([0.70243013, 0.05850356, 0.25045894, 0.03306161, 0.02229937,
       0.0691797 , 0.01773618]), 'ST_conf': array([0.04731052, 0.00745384, 0.0239022 , 0.00389478, 0.00252755,
       0.00812452, 0.00209651]), 'S2': array([[            nan, -2.86678538e-02, -1.29119289e-02,
        -3.43503185e-02, -3.00454210e-02, -2.16939198e-02,
        -2.38463686e-02],
       [            nan,             nan, -6.71313019e-03,
        -6.54093429e-03, -4.90507324e-03, -5.33556299e-03,
        -1.80554704e-03],
       [            nan,             nan,             nan,
        -1.57536955e-03,  7.49275098e-04,  3.41831155e-03,
         3.41831155e-03],
       [            nan,             nan,             nan,
                    nan,  2.85902849e-04, -6.61174601e-04,
         2.76089989e-05],
       [            nan,             nan,             nan,
                    nan,             nan, -1.53470365e-03,
         2.59799796e-03],
       [            nan,             nan,             nan,
                    nan,             nan,             nan,
         5.31748627e-03],
       [            nan,             nan,             nan,
                    nan,             nan,             nan,
                    nan]]), 'S2_conf': array([[       nan, 0.08628188, 0.10282618, 0.08890272, 0.08851727,
        0.09176628, 0.08796808],
       [       nan,        nan, 0.02759979, 0.02607353, 0.02584504,
        0.02564038, 0.02580321],
       [       nan,        nan,        nan, 0.05356205, 0.05294688,
        0.05355097, 0.05286816],
       [       nan,        nan,        nan,        nan, 0.01881054,
        0.01921406, 0.0193432 ],
       [       nan,        nan,        nan,        nan,        nan,
        0.01816037, 0.01777789],
       [       nan,        nan,        nan,        nan,        nan,
               nan, 0.02782199],
       [       nan,        nan,        nan,        nan,        nan,
               nan,        nan]])}, {'S1': array([ 0.61808425,  0.07575959,  0.19690008, -0.00102816,  0.00249418,
        0.03619867,  0.02319608]), 'S1_conf': array([0.06107078, 0.02734423, 0.03622441, 0.01031388, 0.00970664,
       0.01686037, 0.01664592]), 'ST': array([0.67256639, 0.10894333, 0.26464591, 0.02203546, 0.01595367,
       0.05676335, 0.04371836]), 'ST_conf': array([0.04603123, 0.01199254, 0.02574992, 0.00253693, 0.00267248,
       0.00661235, 0.00535635]), 'S2': array([[        nan, -0.01057226,  0.00899523, -0.00845686, -0.01286395,
        -0.01674219, -0.01973901],
       [        nan,         nan,  0.00282459, -0.0146275 , -0.01110182,
        -0.01330537, -0.01145439],
       [        nan,         nan,         nan,  0.00798874,  0.00631405,
         0.00666661,  0.00349351],
       [        nan,         nan,         nan,         nan, -0.00315691,
        -0.00491975, -0.0065063 ],
       [        nan,         nan,         nan,         nan,         nan,
         0.00252657,  0.0011163 ],
       [        nan,         nan,         nan,         nan,         nan,
                nan, -0.00359286],
       [        nan,         nan,         nan,         nan,         nan,
                nan,         nan]]), 'S2_conf': array([[       nan, 0.08282214, 0.09347504, 0.08617326, 0.08417653,
        0.08741911, 0.08502516],
       [       nan,        nan, 0.03528251, 0.03415028, 0.0339461 ,
        0.03440684, 0.03505784],
       [       nan,        nan,        nan, 0.04724454, 0.04652195,
        0.04825257, 0.04883225],
       [       nan,        nan,        nan,        nan, 0.01413954,
        0.01368024, 0.01399863],
       [       nan,        nan,        nan,        nan,        nan,
        0.01126645, 0.01114351],
       [       nan,        nan,        nan,        nan,        nan,
               nan, 0.02361314],
       [       nan,        nan,        nan,        nan,        nan,
               nan,        nan]])}, {'S1': array([ 0.53568764,  0.08521348,  0.1780775 ,  0.00181198, -0.00078404,
        0.04278516,  0.0539107 ]), 'S1_conf': array([0.05730204, 0.02992524, 0.04333918, 0.01257503, 0.00889299,
       0.01909696, 0.02098027]), 'ST': array([0.61619194, 0.1416318 , 0.28232732, 0.03493981, 0.01400146,
       0.06975196, 0.09107333]), 'ST_conf': array([0.04179535, 0.01812193, 0.0272484 , 0.00451915, 0.00244571,
       0.00800273, 0.00991028]), 'S2': array([[        nan, -0.01318633,  0.02511554, -0.01267564, -0.01565467,
        -0.01974021, -0.02229366],
       [        nan,         nan,  0.01705415,  0.00820216,  0.00352082,
        -0.00056471,  0.00667008],
       [        nan,         nan,         nan,  0.01247101,  0.00395948,
         0.00651294,  0.00166137],
       [        nan,         nan,         nan,         nan, -0.00357813,
        -0.00068421,  0.00067763],
       [        nan,         nan,         nan,         nan,         nan,
        -0.00196093, -0.0006842 ],
       [        nan,         nan,         nan,         nan,         nan,
                nan, -0.01438285],
       [        nan,         nan,         nan,         nan,         nan,
                nan,         nan]]), 'S2_conf': array([[       nan, 0.07237294, 0.07979753, 0.07538044, 0.0746435 ,
        0.07404433, 0.08066056],
       [       nan,        nan, 0.03995674, 0.03740884, 0.03811222,
        0.03988381, 0.0391456 ],
       [       nan,        nan,        nan, 0.05682065, 0.05473449,
        0.05412821, 0.05673342],
       [       nan,        nan,        nan,        nan, 0.01940277,
        0.02023736, 0.01935939],
       [       nan,        nan,        nan,        nan,        nan,
        0.01322767, 0.01306234],
       [       nan,        nan,        nan,        nan,        nan,
               nan, 0.02629603],
       [       nan,        nan,        nan,        nan,        nan,
               nan,        nan]])}, {'S1': array([ 0.30215542,  0.13064916,  0.18382993,  0.07750595, -0.00305543,
        0.04008413,  0.19051639]), 'S1_conf': array([0.04548809, 0.0356469 , 0.04182888, 0.02626742, 0.00579207,
       0.02099283, 0.03754501]), 'ST': array([0.42778281, 0.22269654, 0.301796  , 0.15225546, 0.00631035,
       0.07535728, 0.27273906]), 'ST_conf': array([0.03511521, 0.02609147, 0.02816512, 0.01642725, 0.00146278,
       0.01209065, 0.02683393]), 'S2': array([[        nan,  0.00522102,  0.01475992, -0.00651916, -0.00387762,
        -0.00842694, -0.00064907],
       [        nan,         nan, -0.00726248, -0.01327932, -0.0050612 ,
        -0.00990402,  0.00124915],
       [        nan,         nan,         nan, -0.02731481, -0.01131882,
        -0.01601489, -0.02144472],
       [        nan,         nan,         nan,         nan, -0.01457   ,
        -0.01134145, -0.00605837],
       [        nan,         nan,         nan,         nan,         nan,
         0.00164437,  0.00061711],
       [        nan,         nan,         nan,         nan,         nan,
                nan, -0.01094436],
       [        nan,         nan,         nan,         nan,         nan,
                nan,         nan]]), 'S2_conf': array([[       nan, 0.07029763, 0.06501333, 0.06833601, 0.06571154,
        0.06757424, 0.0696765 ],
       [       nan,        nan, 0.04790767, 0.04646014, 0.04489239,
        0.04884483, 0.0446104 ],
       [       nan,        nan,        nan, 0.05334288, 0.05459767,
        0.05787581, 0.05960752],
       [       nan,        nan,        nan,        nan, 0.03657093,
        0.0387438 , 0.0357599 ],
       [       nan,        nan,        nan,        nan,        nan,
        0.00865448, 0.00818101],
       [       nan,        nan,        nan,        nan,        nan,
               nan, 0.02920349],
       [       nan,        nan,        nan,        nan,        nan,
               nan,        nan]])}]
------------
{'S1': array([0.295448  , 0.09905975, 0.35139596, 0.0288442 , 0.03248764,
       0.11249591, 0.07520513]), 'S1_conf': array([0.03635167, 0.02531318, 0.04560049, 0.01296184, 0.01405666,
       0.02393371, 0.02229358]), 'ST': array([0.30159795, 0.10643178, 0.36849187, 0.03640503, 0.03774184,
       0.1202412 , 0.08359508]), 'ST_conf': array([0.02407651, 0.01154916, 0.03161582, 0.00385176, 0.00410046,
       0.01175915, 0.00717925]), 'S2': array([[        nan, -0.01657931, -0.00949474, -0.01003304, -0.01421949,
        -0.01001008, -0.01483687],
       [        nan,         nan, -0.00031609, -0.00358922,  0.00027068,
        -0.00198454, -0.00044109],
       [        nan,         nan,         nan,  0.0070665 ,  0.00648484,
         0.01578126,  0.00458167],
       [        nan,         nan,         nan,         nan,  0.00502627,
         0.00556967,  0.00560028],
       [        nan,         nan,         nan,         nan,         nan,
        -0.00577281, -0.00656112],
       [        nan,         nan,         nan,         nan,         nan,
                nan,  0.00769862],
       [        nan,         nan,         nan,         nan,         nan,
                nan,         nan]]), 'S2_conf': array([[       nan, 0.06201978, 0.06775833, 0.06188464, 0.06299429,
        0.06765133, 0.06312826],
       [       nan,        nan, 0.03637381, 0.03001763, 0.03171207,
        0.03099222, 0.03063845],
       [       nan,        nan,        nan, 0.06464534, 0.06274327,
        0.06541172, 0.06112199],
       [       nan,        nan,        nan,        nan, 0.01790176,
        0.01846038, 0.01825057],
       [       nan,        nan,        nan,        nan,        nan,
        0.01790533, 0.01934384],
       [       nan,        nan,        nan,        nan,        nan,
               nan, 0.03731352],
       [       nan,        nan,        nan,        nan,        nan,
               nan,        nan]])}
------------
{'S1': array([ 0.2503612 ,  0.08856682,  0.15260467,  0.15702374, -0.00161045,
        0.04593426,  0.28976439]), 'S1_conf': array([0.03916414, 0.02381705, 0.02694479, 0.03037318, 0.00195152,
       0.01581165, 0.04277259]), 'ST': array([0.26523787, 0.09664208, 0.16568658, 0.17051552, 0.00081381,
       0.04948253, 0.30095887]), 'ST_conf': array([0.0216184 , 0.00854384, 0.01498117, 0.01721539, 0.00010352,
       0.00454592, 0.02768302]), 'S2': array([[        nan, -0.00071147,  0.00838081, -0.00057173,  0.00299092,
         0.00013095, -0.00189725],
       [        nan,         nan,  0.00687161,  0.00016686,  0.0040915 ,
         0.00075509,  0.00634061],
       [        nan,         nan,         nan,  0.0047987 ,  0.00666055,
         0.00550272,  0.00532838],
       [        nan,         nan,         nan,         nan,  0.00193012,
         0.00182099,  0.01029975],
       [        nan,         nan,         nan,         nan,         nan,
         0.00202222,  0.00081648],
       [        nan,         nan,         nan,         nan,         nan,
                nan, -0.00032835],
       [        nan,         nan,         nan,         nan,         nan,
                nan,         nan]]), 'S2_conf': array([[       nan, 0.0607266 , 0.05797523, 0.05694799, 0.05686876,
        0.05744841, 0.06049151],
       [       nan,        nan, 0.03752145, 0.03468801, 0.03445866,
        0.03491981, 0.03703388],
       [       nan,        nan,        nan, 0.03842337, 0.03851652,
        0.03975479, 0.04609236],
       [       nan,        nan,        nan,        nan, 0.04950459,
        0.05025764, 0.0560391 ],
       [       nan,        nan,        nan,        nan,        nan,
        0.00277468, 0.00260308],
       [       nan,        nan,        nan,        nan,        nan,
               nan, 0.02499357],
       [       nan,        nan,        nan,        nan,        nan,
               nan,        nan]])}
------------
{'S1': array([nan, nan, nan, nan, nan, nan, nan]), 'S1_conf': array([nan, nan, nan, nan, nan, nan, nan]), 'ST': array([nan, nan, nan, nan, nan, nan, nan]), 'ST_conf': array([nan, nan, nan, nan, nan, nan, nan]), 'S2': array([[nan, nan, nan, nan, nan, nan, nan],
       [nan, nan, nan, nan, nan, nan, nan],
       [nan, nan, nan, nan, nan, nan, nan],
       [nan, nan, nan, nan, nan, nan, nan],
       [nan, nan, nan, nan, nan, nan, nan],
       [nan, nan, nan, nan, nan, nan, nan],
       [nan, nan, nan, nan, nan, nan, nan]]), 'S2_conf': array([[nan, nan, nan, nan, nan, nan, nan],
       [nan, nan, nan, nan, nan, nan, nan],
       [nan, nan, nan, nan, nan, nan, nan],
       [nan, nan, nan, nan, nan, nan, nan],
       [nan, nan, nan, nan, nan, nan, nan],
       [nan, nan, nan, nan, nan, nan, nan],
       [nan, nan, nan, nan, nan, nan, nan]])}
------------
