[{'S1': array([ 0.71024147,  0.08373974,  0.11514214,  0.0593553 ,  0.        ,
       -0.00535268,  0.05483526]), 'S1_conf': array([0.88452243, 0.40285401, 0.50140342, 0.1135665 , 0.        ,
       0.12687266, 0.08932856]), 'ST': array([0.98394195, 0.12560961, 0.28167004, 0.00951588, 0.        ,
       0.01712858, 0.00570953]), 'ST_conf': array([0.84376881, 0.29713938, 0.34389532, 0.00852499, 0.        ,
       0.03949322, 0.00679198]), 'S2': array([[        nan,  0.28381111,  0.44367789,  0.13155704,  0.12775068,
         0.22671583,  0.07065541],
       [        nan,         nan,  0.02438444,  0.11573689,  0.1538004 ,
         0.13096229,  0.138575  ],
       [        nan,         nan,         nan,  0.18603545,  0.18222909,
         0.20506721,  0.1974545 ],
       [        nan,         nan,         nan,         nan, -0.14916141,
        -0.13774236, -0.14916141],
       [        nan,         nan,         nan,         nan,         nan,
         0.00606637, -0.00154633],
       [        nan,         nan,         nan,         nan,         nan,
                nan, -0.01367908],
       [        nan,         nan,         nan,         nan,         nan,
                nan,         nan]]), 'S2_conf': array([[       nan, 1.26058051, 1.50954581, 1.36058172, 1.25320745,
        1.2738584 , 1.31498886],
       [       nan,        nan, 0.93991525, 0.56716044, 0.66464685,
        0.65410224, 0.66541134],
       [       nan,        nan,        nan, 0.79432757, 0.76156679,
        0.77774719, 0.78765808],
       [       nan,        nan,        nan,        nan, 0.20723888,
        0.23055023, 0.21634778],
       [       nan,        nan,        nan,        nan,        nan,
        0.01541017, 0.00392808],
       [       nan,        nan,        nan,        nan,        nan,
               nan, 0.082871  ],
       [       nan,        nan,        nan,        nan,        nan,
               nan,        nan]])}, {'S1': array([ 0.61598395,  0.03978279,  0.15759651, -0.02880416,  0.        ,
       -0.00873569, -0.11627907]), 'S1_conf': array([0.7600508 , 0.39247812, 0.62515527, 0.11877869, 0.        ,
       0.02112677, 0.35012014]), 'ST': array([0.78573958, 0.09632865, 0.36453783, 0.01133278, 0.        ,
       0.00377759, 0.06988549]), 'ST_conf': array([1.13028124, 0.14549311, 0.32468615, 0.0234124 , 0.        ,
       0.00973302, 0.20810212]), 'S2': array([[            nan,  2.78243419e-01,  2.97131389e-01,
         2.25357101e-01,  1.76248377e-01,  2.06469130e-01,
         3.12241766e-01],
       [            nan,             nan, -3.81300909e-02,
         1.20528863e-01,  1.20528863e-01,  1.20528863e-01,
         1.20528863e-01],
       [            nan,             nan,             nan,
         2.39759178e-01,  1.98205643e-01,  1.94428049e-01,
         2.96423091e-01],
       [            nan,             nan,             nan,
                    nan, -5.11155708e-02, -5.11155708e-02,
         3.95466887e-02],
       [            nan,             nan,             nan,
                    nan,             nan,  0.00000000e+00,
         1.38777878e-17],
       [            nan,             nan,             nan,
                    nan,             nan,             nan,
         4.96989730e-02],
       [            nan,             nan,             nan,
                    nan,             nan,             nan,
                    nan]]), 'S2_conf': array([[           nan, 1.11649156e+00, 1.28402225e+00, 1.06732907e+00,
        1.03312458e+00, 9.43301590e-01, 1.19653480e+00],
       [           nan,            nan, 3.70658121e-01, 2.87828096e-01,
        2.87828096e-01, 2.87828096e-01, 2.87828096e-01],
       [           nan,            nan,            nan, 1.09028619e+00,
        1.12890851e+00, 1.07938845e+00, 1.01628112e+00],
       [           nan,            nan,            nan,            nan,
        1.21462693e-01, 1.21462693e-01, 2.32378541e-01],
       [           nan,            nan,            nan,            nan,
                   nan, 0.00000000e+00, 6.23309210e-17],
       [           nan,            nan,            nan,            nan,
                   nan,            nan, 7.68266226e-02],
       [           nan,            nan,            nan,            nan,
                   nan,            nan,            nan]])}, {'S1': array([ 0.63369728,  0.22950118,  0.32198673, -0.05480625,  0.0376793 ,
        0.0376793 ,  0.02397773]), 'S1_conf': array([1.22534318, 0.31650292, 0.39501213, 0.40704119, 0.12397181,
       0.12718989, 0.13736279]), 'ST': array([1.12695354, 0.21579961, 0.55491329, 0.08906016, 0.00342539,
       0.01027617, 0.09248555]), 'ST_conf': array([1.46372875, 0.48298208, 1.31816045, 0.18655271, 0.01127016,
       0.02272181, 0.27524629]), 'S2': array([[        nan,  0.29800899,  0.42132306,  0.18839649, -0.10618711,
        -0.02397773,  0.00342539],
       [        nan,         nan, -0.23635196,  0.10618711, -0.01712695,
        -0.05138086, -0.05138086],
       [        nan,         nan,         nan,  0.26718048,  0.38364376,
         0.38364376,  0.54806251],
       [        nan,         nan,         nan,         nan, -0.0753586 ,
        -0.0753586 , -0.0753586 ],
       [        nan,         nan,         nan,         nan,         nan,
        -0.0376793 , -0.0376793 ],
       [        nan,         nan,         nan,         nan,         nan,
                nan, -0.03082852],
       [        nan,         nan,         nan,         nan,         nan,
                nan,         nan]]), 'S2_conf': array([[       nan, 2.63230491, 3.66353061, 2.23858886, 2.15478635,
        2.10036439, 2.12342362],
       [       nan,        nan, 1.19896146, 1.07437829, 0.60940124,
        0.50798129, 0.50798129],
       [       nan,        nan,        nan, 1.36374067, 1.03834414,
        1.07536017, 1.26722564],
       [       nan,        nan,        nan,        nan, 0.97661945,
        0.97661945, 0.97661945],
       [       nan,        nan,        nan,        nan,        nan,
        0.12397181, 0.12397181],
       [       nan,        nan,        nan,        nan,        nan,
               nan, 0.2393653 ],
       [       nan,        nan,        nan,        nan,        nan,
               nan,        nan]])}, {'S1': array([ 0.42906525,  0.18979548,  0.14500216, -0.08630995,  0.        ,
        0.0196961 , -0.07918047]), 'S1_conf': array([1.12349721, 0.589814  , 0.7991921 , 0.29441575, 0.        ,
       0.13481486, 0.14986794]), 'ST': array([0.77430506, 0.26501512, 0.42632868, 0.11752845, 0.        ,
       0.0115224 , 0.03917615]), 'ST_conf': array([1.10963605, 0.91704821, 0.8297157 , 0.22973564, 0.        ,
       0.03577528, 0.05288834]), 'S2': array([[            nan,  2.52052427e-03,  3.20538672e-01,
         2.55653176e-02, -1.86446781e-01, -9.42676077e-02,
        -1.35748236e-01],
       [            nan,             nan, -1.73448077e-01,
         3.39550627e-02,  1.86050699e-01,  1.39961112e-01,
         1.86050699e-01],
       [            nan,             nan,             nan,
         4.68817514e-01,  4.78035431e-01,  4.91862307e-01,
         3.81247299e-01],
       [            nan,             nan,             nan,
                    nan,  1.71791733e-01,  1.85618609e-01,
         1.99445485e-01],
       [            nan,             nan,             nan,
                    nan,             nan, -3.46944695e-18,
         0.00000000e+00],
       [            nan,             nan,             nan,
                    nan,             nan,             nan,
         2.55653176e-02],
       [            nan,             nan,             nan,
                    nan,             nan,             nan,
                    nan]]), 'S2_conf': array([[           nan, 1.77734606e+00, 2.36229787e+00, 1.96019049e+00,
        1.28348681e+00, 1.49385529e+00, 1.28467306e+00],
       [           nan,            nan, 1.14384578e+00, 6.59934281e-01,
        8.46637238e-01, 8.38152038e-01, 8.46637238e-01],
       [           nan,            nan,            nan, 8.80077378e-01,
        7.62574932e-01, 8.89612190e-01, 6.52237212e-01],
       [           nan,            nan,            nan,            nan,
        5.81086426e-01, 6.51124801e-01, 5.66629193e-01],
       [           nan,            nan,            nan,            nan,
                   nan, 1.79661042e-17, 7.70264036e-18],
       [           nan,            nan,            nan,            nan,
                   nan,            nan, 1.87096396e-01],
       [           nan,            nan,            nan,            nan,
                   nan,            nan,            nan]])}, {'S1': array([ 0.6656868 ,  0.20523784,  0.31079637, -0.02030999,  0.        ,
        0.01122394, -0.02298236]), 'S1_conf': array([0.94553627, 0.50288037, 0.49468783, 0.16054557, 0.        ,
       0.12231442, 0.07121172]), 'ST': array([1.03260289, 0.26937467, 0.43399252, 0.10261892, 0.        ,
       0.02565473, 0.0384821 ]), 'ST_conf': array([1.25267351, 0.41922588, 0.59497004, 0.09886418, 0.        ,
       0.04980814, 0.04829678]), 'S2': array([[        nan,  0.09219669,  0.11357563, -0.08738642, -0.21138429,
        -0.06600748, -0.1686264 ],
       [        nan,         nan, -0.19855692, -0.02752539,  0.02378407,
        -0.01469802,  0.01095671],
       [        nan,         nan,         nan,  0.16916088,  0.23757349,
         0.24612507,  0.09219669],
       [        nan,         nan,         nan,         nan,  0.15312667,
         0.20871192,  0.15740246],
       [        nan,         nan,         nan,         nan,         nan,
         0.00774987,  0.00774987],
       [        nan,         nan,         nan,         nan,         nan,
                nan,  0.04489578],
       [        nan,         nan,         nan,         nan,         nan,
                nan,         nan]]), 'S2_conf': array([[       nan, 1.40055133, 2.09585035, 1.68893684, 1.21412356,
        1.48926647, 1.15097099],
       [       nan,        nan, 0.81729678, 0.38547192, 0.47957548,
        0.49934413, 0.4736881 ],
       [       nan,        nan,        nan, 0.68298494, 0.90609204,
        0.8795414 , 0.76695683],
       [       nan,        nan,        nan,        nan, 0.53163069,
        0.67293206, 0.52728923],
       [       nan,        nan,        nan,        nan,        nan,
        0.02673271, 0.02673271],
       [       nan,        nan,        nan,        nan,        nan,
               nan, 0.29163442],
       [       nan,        nan,        nan,        nan,        nan,
               nan,        nan]])}, {'S1': array([ 0.35285491,  0.25814757,  0.33541911,  0.00980967,  0.        ,
        0.06821145, -0.01619737]), 'S1_conf': array([0.68392409, 0.51284882, 0.73011178, 0.29969899, 0.        ,
       0.23968983, 0.07774248]), 'ST': array([0.64033372, 0.32746708, 0.56315995, 0.12306088, 0.        ,
       0.07300222, 0.00625733]), 'ST_conf': array([0.91203322, 0.6561828 , 0.66316681, 0.13949272, 0.        ,
       0.1497937 , 0.0146763 ]), 'S2': array([[            nan,  2.44883327e-01,  4.20088646e-01,
         1.90653109e-01, -1.72272194e-01,  1.86481554e-01,
        -1.84786860e-01],
       [            nan,             nan, -3.28086299e-01,
        -1.23680094e-01,  1.09926998e-01, -6.94498762e-02,
         1.51642550e-01],
       [            nan,             nan,             nan,
        -1.29709295e-02,  2.03949941e-01,  1.28861948e-01,
         2.33150828e-01],
       [            nan,             nan,             nan,
                    nan,  1.66862208e-02,  2.92008865e-02,
         2.08577760e-02],
       [            nan,             nan,             nan,
                    nan,             nan, -1.38777878e-17,
         6.93889390e-18],
       [            nan,             nan,             nan,
                    nan,             nan,             nan,
         2.94616087e-02],
       [            nan,             nan,             nan,
                    nan,             nan,             nan,
                    nan]]), 'S2_conf': array([[           nan, 1.88221800e+00, 2.46295029e+00, 1.92886783e+00,
        1.18756901e+00, 1.83491957e+00, 1.17653260e+00],
       [           nan,            nan, 9.32991815e-01, 3.50008047e-01,
        5.12298931e-01, 5.54199864e-01, 5.60353806e-01],
       [           nan,            nan,            nan, 9.87368681e-01,
        8.37013031e-01, 1.21900062e+00, 8.54360078e-01],
       [           nan,            nan,            nan,            nan,
        2.85249965e-01, 3.17417511e-01, 2.88797928e-01],
       [           nan,            nan,            nan,            nan,
                   nan, 9.58824175e-17, 3.16249410e-17],
       [           nan,            nan,            nan,            nan,
                   nan,            nan, 3.65961307e-01],
       [           nan,            nan,            nan,            nan,
                   nan,            nan,            nan]])}, {'S1': array([0.75802769, 0.36863137, 0.46260882, 0.08148994, 0.        ,
       0.09847296, 0.06522049]), 'S1_conf': array([1.0296699 , 0.56885261, 0.59126024, 0.3145448 , 0.        ,
       0.38203252, 0.16229553]), 'ST': array([1.1988012 , 0.3333809 , 0.55944056, 0.07763665, 0.        ,
       0.11417154, 0.01826745]), 'ST_conf': array([2.18150085, 0.53434099, 0.96209084, 0.17430416, 0.        ,
       0.25615218, 0.0424643 ]), 'S2': array([[        nan,  0.16447838,  0.4247895 ,  0.22841444, -0.07299843,
         0.31518482, -0.12323391],
       [        nan,         nan, -0.32167832, -0.05223348,  0.10303982,
        -0.01569859,  0.13500785],
       [        nan,         nan,         nan,  0.07285572,  0.09569002,
         0.16419295,  0.05915513],
       [        nan,         nan,         nan,         nan,  0.09012416,
         0.09469102,  0.09925788],
       [        nan,         nan,         nan,         nan,         nan,
         0.        ,  0.        ],
       [        nan,         nan,         nan,         nan,         nan,
                nan, -0.01441416],
       [        nan,         nan,         nan,         nan,         nan,
                nan,         nan]]), 'S2_conf': array([[           nan, 1.53339188e+00, 2.60407746e+00, 1.74990412e+00,
        1.22923836e+00, 1.79317197e+00, 1.08482601e+00],
       [           nan,            nan, 1.06630238e+00, 3.99577769e-01,
        5.95349525e-01, 5.78835991e-01, 7.44278576e-01],
       [           nan,            nan,            nan, 9.12756864e-01,
        7.95512215e-01, 1.10193866e+00, 9.09906498e-01],
       [           nan,            nan,            nan,            nan,
        3.71896383e-01, 4.44530609e-01, 4.08631302e-01],
       [           nan,            nan,            nan,            nan,
                   nan, 3.73961212e-17, 3.13704496e-17],
       [           nan,            nan,            nan,            nan,
                   nan,            nan, 5.73636202e-01],
       [           nan,            nan,            nan,            nan,
                   nan,            nan,            nan]])}, {'S1': array([ 0.27761486,  0.02346041, -0.07233627,  0.52688172,  0.        ,
        0.028348  , -0.10166178]), 'S1_conf': array([0.47526068, 0.2204542 , 0.61146808, 1.25244115, 0.        ,
       0.20947152, 0.29906006]), 'ST': array([0.14076246, 0.02346041, 0.42228739, 0.51221896, 0.        ,
       0.04301075, 0.03128055]), 'ST_conf': array([0.29266444, 0.08443765, 0.62157763, 0.77229781, 0.        ,
       0.20242265, 0.03581035]), 'S2': array([[            nan, -4.22287390e-01, -2.42424242e-01,
        -6.49071359e-01, -4.37927664e-01, -4.69208211e-01,
        -4.22287390e-01],
       [            nan,             nan,  4.78983382e-02,
        -3.74389052e-01, -1.24144673e-01, -1.71065494e-01,
        -9.28641251e-02],
       [            nan,             nan,             nan,
         5.22971652e-01,  6.48093842e-01,  6.40273705e-01,
         6.79374389e-01],
       [            nan,             nan,             nan,
                    nan,  3.51906158e-02,  5.86510264e-02,
         1.99413490e-01],
       [            nan,             nan,             nan,
                    nan,             nan,  6.93889390e-18,
         0.00000000e+00],
       [            nan,             nan,             nan,
                    nan,             nan,             nan,
        -1.65200391e-01],
       [            nan,             nan,             nan,
                    nan,             nan,             nan,
                    nan]]), 'S2_conf': array([[           nan, 7.21978749e-01, 4.92135264e-01, 9.26393870e-01,
        7.76005848e-01, 7.88538051e-01, 7.69654789e-01],
       [           nan,            nan, 1.84233344e-01, 7.92512970e-01,
        3.90364228e-01, 5.75543753e-01, 4.23575488e-01],
       [           nan,            nan,            nan, 1.49491545e+00,
        9.00922939e-01, 9.08079144e-01, 9.03790701e-01],
       [           nan,            nan,            nan,            nan,
        1.27461775e+00, 1.27410002e+00, 1.00680133e+00],
       [           nan,            nan,            nan,            nan,
                   nan, 1.44950017e-17, 4.06368148e-17],
       [           nan,            nan,            nan,            nan,
                   nan,            nan, 4.86141375e-01],
       [           nan,            nan,            nan,            nan,
                   nan,            nan,            nan]])}, {'S1': array([ 0.24194952,  0.03713374, -0.1246011 , -0.00681752,  0.        ,
       -0.02930084,  0.02001741]), 'S1_conf': array([0.50575456, 0.1176427 , 0.33632472, 0.71414692, 0.        ,
       0.18609372, 0.10698764]), 'ST': array([0.37133739, 0.00928343, 0.26457789, 0.46881346, 0.        ,
       0.01856687, 0.0278503 ]), 'ST_conf': array([0.7604561 , 0.02618584, 0.43110967, 0.93817325, 0.        ,
       0.0392245 , 0.0825454 ]), 'S2': array([[            nan, -2.80968959e-01, -1.78851175e-01,
        -1.23150566e-01, -2.90252393e-01, -2.53118654e-01,
        -3.27386133e-01],
       [            nan,             nan, -1.11401218e-01,
         2.22802437e-01,  9.28343487e-02,  5.57006092e-02,
         9.28343487e-02],
       [            nan,             nan,             nan,
         7.23672759e-01,  5.00870322e-01,  5.47287496e-01,
         5.75137801e-01],
       [            nan,             nan,             nan,
                    nan,  2.77052509e-01,  3.14186249e-01,
         2.58485640e-01],
       [            nan,             nan,             nan,
                    nan,             nan,  1.38777878e-17,
         0.00000000e+00],
       [            nan,             nan,             nan,
                    nan,             nan,             nan,
         7.32521033e-02],
       [            nan,             nan,             nan,
                    nan,             nan,             nan,
                    nan]]), 'S2_conf': array([[           nan, 1.09135981e+00, 6.35514241e-01, 8.39666573e-01,
        1.20499103e+00, 1.10192598e+00, 1.20920199e+00],
       [           nan,            nan, 2.40179436e-01, 5.78898076e-01,
        4.56206306e-01, 3.44151658e-01, 4.56206306e-01],
       [           nan,            nan,            nan, 1.09477790e+00,
        7.12944140e-01, 7.72382677e-01, 9.98609210e-01],
       [           nan,            nan,            nan,            nan,
        7.32036590e-01, 6.11941463e-01, 7.26646511e-01],
       [           nan,            nan,            nan,            nan,
                   nan, 2.78744697e-17, 8.02631544e-18],
       [           nan,            nan,            nan,            nan,
                   nan,            nan, 3.84637005e-01],
       [           nan,            nan,            nan,            nan,
                   nan,            nan,            nan]])}, {'S1': array([ 0.33970276, -0.24946921,  0.1358811 ,  0.04511677,  0.        ,
       -0.04511677, -0.22664544]), 'S1_conf': array([0.55132033, 0.90177837, 0.51931571, 0.15144165, 0.        ,
       0.15595023, 0.66369228]), 'ST': array([0.33970276, 0.33970276, 0.40764331, 0.03397028, 0.        ,
       0.03397028, 0.16985138]), 'ST_conf': array([0.75862055, 1.07491397, 0.8426057 , 0.11402666, 0.        ,
       0.11742135, 0.49709126]), 'S2': array([[            nan, -2.94055202e-01, -1.58174098e-01,
        -4.97876858e-01, -3.61995754e-01, -2.94055202e-01,
        -2.94055202e-01],
       [            nan,             nan,  3.40233546e-01,
         6.11995754e-01,  6.11995754e-01,  6.11995754e-01,
         3.40233546e-01],
       [            nan,             nan,             nan,
         6.33757962e-01,  6.33757962e-01,  7.69639066e-01,
         7.69639066e-01],
       [            nan,             nan,             nan,
                    nan, -1.35881104e-01, -1.35881104e-01,
         1.35881104e-01],
       [            nan,             nan,             nan,
                    nan,             nan,  6.93889390e-18,
         2.77555756e-17],
       [            nan,             nan,             nan,
                    nan,             nan,             nan,
         3.84819533e-01],
       [            nan,             nan,             nan,
                    nan,             nan,             nan,
                    nan]]), 'S2_conf': array([[           nan, 8.82813957e-01, 6.18108270e-01, 1.01363267e+00,
        9.80630602e-01, 9.59636952e-01, 9.59636952e-01],
       [           nan,            nan, 1.46230127e+00, 1.69750014e+00,
        1.69750014e+00, 1.69750014e+00, 8.23377638e-01],
       [           nan,            nan,            nan, 8.61114290e-01,
        8.61114290e-01, 8.97338658e-01, 8.97338658e-01],
       [           nan,            nan,            nan,            nan,
        6.07314408e-01, 6.07314408e-01, 3.63597779e-01],
       [           nan,            nan,            nan,            nan,
                   nan, 2.73215258e-17, 1.24561630e-16],
       [           nan,            nan,            nan,            nan,
                   nan,            nan, 3.80337482e-01],
       [           nan,            nan,            nan,            nan,
                   nan,            nan,            nan]])}, {'S1': array([ 0.29225352,  0.38732394,  0.61619718,  0.29225352,  0.        ,
       -0.09507042,  0.09859155]), 'S1_conf': array([1.05462793, 0.8032493 , 1.5123989 , 0.68953807, 0.        ,
       0.62262138, 0.80824057]), 'ST': array([0.3943662 , 0.22535211, 1.63380282, 0.28169014, 0.        ,
       0.28169014, 0.33802817]), 'ST_conf': array([0.99957516, 0.46734505, 3.17497157, 0.73139659, 0.        ,
       2.23959391, 2.22079764]), 'S2': array([[            nan, -5.17605634e-01, -6.69014085e-02,
        -2.92253521e-01, -2.92253521e-01, -2.92253521e-01,
        -4.04929577e-01],
       [            nan,             nan, -2.42957746e-01,
        -2.42957746e-01, -2.42957746e-01, -2.42957746e-01,
        -3.55633803e-01],
       [            nan,             nan,             nan,
        -6.51408451e-01,  2.46478873e-02,  1.37323944e-01,
         2.46478873e-02],
       [            nan,             nan,             nan,
                    nan, -2.60563380e-01, -2.60563380e-01,
        -2.60563380e-01],
       [            nan,             nan,             nan,
                    nan,             nan,  1.38777878e-17,
        -1.38777878e-17],
       [            nan,             nan,             nan,
                    nan,             nan,             nan,
         9.50704225e-02],
       [            nan,             nan,             nan,
                    nan,             nan,             nan,
                    nan]]), 'S2_conf': array([[           nan, 1.09696725e+00, 1.96695096e+00, 1.06637903e+00,
        6.87762274e-01, 6.87762274e-01, 8.85197267e-01],
       [           nan,            nan, 1.82829634e+00, 1.05798469e+00,
        5.34806318e-01, 5.34806318e-01, 7.54081684e-01],
       [           nan,            nan,            nan, 3.12913109e+00,
        1.51159214e+00, 2.00603600e+00, 2.14015856e+00],
       [           nan,            nan,            nan,            nan,
        6.12823244e-01, 6.12823244e-01, 6.12823244e-01],
       [           nan,            nan,            nan,            nan,
                   nan, 1.87685676e-17, 7.41449116e-17],
       [           nan,            nan,            nan,            nan,
                   nan,            nan, 6.22621381e-01],
       [           nan,            nan,            nan,            nan,
                   nan,            nan,            nan]])}, {'S1': array([ 0.08901515,  0.33143939,  0.41666667, -0.01609848, -0.04450758,
       -0.07670455, -0.12121212]), 'S1_conf': array([1.23497274, 0.70531115, 0.95674282, 0.21374678, 0.17869456,
       0.41122628, 0.47287236]), 'ST': array([0.78787879, 0.12121212, 0.66666667, 0.09090909, 0.03030303,
       0.27272727, 0.24242424]), 'ST_conf': array([2.6039477 , 0.25794236, 1.87841063, 0.35478791, 0.12166438,
       1.09218249, 1.00864539]), 'S2': array([[        nan, -0.35984848,  0.18560606,  0.00378788, -0.11742424,
         0.00378788, -0.11742424],
       [        nan,         nan, -0.35984848, -0.23863636, -0.23863636,
        -0.23863636, -0.23863636],
       [        nan,         nan,         nan,  0.58901515,  0.64962121,
         1.01325758,  1.07386364],
       [        nan,         nan,         nan,         nan, -0.02840909,
         0.03219697,  0.03219697],
       [        nan,         nan,         nan,         nan,         nan,
         0.04450758,  0.04450758],
       [        nan,         nan,         nan,         nan,         nan,
                nan,  0.07670455],
       [        nan,         nan,         nan,         nan,         nan,
                nan,         nan]]), 'S2_conf': array([[       nan, 1.24286639, 2.741439  , 1.03576169, 0.94066368,
        1.03576169, 0.94066368],
       [       nan,        nan, 0.80590913, 0.55026494, 0.55026494,
        0.55026494, 0.55026494],
       [       nan,        nan,        nan, 2.32412408, 2.1729319 ,
        1.95557892, 1.92238241],
       [       nan,        nan,        nan,        nan, 0.20805595,
        0.24956618, 0.24956618],
       [       nan,        nan,        nan,        nan,        nan,
        0.17869456, 0.17869456],
       [       nan,        nan,        nan,        nan,        nan,
               nan, 0.41122628],
       [       nan,        nan,        nan,        nan,        nan,
               nan,        nan]])}, {'S1': array([ 0.0862069 ,  0.39655172,  0.3908046 ,  0.33333333,  0.        ,
       -0.06321839,  0.3045977 ]), 'S1_conf': array([1.33647987, 0.41696236, 0.87303874, 0.41607337, 0.        ,
       0.38515578, 0.53858503]), 'ST': array([0.32183908, 0.13793103, 0.36781609, 0.09195402, 0.        ,
       0.04597701, 0.13793103]), 'ST_conf': array([1.37941339, 0.44819213, 1.3366889 , 0.50733338, 0.        ,
       0.28011329, 0.42582443]), 'S2': array([[        nan,  0.04022989,  0.40804598,  0.13218391,  0.22413793,
         0.22413793, -0.05172414],
       [        nan,         nan, -0.39655172, -0.39655172, -0.21264368,
        -0.21264368, -0.48850575],
       [        nan,         nan,         nan,  0.04597701,  0.32183908,
         0.50574713,  0.22988506],
       [        nan,         nan,         nan,         nan, -0.33333333,
        -0.33333333, -0.33333333],
       [        nan,         nan,         nan,         nan,         nan,
         0.12068966,  0.12068966],
       [        nan,         nan,         nan,         nan,         nan,
                nan,  0.06321839],
       [        nan,         nan,         nan,         nan,         nan,
                nan,         nan]]), 'S2_conf': array([[       nan, 1.34100993, 3.56680749, 2.09959791, 1.1078713 ,
        1.1078713 , 1.09234044],
       [       nan,        nan, 0.5235781 , 0.48711868, 0.32375106,
        0.32375106, 0.65556525],
       [       nan,        nan,        nan, 1.57764388, 1.43091366,
        1.32301361, 1.58740704],
       [       nan,        nan,        nan,        nan, 0.41607337,
        0.41607337, 0.41607337],
       [       nan,        nan,        nan,        nan,        nan,
        0.7352974 , 0.7352974 ],
       [       nan,        nan,        nan,        nan,        nan,
               nan, 0.38515578],
       [       nan,        nan,        nan,        nan,        nan,
               nan,        nan]])}, {'S1': array([-2.56944444e-01,  1.49305556e-01,  8.47222222e-01,  0.00000000e+00,
        0.00000000e+00,  6.94444444e-02,  4.91625452e-17]), 'S1_conf': array([0.59420563, 0.4199718 , 0.91127961, 0.        , 0.        ,
       0.49788513, 0.22952742]), 'ST': array([0.55555556, 0.36111111, 0.55555556, 0.        , 0.        ,
       0.27777778, 0.22222222]), 'ST_conf': array([1.67724844, 0.8545734 , 0.4820372 , 0.        , 0.        ,
       0.4826617 , 0.66979339]), 'S2': array([[        nan,  0.56944444,  0.23611111,  0.45833333,  0.45833333,
         0.73611111,  0.56944444],
       [        nan,         nan, -0.64930556, -0.03819444, -0.03819444,
        -0.14930556, -0.14930556],
       [        nan,         nan,         nan, -0.29513889, -0.29513889,
        -0.40625   ,  0.14930556],
       [        nan,         nan,         nan,         nan,  0.29513889,
         0.29513889,  0.29513889],
       [        nan,         nan,         nan,         nan,         nan,
         0.27083333,  0.27083333],
       [        nan,         nan,         nan,         nan,         nan,
                nan,  0.33680556],
       [        nan,         nan,         nan,         nan,         nan,
                nan,         nan]]), 'S2_conf': array([[       nan, 1.08594225, 1.14091474, 1.11779051, 1.11779051,
        0.90119316, 1.15120604],
       [       nan,        nan, 1.03308072, 0.50455043, 0.50455043,
        0.30797877, 0.77531491],
       [       nan,        nan,        nan, 1.62264537, 1.62264537,
        1.78878476, 2.70289446],
       [       nan,        nan,        nan,        nan, 0.57082166,
        0.57082166, 0.57082166],
       [       nan,        nan,        nan,        nan,        nan,
        0.5879493 , 0.5879493 ],
       [       nan,        nan,        nan,        nan,        nan,
               nan, 1.1379311 ],
       [       nan,        nan,        nan,        nan,        nan,
               nan,        nan]])}, {'S1': array([ 0.50200437,  0.11661808,  0.12882653, -0.01147959,  0.18731778,
        0.17583819,  0.07033528]), 'S1_conf': array([0.80859788, 0.36442319, 0.58636528, 0.05398717, 0.36951368,
       0.42957281, 0.25796453]), 'ST': array([0.9212828 , 0.16326531, 0.6180758 , 0.01166181, 0.11661808,
       0.22157434, 0.06997085]), 'ST_conf': array([2.01382421, 0.49239381, 1.49338876, 0.05484411, 0.33324885,
       0.34352921, 0.16784284]), 'S2': array([[        nan,  0.33764577,  0.43094023,  0.01111516,  0.08108601,
        -0.15215015,  0.10440962],
       [        nan,         nan, -0.22139213,  0.24508017, -0.01147959,
         0.10513848,  0.01184402],
       [        nan,         nan,         nan,  0.50018222,  0.43021137,
         0.29026968,  0.4768586 ],
       [        nan,         nan,         nan,         nan,  0.23323615,
         0.20991254,  0.18658892],
       [        nan,         nan,         nan,         nan,         nan,
        -0.04737609, -0.07069971],
       [        nan,         nan,         nan,         nan,         nan,
                nan, -0.01257289],
       [        nan,         nan,         nan,         nan,         nan,
                nan,         nan]]), 'S2_conf': array([[       nan, 0.99660925, 1.6550128 , 1.68218111, 1.50387641,
        1.66825064, 1.37628303],
       [       nan,        nan, 0.78695299, 0.70850219, 0.46757188,
        0.66783574, 0.44840454],
       [       nan,        nan,        nan, 0.88486508, 1.01421733,
        0.84311257, 0.87185261],
       [       nan,        nan,        nan,        nan, 0.23433643,
        0.28930643, 0.20684135],
       [       nan,        nan,        nan,        nan,        nan,
        0.46397744, 0.53293507],
       [       nan,        nan,        nan,        nan,        nan,
               nan, 0.51691299],
       [       nan,        nan,        nan,        nan,        nan,
               nan,        nan]])}, {'S1': array([ 0.81840974,  0.32688634,  0.23436008, -0.00083572,  0.        ,
        0.08488539,  0.05515759]), 'S1_conf': array([0.7728299 , 0.43752676, 0.64453385, 0.00259925, 0.        ,
       0.18446795, 0.0957675 ]), 'ST': array([1.04297994, 0.19866285, 0.43170965, 0.00382044, 0.        ,
       0.07258835, 0.02292264]), 'ST_conf': array([1.44808091, 0.22081232, 0.55907844, 0.01188231, 0.        ,
       0.15097696, 0.05061454]), 'S2': array([[        nan, -0.10864374,  0.00596944, -0.18505253, -0.17741165,
        -0.03223496, -0.21561605],
       [        nan,         nan, -0.30396371, -0.05181471, -0.07473734,
        -0.12058262, -0.12058262],
       [        nan,         nan,         nan,  0.336915  ,  0.35219675,
         0.32927412,  0.42860554],
       [        nan,         nan,         nan,         nan,  0.01098376,
         0.02626552,  0.01098376],
       [        nan,         nan,         nan,         nan,         nan,
        -0.00083572,  0.00680516],
       [        nan,         nan,         nan,         nan,         nan,
                nan, -0.08572111],
       [        nan,         nan,         nan,         nan,         nan,
                nan,         nan]]), 'S2_conf': array([[       nan, 0.89290239, 1.29970515, 0.94550948, 0.93983252,
        0.88784401, 1.01146056],
       [       nan,        nan, 0.44921934, 0.41492171, 0.36835209,
        0.24213111, 0.30533033],
       [       nan,        nan,        nan, 0.89215825, 0.90308732,
        0.91627186, 0.97864193],
       [       nan,        nan,        nan,        nan, 0.13605139,
        0.1107433 , 0.13605139],
       [       nan,        nan,        nan,        nan,        nan,
        0.00166887, 0.01358937],
       [       nan,        nan,        nan,        nan,        nan,
               nan, 0.38077102],
       [       nan,        nan,        nan,        nan,        nan,
               nan,        nan]])}, {'S1': array([ 0.61528436,  0.36558057,  0.08062796, -0.00758294,  0.03738152,
        0.08501185,  0.03684834]), 'S1_conf': array([0.62820946, 0.50490594, 0.55469603, 0.02504563, 0.09811538,
       0.26277419, 0.09802458]), 'ST': array([0.94028436, 0.22369668, 0.56492891, 0.00758294, 0.00379147,
       0.08720379, 0.00758294]), 'ST_conf': array([1.7562204 , 0.39314309, 0.69980523, 0.01995114, 0.00995148,
       0.19512782, 0.0156557 ]), 'S2': array([[        nan,  0.18797393,  0.2410545 ,  0.09697867, -0.02434834,
         0.38513033, -0.00918246],
       [        nan,         nan, -0.26646919, -0.08447867, -0.05414692,
        -0.17547393, -0.08447867],
       [        nan,         nan,         nan,  0.4610782 ,  0.49140995,
         0.34733412,  0.50657583],
       [        nan,         nan,         nan,         nan,  0.08341232,
         0.09099526,  0.07582938],
       [        nan,         nan,         nan,         nan,         nan,
         0.03086493,  0.03086493],
       [        nan,         nan,         nan,         nan,         nan,
                nan,  0.00491706],
       [        nan,         nan,         nan,         nan,         nan,
                nan,         nan]]), 'S2_conf': array([[       nan, 1.18081428, 1.35649215, 1.20939123, 1.18350154,
        1.50012593, 1.18031642],
       [       nan,        nan, 0.64014477, 0.35210712, 0.37724175,
        0.50940253, 0.35210712],
       [       nan,        nan,        nan, 0.72123498, 0.74739965,
        0.87466835, 0.75977756],
       [       nan,        nan,        nan,        nan, 0.11495024,
        0.12298103, 0.11114674],
       [       nan,        nan,        nan,        nan,        nan,
        0.17044483, 0.17044483],
       [       nan,        nan,        nan,        nan,        nan,
               nan, 0.54174505],
       [       nan,        nan,        nan,        nan,        nan,
               nan,        nan]])}, {'S1': array([0.60172921, 0.24034216, 0.09602649, 0.01894776, 0.00947388,
       0.0084621 , 0.00487491]), 'S1_conf': array([0.84839943, 0.30818819, 0.92279272, 0.05094034, 0.03345727,
       0.05943179, 0.03086976]), 'ST': array([1.16556291, 0.10301692, 0.52980132, 0.02354673, 0.00883002,
       0.05298013, 0.00883002]), 'ST_conf': array([3.55567012, 0.24087909, 1.14414489, 0.07438882, 0.02951803,
       0.22730262, 0.02951803]), 'S2': array([[            nan,  3.21467991e-01,  7.33535688e-01,
         3.15581310e-01,  1.86074319e-01,  5.27501840e-01,
         2.44941133e-01],
       [            nan,             nan, -1.64827079e-01,
         5.88668138e-03,  4.70934511e-02,  1.69655956e-15,
         4.70934511e-02],
       [            nan,             nan,             nan,
         5.18211921e-01,  4.29911700e-01,  3.76931567e-01,
         5.00551876e-01],
       [            nan,             nan,             nan,
                    nan,  2.94334069e-02,  5.88668138e-03,
         4.12067697e-02],
       [            nan,             nan,             nan,
                    nan,             nan, -9.47387785e-03,
        -9.47387785e-03],
       [            nan,             nan,             nan,
                    nan,             nan,             nan,
        -9.31751288e-02],
       [            nan,             nan,             nan,
                    nan,             nan,             nan,
                    nan]]), 'S2_conf': array([[       nan, 1.8233546 , 3.83870454, 1.63556217, 1.38377556,
        2.21004241, 1.46924399],
       [       nan,        nan, 1.05840934, 0.29762336, 0.3939641 ,
        0.36205677, 0.3939641 ],
       [       nan,        nan,        nan, 1.2272638 , 1.02787662,
        1.28527476, 1.16847125],
       [       nan,        nan,        nan,        nan, 0.31247394,
        0.46891616, 0.33697658],
       [       nan,        nan,        nan,        nan,        nan,
        0.03345727, 0.03345727],
       [       nan,        nan,        nan,        nan,        nan,
               nan, 0.41863458],
       [       nan,        nan,        nan,        nan,        nan,
               nan,        nan]])}, {'S1': array([0.63273283, 0.30387492, 0.37066621, 0.0489463 , 0.        ,
       0.05115568, 0.        ]), 'S1_conf': array([0.63899274, 0.57865218, 0.63367671, 0.09338665, 0.        ,
       0.13563508, 0.        ]), 'ST': array([0.93269884, 0.29367777, 0.55200544, 0.01087695, 0.        ,
       0.02991162, 0.        ]), 'ST_conf': array([1.74372345, 0.50744624, 0.82304468, 0.01546738, 0.        ,
       0.07634642, 0.        ]), 'S2': array([[            nan,  2.70054385e-01,  9.05846363e-02,
         6.88307274e-02,  1.98844324e-02,  1.99354181e-01,
         1.98844324e-02],
       [            nan,             nan, -3.77124405e-01,
         1.44459551e-02,  5.25152957e-02, -3.99388171e-02,
         5.25152957e-02],
       [            nan,             nan,             nan,
         2.99116247e-02,  3.53501020e-02, -5.16655337e-02,
         3.53501020e-02],
       [            nan,             nan,             nan,
                    nan,  1.00613962e-15,  1.52655666e-15,
         1.00613962e-15],
       [            nan,             nan,             nan,
                    nan,             nan, -5.18354861e-02,
        -5.18354861e-02],
       [            nan,             nan,             nan,
                    nan,             nan,             nan,
        -1.08429640e-01],
       [            nan,             nan,             nan,
                    nan,             nan,             nan,
                    nan]]), 'S2_conf': array([[       nan, 1.58770268, 1.9947498 , 1.10352942, 1.02903939,
        1.32642761, 1.02903939],
       [       nan,        nan, 1.03355283, 0.53612382, 0.59416456,
        0.64974996, 0.59416456],
       [       nan,        nan,        nan, 0.71267814, 0.69105356,
        0.86189086, 0.69105356],
       [       nan,        nan,        nan,        nan, 0.14025408,
        0.16633493, 0.14025408],
       [       nan,        nan,        nan,        nan,        nan,
        0.06643895, 0.06643895],
       [       nan,        nan,        nan,        nan,        nan,
               nan, 0.34526689],
       [       nan,        nan,        nan,        nan,        nan,
               nan,        nan]])}, {'S1': array([0.88635983, 0.06292887, 0.06025105, 0.05355649, 0.01205021,
       0.08569038, 0.05891213]), 'S1_conf': array([0.9328323 , 0.23498202, 0.37935473, 0.10454952, 0.0467096 ,
       0.22275107, 0.11549934]), 'ST': array([1.16753138, 0.0883682 , 0.31330544, 0.01606695, 0.00267782,
       0.03748954, 0.0107113 ]), 'ST_conf': array([1.7369936 , 0.25735138, 0.64385922, 0.01964697, 0.01037991,
       0.0799187 , 0.02382568]), 'S2': array([[        nan,  0.27715481,  0.42175732,  0.08970711,  0.11648536,
         0.10577406,  0.00937238],
       [        nan,         nan,  0.06292887,  0.24502092,  0.26108787,
         0.25037657,  0.25573222],
       [        nan,         nan,         nan,  0.5074477 ,  0.43246862,
         0.44853556,  0.46995816],
       [        nan,         nan,         nan,         nan, -0.02410042,
        -0.03481172, -0.03481172],
       [        nan,         nan,         nan,         nan,         nan,
        -0.0107113 , -0.00535565],
       [        nan,         nan,         nan,         nan,         nan,
                nan, -0.09506276],
       [        nan,         nan,         nan,         nan,         nan,
                nan,         nan]]), 'S2_conf': array([[       nan, 1.45800914, 1.78383312, 1.35272575, 1.23782537,
        1.57546693, 1.35637223],
       [       nan,        nan, 0.82739709, 0.51516702, 0.63665546,
        0.64634329, 0.56080081],
       [       nan,        nan,        nan, 0.66010042, 0.58566996,
        0.56868036, 0.58851523],
       [       nan,        nan,        nan,        nan, 0.15262263,
        0.16576625, 0.13622085],
       [       nan,        nan,        nan,        nan,        nan,
        0.04673312, 0.04874591],
       [       nan,        nan,        nan,        nan,        nan,
               nan, 0.20460203],
       [       nan,        nan,        nan,        nan,        nan,
               nan,        nan]])}, {'S1': array([ 0.64017048,  0.05567582,  0.01173725,  0.064335  , -0.03277635,
       -0.02475984, -0.01051955]), 'S1_conf': array([0.75670279, 0.28840369, 0.37038036, 0.06905328, 0.05439136,
       0.06300891, 0.10661995]), 'ST': array([1.0434312 , 0.11256934, 0.2619402 , 0.03030713, 0.0021648 ,
       0.01298877, 0.01948316]), 'ST_conf': array([1.18291316, 0.142182  , 0.36375607, 0.02733078, 0.00359241,
       0.02722687, 0.03178052]), 'S2': array([[        nan,  0.50284129,  0.66303613,  0.4119199 ,  0.35996482,
         0.39027195,  0.35130564],
       [        nan,         nan,  0.03771479,  0.13296577,  0.21089839,
         0.19358003,  0.13296577],
       [        nan,         nan,         nan,  0.38540116,  0.37241239,
         0.36375321,  0.40704911],
       [        nan,         nan,         nan,         nan, -0.04393857,
        -0.03960898, -0.04393857],
       [        nan,         nan,         nan,         nan,         nan,
         0.06369233,  0.06369233],
       [        nan,         nan,         nan,         nan,         nan,
                nan,  0.03774861],
       [        nan,         nan,         nan,         nan,         nan,
                nan,         nan]]), 'S2_conf': array([[       nan, 1.25654148, 1.76365595, 1.39342994, 1.1468061 ,
        1.26196059, 1.19219266],
       [       nan,        nan, 0.45112817, 0.30308943, 0.38226088,
        0.37812014, 0.30308943],
       [       nan,        nan,        nan, 0.86186296, 0.72450567,
        0.75255967, 0.76019004],
       [       nan,        nan,        nan,        nan, 0.12453887,
        0.14266477, 0.12850571],
       [       nan,        nan,        nan,        nan,        nan,
        0.0788573 , 0.0788573 ],
       [       nan,        nan,        nan,        nan,        nan,
               nan, 0.13077088],
       [       nan,        nan,        nan,        nan,        nan,
               nan,        nan]])}, {'S1': array([ 0.60440037,  0.16219284,  0.1681023 ,  0.03011485,  0.        ,
       -0.02787794, -0.06613916]), 'S1_conf': array([0.8313094 , 0.42899298, 0.45709468, 0.09417325, 0.        ,
       0.0383805 , 0.14401338]), 'ST': array([0.87820513, 0.17948718, 0.37393162, 0.00854701, 0.        ,
       0.00641026, 0.02777778]), 'ST_conf': array([1.31442935, 0.23536125, 0.44668745, 0.01291475, 0.        ,
       0.01012729, 0.06191416]), 'S2': array([[            nan,  2.82852564e-01,  1.80288462e-01,
         1.67467949e-01,  1.50373932e-01,  2.05929487e-01,
         1.88835470e-01],
       [            nan,             nan, -1.49372329e-01,
         2.15678419e-02,  3.86618590e-02,  2.15678419e-02,
        -1.26201923e-02],
       [            nan,             nan,             nan,
         2.28098291e-01,  2.36645299e-01,  2.23824786e-01,
         2.32371795e-01],
       [            nan,             nan,             nan,
                    nan, -5.39196047e-02, -4.53725962e-02,
        -7.10136218e-02],
       [            nan,             nan,             nan,
                    nan,             nan, -1.38777878e-17,
         0.00000000e+00],
       [            nan,             nan,             nan,
                    nan,             nan,             nan,
         3.19511218e-02],
       [            nan,             nan,             nan,
                    nan,             nan,             nan,
                    nan]]), 'S2_conf': array([[           nan, 1.30884954e+00, 1.57747250e+00, 1.33111368e+00,
        1.22704332e+00, 1.19278109e+00, 1.18084285e+00],
       [           nan,            nan, 6.88997703e-01, 4.51880251e-01,
        5.01849296e-01, 4.78659739e-01, 3.55837702e-01],
       [           nan,            nan,            nan, 6.91285314e-01,
        6.95657084e-01, 6.80280535e-01, 6.17160413e-01],
       [           nan,            nan,            nan,            nan,
        1.72896482e-01, 1.75382247e-01, 1.17525047e-01],
       [           nan,            nan,            nan,            nan,
                   nan, 1.73366436e-17, 1.53579106e-17],
       [           nan,            nan,            nan,            nan,
                   nan,            nan, 4.37215494e-02],
       [           nan,            nan,            nan,            nan,
                   nan,            nan,            nan]])}, {'S1': array([ 0.74745086,  0.14644599,  0.10728536, -0.00945766,  0.        ,
        0.04714053,  0.0190631 ]), 'S1_conf': array([0.67305291, 0.40407147, 0.59469789, 0.09020321, 0.        ,
       0.08613376, 0.11156086]), 'ST': array([0.95049505, 0.22461948, 0.43032363, 0.02364416, 0.        ,
       0.00709325, 0.01655091]), 'ST_conf': array([1.34291574, 0.29104668, 0.53571944, 0.03903248, 0.        ,
       0.01152234, 0.02797988]), 'S2': array([[            nan,  2.02600857e-01,  5.09974878e-01,
         1.74227871e-01,  3.98995123e-03,  2.76341067e-02,
         5.60070932e-02],
       [            nan,             nan, -1.74671198e-01,
         5.23126940e-02,  1.18516329e-01,  9.01433427e-02,
         5.23126940e-02],
       [            nan,             nan,             nan,
         3.32939264e-01,  3.23481602e-01,  3.23481602e-01,
         3.32939264e-01],
       [            nan,             nan,             nan,
                    nan,  8.02423526e-02,  7.55135215e-02,
         6.60558593e-02],
       [            nan,             nan,             nan,
                    nan,             nan,  0.00000000e+00,
        -3.46944695e-18],
       [            nan,             nan,             nan,
                    nan,             nan,             nan,
        -5.23126940e-02],
       [            nan,             nan,             nan,
                    nan,             nan,             nan,
                    nan]]), 'S2_conf': array([[           nan, 1.37792579e+00, 2.06526305e+00, 1.40443787e+00,
        1.15641858e+00, 1.34562300e+00, 1.33119777e+00],
       [           nan,            nan, 8.34547895e-01, 4.20899579e-01,
        4.90780232e-01, 5.07891393e-01, 4.20899579e-01],
       [           nan,            nan,            nan, 7.49028623e-01,
        7.21895666e-01, 7.42149767e-01, 7.35683229e-01],
       [           nan,            nan,            nan,            nan,
        1.52407164e-01, 1.54227157e-01, 1.35824192e-01],
       [           nan,            nan,            nan,            nan,
                   nan, 1.68416991e-17, 1.91132539e-17],
       [           nan,            nan,            nan,            nan,
                   nan,            nan, 9.59372699e-02],
       [           nan,            nan,            nan,            nan,
                   nan,            nan,            nan]])}, {'S1': array([ 0.60201378,  0.12943826,  0.07571542, -0.04577371,  0.        ,
        0.01695813, -0.01808426]), 'S1_conf': array([1.08313564, 0.47115227, 0.55170372, 0.16926007, 0.        ,
       0.08242768, 0.05520915]), 'ST': array([1.10651828, 0.19501855, 0.29888712, 0.02331744, 0.        ,
       0.00423953, 0.00211977]), 'ST_conf': array([2.0727238 , 0.26619231, 0.44754112, 0.05872637, 0.        ,
       0.00752115, 0.0064714 ]), 'S2': array([[        nan,  0.33551934,  0.50510069,  0.37367515,  0.25920774,
         0.2040938 ,  0.27616587],
       [        nan,         nan, -0.14752252,  0.02205882,  0.04749603,
         0.04749603,  0.03901696],
       [        nan,         nan,         nan,  0.25079491,  0.19568098,
         0.19568098,  0.21263911],
       [        nan,         nan,         nan,         nan,  0.07008479,
         0.06584526,  0.07008479],
       [        nan,         nan,         nan,         nan,         nan,
         0.        ,  0.        ],
       [        nan,         nan,         nan,         nan,         nan,
                nan, -0.02007154],
       [        nan,         nan,         nan,         nan,         nan,
                nan,         nan]]), 'S2_conf': array([[           nan, 1.60729137e+00, 2.30300879e+00, 1.58779064e+00,
        1.51979764e+00, 1.57983581e+00, 1.50429915e+00],
       [           nan,            nan, 5.87548810e-01, 3.98684575e-01,
        4.67918906e-01, 4.67918906e-01, 4.44531666e-01],
       [           nan,            nan,            nan, 7.50711848e-01,
        7.33454052e-01, 7.28208525e-01, 7.16921992e-01],
       [           nan,            nan,            nan,            nan,
        1.97355836e-01, 1.97954756e-01, 1.97355836e-01],
       [           nan,            nan,            nan,            nan,
                   nan, 1.76372829e-18, 0.00000000e+00],
       [           nan,            nan,            nan,            nan,
                   nan,            nan, 8.92773999e-02],
       [           nan,            nan,            nan,            nan,
                   nan,            nan,            nan]])}]
------------
{'S1': array([nan, nan, nan, nan, nan, nan, nan]), 'S1_conf': array([nan, nan, nan, nan, nan, nan, nan]), 'ST': array([nan, nan, nan, nan, nan, nan, nan]), 'ST_conf': array([nan, nan, nan, nan, nan, nan, nan]), 'S2': array([[nan, nan, nan, nan, nan, nan, nan],
       [nan, nan, nan, nan, nan, nan, nan],
       [nan, nan, nan, nan, nan, nan, nan],
       [nan, nan, nan, nan, nan, nan, nan],
       [nan, nan, nan, nan, nan, nan, nan],
       [nan, nan, nan, nan, nan, nan, nan],
       [nan, nan, nan, nan, nan, nan, nan]]), 'S2_conf': array([[nan, nan, nan, nan, nan, nan, nan],
       [nan, nan, nan, nan, nan, nan, nan],
       [nan, nan, nan, nan, nan, nan, nan],
       [nan, nan, nan, nan, nan, nan, nan],
       [nan, nan, nan, nan, nan, nan, nan],
       [nan, nan, nan, nan, nan, nan, nan],
       [nan, nan, nan, nan, nan, nan, nan]])}
------------
{'S1': array([ 0.65012268,  0.18229475,  0.21587859,  0.00741292,  0.00929611,
        0.03331745, -0.00567458]), 'S1_conf': array([0.83100886, 0.58115677, 0.5843827 , 0.04360708, 0.0235407 ,
       0.13368472, 0.15534983]), 'ST': array([8.78151106e-01, 1.76779165e-01, 4.69587589e-01, 2.32721616e-03,
       2.29533648e-04, 2.22137564e-02, 1.27518693e-02]), 'ST_conf': array([2.56226260e+00, 5.51253503e-01, 1.45002719e+00, 8.72987794e-03,
       6.13314709e-04, 7.51725309e-02, 4.56788076e-02]), 'S2': array([[        nan,  0.09839243,  0.27375613, -0.02836115, -0.06666777,
         0.05784148, -0.04787151],
       [        nan,         nan, -0.16745556,  0.08698249,  0.09620209,
         0.05954047,  0.05445247],
       [        nan,         nan,         nan,  0.35617386,  0.36733174,
         0.37090227,  0.41044581],
       [        nan,         nan,         nan,         nan,  0.04583082,
         0.04852146,  0.04876375],
       [        nan,         nan,         nan,         nan,         nan,
         0.00426988,  0.00268865],
       [        nan,         nan,         nan,         nan,         nan,
                nan, -0.004346  ],
       [        nan,         nan,         nan,         nan,         nan,
                nan,         nan]]), 'S2_conf': array([[       nan, 1.90514331, 3.41427764, 1.50776067, 1.45389635,
        1.61526197, 1.45982775],
       [       nan,        nan, 1.10723639, 0.88412578, 0.93316796,
        0.82775632, 0.73143082],
       [       nan,        nan,        nan, 1.24947991, 1.21469085,
        1.3865304 , 1.2611586 ],
       [       nan,        nan,        nan,        nan, 0.10028821,
        0.12023331, 0.11706498],
       [       nan,        nan,        nan,        nan,        nan,
        0.03053767, 0.02840347],
       [       nan,        nan,        nan,        nan,        nan,
               nan, 0.22524849],
       [       nan,        nan,        nan,        nan,        nan,
               nan,        nan]])}
------------
{'S1': array([ 0.65012268,  0.18229475,  0.21587859,  0.00741292,  0.00929611,
        0.03331745, -0.00567458]), 'S1_conf': array([0.80507548, 0.49014012, 0.63476932, 0.04616267, 0.02117513,
       0.13748361, 0.18838375]), 'ST': array([8.78151106e-01, 1.76779165e-01, 4.69587589e-01, 2.32721616e-03,
       2.29533648e-04, 2.22137564e-02, 1.27518693e-02]), 'ST_conf': array([1.38696853e+00, 4.83805931e-01, 1.10928396e+00, 4.29461430e-03,
       4.97719438e-04, 6.31099815e-02, 5.60082758e-02]), 'S2': array([[        nan,  0.09839243,  0.27375613, -0.02836115, -0.06666777,
         0.05784148, -0.04787151],
       [        nan,         nan, -0.16745556,  0.08698249,  0.09620209,
         0.05954047,  0.05445247],
       [        nan,         nan,         nan,  0.35617386,  0.36733174,
         0.37090227,  0.41044581],
       [        nan,         nan,         nan,         nan,  0.04583082,
         0.04852146,  0.04876375],
       [        nan,         nan,         nan,         nan,         nan,
         0.00426988,  0.00268865],
       [        nan,         nan,         nan,         nan,         nan,
                nan, -0.004346  ],
       [        nan,         nan,         nan,         nan,         nan,
                nan,         nan]]), 'S2_conf': array([[       nan, 1.19069374, 1.75843617, 1.51365838, 1.53376969,
        1.40349138, 1.47939014],
       [       nan,        nan, 0.95966588, 0.79035598, 0.82993151,
        0.7585516 , 0.62852991],
       [       nan,        nan,        nan, 0.84024861, 0.83284003,
        0.90173319, 0.95030421],
       [       nan,        nan,        nan,        nan, 0.07509394,
        0.08577888, 0.0831892 ],
       [       nan,        nan,        nan,        nan,        nan,
        0.03737395, 0.03189513],
       [       nan,        nan,        nan,        nan,        nan,
               nan, 0.24864978],
       [       nan,        nan,        nan,        nan,        nan,
               nan,        nan]])}
------------
