[{'S1': array([0.6501426 , 0.17857037, 0.18625282, 0.00618776, 0.00084804,
       0.00682391, 0.00105205]), 'S1_conf': array([0.05864635, 0.02867151, 0.02885063, 0.00853803, 0.00207505,
       0.00573038, 0.00564333]),

        'ST': array([0.65098488, 0.17801133, 0.19574545, 0.01111328, 0.00108997,
       0.00590646, 0.0052731 ]),

        'ST_conf': array([0.05313423, 0.01675278, 0.01900508, 0.00117883, 0.00023262,
       0.00073848, 0.00097608]), 
       
       'S2': array([[        nan, -0.03085355, -0.02385712, -0.02150043, -0.02312065,
        -0.02434319, -0.02426954],
       [        nan,         nan, -0.00453004,  0.00016862, -0.00045001,
        -0.00078879,  0.00164155],
       [        nan,         nan,         nan,  0.00396328,  0.00449353,
         0.00300587,  0.00801384],
       [        nan,         nan,         nan,         nan,  0.00610903,
         0.00516635,  0.0060943 ],
       [        nan,         nan,         nan,         nan,         nan,
        -0.00040937, -0.00043883],
       [        nan,         nan,         nan,         nan,         nan,
                nan,  0.00059865],
       [        nan,         nan,         nan,         nan,         nan,
                nan,         nan]]), 
                
        'S2_conf': array([[       nan, 0.09393103, 0.09271359, 0.08882895, 0.08841846,
        0.08930015, 0.09003946],
       [       nan,        nan, 0.04063835, 0.04187046, 0.04138205,
        0.041161  , 0.04196085],
       [       nan,        nan,        nan, 0.04449189, 0.04401331,
        0.04447094, 0.04474253],
       [       nan,        nan,        nan,        nan, 0.01204191,
        0.01207234, 0.01205253],
       [       nan,        nan,        nan,        nan,        nan,
        0.00275881, 0.00271912],
       [       nan,        nan,        nan,        nan,        nan,
               nan, 0.0077212 ],
       [       nan,        nan,        nan,        nan,        nan,
               nan,        nan]])}, {'S1': array([ 5.82829689e-01,  1.40694219e-01,  2.33995408e-01,  3.59013200e-03,
       -4.17842212e-04,  5.12937068e-03,  4.54683210e-03]), 'S1_conf': array([0.06799447, 0.03279352, 0.03906721, 0.01234309, 0.00235876,
       0.00707806, 0.01269807]), 'ST': array([0.63648685, 0.18588755, 0.25809591, 0.02740349, 0.0008705 ,
       0.0094885 , 0.02764723]), 'ST_conf': array([0.05296792, 0.01735418, 0.02500796, 0.00392752, 0.00024411,
       0.00129643, 0.00421131]), 'S2': array([[            nan, -2.12343277e-02, -1.99633910e-02,
        -6.43574938e-03, -1.27904330e-02, -1.53323065e-02,
        -1.04226605e-02],
       [            nan,             nan,  7.69953554e-03,
         4.80946024e-03,  7.99550710e-03,  4.96615107e-03,
         3.88672535e-03],
       [            nan,             nan,             nan,
         1.75756823e-02,  1.25441657e-02,  1.30316483e-02,
         1.49815786e-02],
       [            nan,             nan,             nan,
                    nan, -9.11332829e-03, -8.83476681e-03,
        -8.24282368e-03],
       [            nan,             nan,             nan,
                    nan,             nan, -7.15057357e-05,
         3.46336476e-04],
       [            nan,             nan,             nan,
                    nan,             nan,             nan,
         5.49408879e-03],
       [            nan,             nan,             nan,
                    nan,             nan,             nan,
                    nan]]), 'S2_conf': array([[       nan, 0.10206243, 0.11811978, 0.09692095, 0.09538412,
        0.09540905, 0.09547365],
       [       nan,        nan, 0.05093015, 0.0482316 , 0.04625653,
        0.04653778, 0.04646651],
       [       nan,        nan,        nan, 0.05115244, 0.04904485,
        0.05040152, 0.04989202],
       [       nan,        nan,        nan,        nan, 0.01720427,
        0.01761391, 0.01712007],
       [       nan,        nan,        nan,        nan,        nan,
        0.00397716, 0.0039109 ],
       [       nan,        nan,        nan,        nan,        nan,
               nan, 0.0106445 ],
       [       nan,        nan,        nan,        nan,        nan,
               nan,        nan]])}, {'S1': array([ 0.54495065,  0.15409941,  0.23923701, -0.00123332, -0.00124066,
        0.00199033,  0.00307734]), 'S1_conf': array([0.05802511, 0.03180841, 0.03812663, 0.01380877, 0.00203216,
       0.00691707, 0.0143966 ]), 'ST': array([0.59072152, 0.20758487, 0.26414461, 0.03704672, 0.00095231,
       0.00928035, 0.02750495]), 'ST_conf': array([0.0490266 , 0.02066891, 0.02610088, 0.00465115, 0.00019219,
       0.00144763, 0.0046296 ]), 'S2': array([[        nan, -0.03207703, -0.0320957 , -0.03286128, -0.03904196,
        -0.03794027, -0.03302934],
       [        nan,         nan,  0.00114591,  0.00990343,  0.01462763,
         0.01363797,  0.02082698],
       [        nan,         nan,         nan, -0.01195454, -0.00920965,
        -0.00810796, -0.01453138],
       [        nan,         nan,         nan,         nan,  0.00592906,
         0.00531286,  0.00729217],
       [        nan,         nan,         nan,         nan,         nan,
         0.00205691,  0.00239302],
       [        nan,         nan,         nan,         nan,         nan,
                nan, -0.00055499],
       [        nan,         nan,         nan,         nan,         nan,
                nan,         nan]]), 'S2_conf': array([[       nan, 0.10299036, 0.11750548, 0.10290703, 0.10043584,
        0.0992086 , 0.10019901],
       [       nan,        nan, 0.0523155 , 0.04767538, 0.04589017,
        0.04651567, 0.04724016],
       [       nan,        nan,        nan, 0.05254483, 0.05131732,
        0.05179138, 0.05087672],
       [       nan,        nan,        nan,        nan, 0.02051821,
        0.02061761, 0.02068241],
       [       nan,        nan,        nan,        nan,        nan,
        0.00334151, 0.00327886],
       [       nan,        nan,        nan,        nan,        nan,
               nan, 0.01135267],
       [       nan,        nan,        nan,        nan,        nan,
               nan,        nan]])}, {'S1': array([5.60814227e-01, 1.74079185e-01, 2.19117076e-01, 3.68789871e-03,
       1.08849472e-04, 1.06640467e-02, 5.35284845e-03]), 'S1_conf': array([0.05929678, 0.03347826, 0.03534798, 0.01259677, 0.00210854,
       0.0079663 , 0.01042138]), 'ST': array([0.60692526, 0.22012421, 0.24117011, 0.03791609, 0.00091213,
       0.01564007, 0.01473631]), 'ST_conf': array([0.05527401, 0.02210412, 0.02276798, 0.00423675, 0.00020209,
       0.00180094, 0.00293314]), 'S2': array([[        nan, -0.02631563, -0.02715244, -0.02460853, -0.03518587,
        -0.03831556, -0.03617331],
       [        nan,         nan,  0.00143253,  0.00526514,  0.00657057,
         0.00757475,  0.00494715],
       [        nan,         nan,         nan, -0.0130445 , -0.01327881,
        -0.0134127 , -0.01406541],
       [        nan,         nan,         nan,         nan, -0.00886747,
        -0.00854948, -0.00953692],
       [        nan,         nan,         nan,         nan,         nan,
        -0.00026564, -0.00029912],
       [        nan,         nan,         nan,         nan,         nan,
                nan, -0.00646613],
       [        nan,         nan,         nan,         nan,         nan,
                nan,         nan]]), 'S2_conf': array([[       nan, 0.09511801, 0.10097418, 0.08896207, 0.08930524,
        0.09012239, 0.08856042],
       [       nan,        nan, 0.0518164 , 0.04622543, 0.0458165 ,
        0.04620304, 0.04652208],
       [       nan,        nan,        nan, 0.05006579, 0.05007011,
        0.05011653, 0.05030675],
       [       nan,        nan,        nan,        nan, 0.01833432,
        0.01803129, 0.01853894],
       [       nan,        nan,        nan,        nan,        nan,
        0.00280978, 0.00280169],
       [       nan,        nan,        nan,        nan,        nan,
               nan, 0.01219897],
       [       nan,        nan,        nan,        nan,        nan,
               nan,        nan]])}, {'S1': array([0.55641465, 0.18370439, 0.19654942, 0.01791857, 0.00077713,
       0.02093089, 0.00594129]), 'S1_conf': array([0.05677489, 0.03419475, 0.03594732, 0.01374886, 0.00229563,
       0.013545  , 0.00667809]), 'ST': array([0.60998857, 0.21238059, 0.21877879, 0.04121785, 0.00104024,
       0.02849269, 0.01103655]), 'ST_conf': array([0.05910412, 0.02044903, 0.02438723, 0.00427649, 0.00031634,
       0.00343241, 0.00181523]), 'S2': array([[        nan, -0.02930442, -0.0099673 , -0.02270671, -0.02327671,
        -0.0244452 , -0.02753743],
       [        nan,         nan, -0.00748485, -0.00323837, -0.00842534,
        -0.0071571 , -0.00841109],
       [        nan,         nan,         nan, -0.0008387 , -0.0007532 ,
        -0.00328968,  0.00524601],
       [        nan,         nan,         nan,         nan, -0.010308  ,
        -0.01280173, -0.00952425],
       [        nan,         nan,         nan,         nan,         nan,
        -0.0023272 , -0.00242695],
       [        nan,         nan,         nan,         nan,         nan,
                nan, -0.0070689 ],
       [        nan,         nan,         nan,         nan,         nan,
                nan,         nan]]), 'S2_conf': array([[       nan, 0.0882212 , 0.09362243, 0.08595186, 0.0824475 ,
        0.08291006, 0.08347354],
       [       nan,        nan, 0.04904138, 0.04594333, 0.04506553,
        0.04636255, 0.04558024],
       [       nan,        nan,        nan, 0.04718184, 0.04834342,
        0.04832332, 0.04868205],
       [       nan,        nan,        nan,        nan, 0.01883386,
        0.01912038, 0.01898283],
       [       nan,        nan,        nan,        nan,        nan,
        0.00274847, 0.00266237],
       [       nan,        nan,        nan,        nan,        nan,
               nan, 0.01775391],
       [       nan,        nan,        nan,        nan,        nan,
               nan,        nan]])}, {'S1': array([5.60700184e-01, 1.77486091e-01, 1.77411071e-01, 1.34747297e-02,
       3.60086461e-04, 1.94504425e-02, 1.95016284e-03]), 'S1_conf': array([0.06454053, 0.03207104, 0.02959939, 0.01275454, 0.00212937,
       0.01413616, 0.0071481 ]), 'ST': array([0.62503172, 0.20953547, 0.21551249, 0.03880263, 0.00067266,
       0.03964185, 0.0106728 ]), 'ST_conf': array([0.05707257, 0.01977114, 0.02602767, 0.00390777, 0.00016855,
       0.00418542, 0.0015563 ]), 'S2': array([[        nan, -0.04239062, -0.01006471, -0.03512594, -0.03369094,
        -0.02941157, -0.03076969],
       [        nan,         nan, -0.01548897,  0.00138508, -0.00767335,
        -0.00824992, -0.00599492],
       [        nan,         nan,         nan,  0.01157049,  0.0132233 ,
         0.00650955,  0.01591392],
       [        nan,         nan,         nan,         nan, -0.00860226,
        -0.00946069, -0.00664194],
       [        nan,         nan,         nan,         nan,         nan,
        -0.00067132, -0.00035101],
       [        nan,         nan,         nan,         nan,         nan,
                nan,  0.00442216],
       [        nan,         nan,         nan,         nan,         nan,
                nan,         nan]]), 'S2_conf': array([[       nan, 0.10027635, 0.11433314, 0.10104174, 0.10067219,
        0.10252327, 0.10174297],
       [       nan,        nan, 0.05146204, 0.04858557, 0.04782174,
        0.04778853, 0.04840517],
       [       nan,        nan,        nan, 0.04648354, 0.04539167,
        0.04559906, 0.04554105],
       [       nan,        nan,        nan,        nan, 0.02050926,
        0.02141175, 0.02082445],
       [       nan,        nan,        nan,        nan,        nan,
        0.00287973, 0.00290241],
       [       nan,        nan,        nan,        nan,        nan,
               nan, 0.02002142],
       [       nan,        nan,        nan,        nan,        nan,
               nan,        nan]])}, {'S1': array([5.98318384e-01, 1.71597766e-01, 1.52486273e-01, 8.54682903e-03,
       5.79940314e-04, 2.26916466e-02, 4.90969789e-03]), 'S1_conf': array([0.07554171, 0.03324876, 0.02714006, 0.00926763, 0.0013616 ,
       0.01304628, 0.00672254]), 'ST': array([6.56529285e-01, 1.97093346e-01, 2.03270202e-01, 2.22297301e-02,
       5.61080971e-04, 3.59389740e-02, 9.74691987e-03]), 'ST_conf': array([0.06967039, 0.02562015, 0.04382731, 0.00310498, 0.00013696,
       0.00559358, 0.00184848]), 'S2': array([[            nan, -5.56297418e-02,  6.67037317e-04,
        -4.04855210e-02, -3.07634277e-02, -3.47952662e-02,
        -3.14486416e-02],
       [            nan,             nan, -1.28965454e-02,
        -7.80212882e-03, -8.03053346e-03, -1.10593776e-02,
        -1.32341871e-02],
       [            nan,             nan,             nan,
         9.03119583e-03,  7.57139225e-03,  7.81965816e-03,
         8.68362355e-03],
       [            nan,             nan,             nan,
                    nan, -3.25221257e-03, -2.67623564e-03,
        -3.04366920e-03],
       [            nan,             nan,             nan,
                    nan,             nan, -1.95536009e-04,
        -7.63683692e-05],
       [            nan,             nan,             nan,
                    nan,             nan,             nan,
        -5.82736852e-03],
       [            nan,             nan,             nan,
                    nan,             nan,             nan,
                    nan]]), 'S2_conf': array([[       nan, 0.13217502, 0.1521252 , 0.12072358, 0.11881083,
        0.12424932, 0.12121398],
       [       nan,        nan, 0.05215145, 0.04796464, 0.04700715,
        0.0474538 , 0.04712412],
       [       nan,        nan,        nan, 0.04391394, 0.04305042,
        0.04496071, 0.04545916],
       [       nan,        nan,        nan,        nan, 0.01389358,
        0.01359832, 0.01385584],
       [       nan,        nan,        nan,        nan,        nan,
        0.00201811, 0.00194903],
       [       nan,        nan,        nan,        nan,        nan,
               nan, 0.01808258],
       [       nan,        nan,        nan,        nan,        nan,
               nan,        nan]])}, {'S1': array([ 0.13980365,  0.02220976,  0.2492944 ,  0.43182434, -0.0013696 ,
       -0.01576563,  0.02576027]), 'S1_conf': array([0.04859381, 0.02847584, 0.03975642, 0.05736754, 0.00306688,
       0.01648562, 0.01685131]), 'ST': array([0.24964981, 0.13938984, 0.30345239, 0.52825901, 0.00231383,
       0.05087985, 0.0582841 ]), 'ST_conf': array([0.02357186, 0.01358367, 0.02796369, 0.04540467, 0.00039494,
       0.00642599, 0.00584984]), 'S2': array([[        nan, -0.01340419, -0.01954192, -0.00312592, -0.02046745,
        -0.01744729, -0.02144169],
       [        nan,         nan,  0.0026623 ,  0.01294057,  0.00412367,
         0.00607215,  0.01104079],
       [        nan,         nan,         nan, -0.0212441 , -0.0092122 ,
        -0.00097985, -0.01549607],
       [        nan,         nan,         nan,         nan, -0.00079023,
        -0.00205675,  0.01017   ],
       [        nan,         nan,         nan,         nan,         nan,
         0.00124928,  0.00193125],
       [        nan,         nan,         nan,         nan,         nan,
                nan,  0.02649089],
       [        nan,         nan,         nan,         nan,         nan,
                nan,         nan]]), 'S2_conf': array([[       nan, 0.06858253, 0.06776744, 0.06525414, 0.06213157,
        0.06068849, 0.06483854],
       [       nan,        nan, 0.04332768, 0.04056301, 0.03976093,
        0.03925177, 0.0388206 ],
       [       nan,        nan,        nan, 0.06389464, 0.05238186,
        0.0525324 , 0.05278485],
       [       nan,        nan,        nan,        nan, 0.07520663,
        0.07477262, 0.07571266],
       [       nan,        nan,        nan,        nan,        nan,
        0.00466509, 0.00461186],
       [       nan,        nan,        nan,        nan,        nan,
               nan, 0.02490712],
       [       nan,        nan,        nan,        nan,        nan,
               nan,        nan]])}, {'S1': array([0.21429978, 0.0412468 , 0.26437266, 0.3030791 , 0.00087007,
       0.01335855, 0.01794731]), 'S1_conf': array([0.04806568, 0.02744657, 0.04092896, 0.04156634, 0.00361605,
       0.01366146, 0.01833256]), 'ST': array([0.37115538, 0.18211707, 0.32687259, 0.39168947, 0.00357543,
       0.04480762, 0.05645236]), 'ST_conf': array([0.03198709, 0.01614324, 0.02562181, 0.03662465, 0.00088362,
       0.00552228, 0.0077012 ]), 'S2': array([[        nan,  0.05071524,  0.02217744,  0.02119338,  0.00951584,
        -0.00091521,  0.01535461],
       [        nan,         nan,  0.00861333,  0.03472377,  0.02527678,
         0.03295246,  0.02468634],
       [        nan,         nan,         nan, -0.00623239, -0.00682283,
        -0.0095782 , -0.01325203],
       [        nan,         nan,         nan,         nan, -0.00529446,
         0.00113474, -0.01297015],
       [        nan,         nan,         nan,         nan,         nan,
        -0.00342115, -0.00328994],
       [        nan,         nan,         nan,         nan,         nan,
                nan, -0.00980098],
       [        nan,         nan,         nan,         nan,         nan,
                nan,         nan]]), 'S2_conf': array([[       nan, 0.06609796, 0.07492205, 0.06550035, 0.05969312,
        0.06017934, 0.06129162],
       [       nan,        nan, 0.04546813, 0.04349028, 0.04419023,
        0.04449962, 0.04321778],
       [       nan,        nan,        nan, 0.0648637 , 0.05106027,
        0.05357078, 0.05279262],
       [       nan,        nan,        nan,        nan, 0.06317591,
        0.06237419, 0.06552375],
       [       nan,        nan,        nan,        nan,        nan,
        0.00538651, 0.00553059],
       [       nan,        nan,        nan,        nan,        nan,
               nan, 0.02148251],
       [       nan,        nan,        nan,        nan,        nan,
               nan,        nan]])}, {'S1': array([0.2627231 , 0.21036944, 0.33136299, 0.09461137, 0.00321508,
       0.00946707, 0.05636675]), 'S1_conf': array([0.04772306, 0.03644463, 0.04908805, 0.03377782, 0.00796783,
       0.01459907, 0.0236774 ]), 'ST': array([0.34222141, 0.28946792, 0.41676767, 0.16953261, 0.01337624,
       0.04629082, 0.10505611]), 'ST_conf': array([0.03209067, 0.02335632, 0.03351922, 0.01768097, 0.00336908,
       0.00843916, 0.01292939]), 'S2': array([[            nan, -4.30353788e-02,  6.56192760e-03,
        -7.56578997e-03, -1.29764052e-02, -1.14734565e-02,
        -1.17740463e-02],
       [            nan,             nan, -1.65474649e-03,
        -1.78865922e-02, -1.84877717e-02, -2.57019253e-02,
        -2.81066432e-02],
       [            nan,             nan,             nan,
         1.39372188e-02,  1.18330907e-02,  1.09313215e-02,
         1.61303967e-03],
       [            nan,             nan,             nan,
                    nan,  1.22684627e-02,  2.00837958e-02,
         1.79796677e-02],
       [            nan,             nan,             nan,
                    nan,             nan, -1.73848221e-03,
         6.50562071e-05],
       [            nan,             nan,             nan,
                    nan,             nan,             nan,
         1.27595512e-02],
       [            nan,             nan,             nan,
                    nan,             nan,             nan,
                    nan]]), 'S2_conf': array([[       nan, 0.06980009, 0.08077528, 0.07645121, 0.07114197,
        0.07187958, 0.07382409],
       [       nan,        nan, 0.06259195, 0.05538896, 0.05181197,
        0.05291589, 0.05430206],
       [       nan,        nan,        nan, 0.07259083, 0.07127787,
        0.07296729, 0.07301631],
       [       nan,        nan,        nan,        nan, 0.04713782,
        0.04774942, 0.04582216],
       [       nan,        nan,        nan,        nan,        nan,
        0.01149852, 0.01061735],
       [       nan,        nan,        nan,        nan,        nan,
               nan, 0.02180448],
       [       nan,        nan,        nan,        nan,        nan,
               nan,        nan]])}, {'S1': array([ 1.77265191e-01,  1.87976303e-01,  3.52311509e-01, -3.97801242e-03,
        3.06038788e-04,  2.22633689e-02,  9.79299531e-03]), 'S1_conf': array([0.04712589, 0.04497952, 0.05514391, 0.01987869, 0.01036678,
       0.01875967, 0.02089665]), 'ST': array([0.34565538, 0.34255688, 0.57769893, 0.09674219, 0.02926365,
       0.07815117, 0.10466059]), 'ST_conf': array([0.03881821, 0.03372944, 0.051082  , 0.01065019, 0.00573862,
       0.01297523, 0.01434308]), 'S2': array([[            nan,  8.72142921e-03,  6.79372912e-02,
         2.38696730e-02,  1.49184380e-02,  2.24925599e-02,
         2.59353426e-02],
       [            nan,             nan,  5.81375333e-03,
         5.81375333e-03, -1.76036855e-03, -3.82603816e-03,
         1.40764317e-02],
       [            nan,             nan,             nan,
         5.47015132e-02,  4.36846086e-02,  3.88647129e-02,
         5.67671828e-02],
       [            nan,             nan,             nan,
                    nan, -6.73322221e-03, -1.91332647e-03,
        -3.29043954e-03],
       [            nan,             nan,             nan,
                    nan,             nan,  2.83070510e-03,
         7.64789580e-05],
       [            nan,             nan,             nan,
                    nan,             nan,             nan,
        -1.53203829e-04],
       [            nan,             nan,             nan,
                    nan,             nan,             nan,
                    nan]]), 'S2_conf': array([[       nan, 0.07678531, 0.08597548, 0.07693126, 0.07551379,
        0.07820174, 0.07815717],
       [       nan,        nan, 0.05886458, 0.05806354, 0.0578119 ,
        0.0564968 , 0.05669618],
       [       nan,        nan,        nan, 0.06731665, 0.06346906,
        0.06465937, 0.06265072],
       [       nan,        nan,        nan,        nan, 0.03020846,
        0.02843611, 0.02954062],
       [       nan,        nan,        nan,        nan,        nan,
        0.01610299, 0.01548274],
       [       nan,        nan,        nan,        nan,        nan,
               nan, 0.02667248],
       [       nan,        nan,        nan,        nan,        nan,
               nan,        nan]])}, {'S1': array([ 0.24134291,  0.17292689,  0.31992968, -0.0102113 ,  0.00549874,
        0.0057605 ,  0.00786224]), 'S1_conf': array([0.04834806, 0.04138457, 0.05846052, 0.01631636, 0.01091854,
       0.01532748, 0.02064682]), 'ST': array([0.35606846, 0.30858349, 0.48737472, 0.04858607, 0.02367367,
       0.05560559, 0.07473721]), 'ST_conf': array([0.0366415 , 0.03033255, 0.04461689, 0.00656867, 0.00471428,
       0.00977123, 0.01158586]), 'S2': array([[        nan,  0.00128851,  0.04120341,  0.00624346, -0.00284062,
        -0.00036314,  0.00183906],
       [        nan,         nan,  0.04337274,  0.0161205 ,  0.01254192,
         0.01694632,  0.01804742],
       [        nan,         nan,         nan,  0.0614472 ,  0.05043619,
         0.04795871,  0.05841917],
       [        nan,         nan,         nan,         nan, -0.00054471,
        -0.00137054,  0.00441024],
       [        nan,         nan,         nan,         nan,         nan,
         0.00300775,  0.00383358],
       [        nan,         nan,         nan,         nan,         nan,
                nan,  0.00597587],
       [        nan,         nan,         nan,         nan,         nan,
                nan,         nan]]), 'S2_conf': array([[       nan, 0.07426924, 0.08444043, 0.07346941, 0.07275646,
        0.07301995, 0.07303845],
       [       nan,        nan, 0.06229819, 0.06115945, 0.06104797,
        0.06064411, 0.05889231],
       [       nan,        nan,        nan, 0.07097619, 0.07187506,
        0.07275549, 0.07097083],
       [       nan,        nan,        nan,        nan, 0.02324928,
        0.02271558, 0.02392726],
       [       nan,        nan,        nan,        nan,        nan,
        0.01358067, 0.01387806],
       [       nan,        nan,        nan,        nan,        nan,
               nan, 0.02198912],
       [       nan,        nan,        nan,        nan,        nan,
               nan,        nan]])}, {'S1': array([0.18531352, 0.18139726, 0.3536684 , 0.00161976, 0.00818754,
       0.01599122, 0.04796478]), 'S1_conf': array([0.0415384 , 0.0412724 , 0.05389128, 0.01730891, 0.01306002,
       0.01955896, 0.02095029]), 'ST': array([0.32384047, 0.30112504, 0.54652932, 0.05979788, 0.03203458,
       0.07824203, 0.09027927]), 'ST_conf': array([0.03141878, 0.03242469, 0.05286488, 0.00870299, 0.00658122,
       0.01162753, 0.01229956]), 'S2': array([[        nan,  0.00648125,  0.0332738 ,  0.00337486, -0.01836982,
         0.00337486, -0.0028379 ],
       [        nan,         nan,  0.02567426,  0.00820085, -0.0003417 ,
         0.00703596, -0.00305979],
       [        nan,         nan,         nan,  0.02405894,  0.01939936,
         0.03027171,  0.02250575],
       [        nan,         nan,         nan,         nan, -0.02600265,
        -0.01746009, -0.02056648],
       [        nan,         nan,         nan,         nan,         nan,
        -0.00059687, -0.00059687],
       [        nan,         nan,         nan,         nan,         nan,
                nan, -0.00775708],
       [        nan,         nan,         nan,         nan,         nan,
                nan,         nan]]), 'S2_conf': array([[       nan, 0.06182585, 0.07829531, 0.05973689, 0.06155751,
        0.06276994, 0.0601579 ],
       [       nan,        nan, 0.0632679 , 0.05893706, 0.05917937,
        0.06027728, 0.05810923],
       [       nan,        nan,        nan, 0.07197981, 0.06998105,
        0.06766681, 0.07177676],
       [       nan,        nan,        nan,        nan, 0.02459071,
        0.02446348, 0.02412325],
       [       nan,        nan,        nan,        nan,        nan,
        0.01934031, 0.01951426],
       [       nan,        nan,        nan,        nan,        nan,
               nan, 0.03054675],
       [       nan,        nan,        nan,        nan,        nan,
               nan,        nan]])}, {'S1': array([ 0.1501523 ,  0.08938116,  0.4305966 , -0.00409317, -0.00160539,
        0.01869769,  0.00627986]), 'S1_conf': array([0.04647435, 0.04414559, 0.05849415, 0.01652125, 0.01492871,
       0.02930007, 0.02739526]), 'ST': array([0.44429037, 0.37552418, 0.59959903, 0.05929329, 0.05110684,
       0.13963746, 0.12396625]), 'ST_conf': array([0.03999312, 0.03421198, 0.05738794, 0.00818808, 0.00908041,
       0.01859673, 0.01640784]), 'S2': array([[            nan,  4.20343434e-02, -3.00064218e-02,
        -7.55215730e-03, -1.29318248e-02, -1.24640277e-02,
        -1.03589404e-02],
       [            nan,             nan, -3.74273766e-02,
        -7.72225587e-03, -3.60245594e-06, -1.59087065e-02,
         3.50487637e-03],
       [            nan,             nan,             nan,
        -4.94623987e-02, -6.81742858e-02, -6.18590239e-02,
        -4.19776439e-02],
       [            nan,             nan,             nan,
                    nan,  1.15035294e-02,  1.05679350e-02,
         1.05679350e-02],
       [            nan,             nan,             nan,
                    nan,             nan,  8.57274873e-03,
         1.46541120e-02],
       [            nan,             nan,             nan,
                    nan,             nan,             nan,
         2.53177471e-02],
       [            nan,             nan,             nan,
                    nan,             nan,             nan,
                    nan]]), 'S2_conf': array([[       nan, 0.07779642, 0.08010924, 0.06086621, 0.05855434,
        0.0635802 , 0.05949978],
       [       nan,        nan, 0.06841742, 0.05897089, 0.06050728,
        0.06381197, 0.0604809 ],
       [       nan,        nan,        nan, 0.07324918, 0.07369777,
        0.07657205, 0.07332038],
       [       nan,        nan,        nan,        nan, 0.02251406,
        0.02201402, 0.02238219],
       [       nan,        nan,        nan,        nan,        nan,
        0.01986643, 0.02247953],
       [       nan,        nan,        nan,        nan,        nan,
               nan, 0.03743147],
       [       nan,        nan,        nan,        nan,        nan,
               nan,        nan]])}, {'S1': array([0.35474511, 0.14159113, 0.27582134, 0.00073663, 0.00388633,
       0.0284117 , 0.01852675]), 'S1_conf': array([0.04956656, 0.04150728, 0.04491419, 0.00953226, 0.01049579,
       0.0246277 , 0.01887847]), 'ST': array([0.51602129, 0.28799336, 0.41156538, 0.01769378, 0.01957126,
       0.08556737, 0.06053436]), 'ST_conf': array([0.04082446, 0.02449187, 0.03676056, 0.00262853, 0.0037188 ,
       0.01142776, 0.00833337]), 'S2': array([[        nan,  0.04240601,  0.01293533, -0.01778699, -0.01699049,
        -0.00060525, -0.00595321],
       [        nan,         nan, -0.01942228, -0.01600869, -0.02124286,
        -0.02101529, -0.01122966],
       [        nan,         nan,         nan,  0.00463601,  0.00941504,
         0.00395329,  0.00463601],
       [        nan,         nan,         nan,         nan, -0.00024942,
         0.00179873,  0.00191252],
       [        nan,         nan,         nan,         nan,         nan,
         0.00327199,  0.00224792],
       [        nan,         nan,         nan,         nan,         nan,
                nan,  0.00361619],
       [        nan,         nan,         nan,         nan,         nan,
                nan,         nan]]), 'S2_conf': array([[       nan, 0.06550242, 0.07471003, 0.06270505, 0.06100943,
        0.06342551, 0.06456249],
       [       nan,        nan, 0.0574988 , 0.0564147 , 0.05711259,
        0.06210663, 0.05788406],
       [       nan,        nan,        nan, 0.06356071, 0.06403732,
        0.06368038, 0.06215142],
       [       nan,        nan,        nan,        nan, 0.01519388,
        0.01560449, 0.01518425],
       [       nan,        nan,        nan,        nan,        nan,
        0.01623223, 0.01566824],
       [       nan,        nan,        nan,        nan,        nan,
               nan, 0.03378854],
       [       nan,        nan,        nan,        nan,        nan,
               nan,        nan]])}, {'S1': array([0.51483768, 0.17273963, 0.20127862, 0.00129348, 0.00398198,
       0.0578899 , 0.00964176]), 'S1_conf': array([0.056067  , 0.03447623, 0.03492672, 0.00541728, 0.00884268,
       0.02021463, 0.01062289]), 'ST': array([0.53443457, 0.19970685, 0.23139152, 0.00593203, 0.01043414,
       0.06966946, 0.02518634]), 'ST_conf': array([0.04193429, 0.01647031, 0.01983617, 0.00059424, 0.00152122,
       0.00622175, 0.00266278]), 'S2': array([[        nan,  0.00508519, -0.00318284, -0.0111394 , -0.01691569,
        -0.00822294, -0.00754337],
       [        nan,         nan,  0.00774122,  0.00372047,  0.0054477 ,
         0.00584411,  0.00454161],
       [        nan,         nan,         nan,  0.01037489,  0.01173402,
         0.01623613,  0.01235695],
       [        nan,         nan,         nan,         nan, -0.00589352,
        -0.00648814, -0.00572363],
       [        nan,         nan,         nan,         nan,         nan,
        -0.00165526, -0.00188179],
       [        nan,         nan,         nan,         nan,         nan,
                nan, -0.01040627],
       [        nan,         nan,         nan,         nan,         nan,
                nan,         nan]]), 'S2_conf': array([[       nan, 0.08152508, 0.0842727 , 0.07805899, 0.07777033,
        0.07911051, 0.0764144 ],
       [       nan,        nan, 0.04959432, 0.04517991, 0.04559257,
        0.04756219, 0.0446307 ],
       [       nan,        nan,        nan, 0.04584845, 0.04633134,
        0.0477007 , 0.04816518],
       [       nan,        nan,        nan,        nan, 0.00756727,
        0.00779774, 0.00752293],
       [       nan,        nan,        nan,        nan,        nan,
        0.01172066, 0.01136596],
       [       nan,        nan,        nan,        nan,        nan,
               nan, 0.02920695],
       [       nan,        nan,        nan,        nan,        nan,
               nan,        nan]])}, {'S1': array([0.56214772, 0.16508765, 0.18256588, 0.00088737, 0.00483548,
       0.04295594, 0.01251945]), 'S1_conf': array([0.05757127, 0.02626617, 0.03274982, 0.00605249, 0.00644051,
       0.01912482, 0.00859241]), 'ST': array([0.58108938, 0.18639928, 0.21368766, 0.0072446 , 0.00594891,
       0.0559288 , 0.01656231]), 'ST_conf': array([0.04026586, 0.01491334, 0.018091  , 0.00072193, 0.00093282,
       0.00560091, 0.00224454]), 'S2': array([[            nan, -1.33403793e-03, -9.05896459e-04,
        -2.21285465e-03, -6.44920188e-03, -1.71711189e-03,
        -3.60994788e-03],
       [            nan,             nan,  3.27074636e-03,
         7.14655340e-03,  8.43097782e-03,  5.56919007e-03,
         9.28726077e-03],
       [            nan,             nan,             nan,
         8.94131924e-03,  1.02032099e-02,  7.70196234e-03,
         6.21473406e-03],
       [            nan,             nan,             nan,
                    nan,  9.07397369e-04,  2.08850751e-04,
        -8.40881527e-05],
       [            nan,             nan,             nan,
                    nan,             nan, -9.24943524e-03,
        -8.37061853e-03],
       [            nan,             nan,             nan,
                    nan,             nan,             nan,
        -8.38295174e-04],
       [            nan,             nan,             nan,
                    nan,             nan,             nan,
                    nan]]), 'S2_conf': array([[       nan, 0.09639138, 0.09955655, 0.09464838, 0.09345381,
        0.09781097, 0.09559288],
       [       nan,        nan, 0.04839224, 0.04348975, 0.04266818,
        0.0447564 , 0.04331516],
       [       nan,        nan,        nan, 0.04918175, 0.04903071,
        0.05290377, 0.04878086],
       [       nan,        nan,        nan,        nan, 0.00825701,
        0.00803882, 0.00827468],
       [       nan,        nan,        nan,        nan,        nan,
        0.00859164, 0.00884145],
       [       nan,        nan,        nan,        nan,        nan,
               nan, 0.02741419],
       [       nan,        nan,        nan,        nan,        nan,
               nan,        nan]])}, {'S1': array([0.60043589, 0.1819313 , 0.17022283, 0.00706473, 0.00257816,
       0.03924144, 0.01111735]), 'S1_conf': array([0.05967367, 0.02950497, 0.0284139 , 0.0068452 , 0.00470346,
       0.01518303, 0.00840174]), 'ST': array([0.61196894, 0.18573393, 0.1861148 , 0.01044791, 0.00409434,
       0.0477557 , 0.01237822]), 'ST_conf': array([0.04312033, 0.01518815, 0.01612583, 0.00127551, 0.00070681,
       0.00466831, 0.00145487]), 'S2': array([[        nan, -0.02612932, -0.01292012, -0.01347411, -0.01454746,
        -0.01480715, -0.0187197 ],
       [        nan,         nan, -0.00496589, -0.0045504 , -0.00209206,
        -0.00079365, -0.00326929],
       [        nan,         nan,         nan,  0.00219489,  0.0051899 ,
         0.00401267,  0.00383955],
       [        nan,         nan,         nan,         nan, -0.00367165,
        -0.00284066, -0.00375821],
       [        nan,         nan,         nan,         nan,         nan,
        -0.001072  , -0.00148749],
       [        nan,         nan,         nan,         nan,         nan,
                nan,  0.00252382],
       [        nan,         nan,         nan,         nan,         nan,
                nan,         nan]]), 'S2_conf': array([[       nan, 0.08972957, 0.09282063, 0.08446381, 0.08457973,
        0.08603034, 0.08276268],
       [       nan,        nan, 0.04618147, 0.0425467 , 0.04223931,
        0.04307931, 0.04200348],
       [       nan,        nan,        nan, 0.03956558, 0.04004708,
        0.0405489 , 0.04062005],
       [       nan,        nan,        nan,        nan, 0.00994803,
        0.01002535, 0.01002148],
       [       nan,        nan,        nan,        nan,        nan,
        0.00621388, 0.0060935 ],
       [       nan,        nan,        nan,        nan,        nan,
               nan, 0.01932673],
       [       nan,        nan,        nan,        nan,        nan,
               nan,        nan]])}, {'S1': array([0.5755579 , 0.18172522, 0.17499257, 0.00901183, 0.00062084,
       0.03214083, 0.00689526]), 'S1_conf': array([0.05349816, 0.03304125, 0.0338065 , 0.00708404, 0.00423873,
       0.01609671, 0.00804927]), 'ST': array([0.59068985, 0.19828521, 0.20546895, 0.01208175, 0.00348303,
       0.04162812, 0.01137921]), 'ST_conf': array([0.04633728, 0.01767854, 0.01729207, 0.0018359 , 0.00058777,
       0.00432466, 0.00175417]), 'S2': array([[        nan, -0.01813323, -0.00123263, -0.01821239, -0.01785617,
        -0.01253268, -0.01486789],
       [        nan,         nan, -0.00483072, -0.00481093, -0.00429639,
        -0.00961989, -0.00241635],
       [        nan,         nan,         nan,  0.00094019,  0.00010901,
         0.00226612, -0.00097943],
       [        nan,         nan,         nan,         nan, -0.00599301,
        -0.00543889, -0.00543889],
       [        nan,         nan,         nan,         nan,         nan,
        -0.0046214 , -0.00371106],
       [        nan,         nan,         nan,         nan,         nan,
                nan, -0.00807491],
       [        nan,         nan,         nan,         nan,         nan,
                nan,         nan]]), 'S2_conf': array([[       nan, 0.07924207, 0.09260096, 0.08644588, 0.08437534,
        0.08762771, 0.08510983],
       [       nan,        nan, 0.04646339, 0.04311488, 0.04298611,
        0.04448619, 0.04337941],
       [       nan,        nan,        nan, 0.04686344, 0.04654045,
        0.04811118, 0.04744214],
       [       nan,        nan,        nan,        nan, 0.01121692,
        0.01156249, 0.01118992],
       [       nan,        nan,        nan,        nan,        nan,
        0.00624396, 0.00618734],
       [       nan,        nan,        nan,        nan,        nan,
               nan, 0.02232283],
       [       nan,        nan,        nan,        nan,        nan,
               nan,        nan]])}, {'S1': array([6.20558629e-01, 1.80738749e-01, 1.65168254e-01, 9.46357012e-03,
       4.21199137e-04, 7.93378211e-03, 3.78475129e-04]), 'S1_conf': array([0.05943086, 0.02975967, 0.03469348, 0.00698254, 0.00304576,
       0.01066875, 0.00688148]), 'ST': array([0.63645167, 0.18896023, 0.18813939, 0.01108141, 0.00204338,
       0.01667887, 0.00833943]), 'ST_conf': array([0.05705848, 0.01764048, 0.01687776, 0.0013578 , 0.00037256,
       0.00186418, 0.00111481]), 'S2': array([[        nan, -0.03711846, -0.02656973, -0.03079621, -0.02625537,
        -0.02084128, -0.02510269],
       [        nan,         nan,  0.00065331,  0.00206796,  0.00552598,
         0.00648655,  0.00521162],
       [        nan,         nan,         nan, -0.0057503 , -0.00561058,
        -0.00686805, -0.00601227],
       [        nan,         nan,         nan,         nan, -0.00141797,
        -0.00131318, -0.001156  ],
       [        nan,         nan,         nan,         nan,         nan,
         0.00295828,  0.00241687],
       [        nan,         nan,         nan,         nan,         nan,
                nan, -0.00098612],
       [        nan,         nan,         nan,         nan,         nan,
                nan,         nan]]), 'S2_conf': array([[       nan, 0.08774651, 0.09220044, 0.08690139, 0.08656047,
        0.08781461, 0.08758622],
       [       nan,        nan, 0.04889752, 0.0479636 , 0.04752782,
        0.04815573, 0.04796135],
       [       nan,        nan,        nan, 0.0441654 , 0.04464535,
        0.04488459, 0.04458775],
       [       nan,        nan,        nan,        nan, 0.01004814,
        0.01011368, 0.00999363],
       [       nan,        nan,        nan,        nan,        nan,
        0.00460169, 0.00469253],
       [       nan,        nan,        nan,        nan,        nan,
               nan, 0.0135511 ],
       [       nan,        nan,        nan,        nan,        nan,
               nan,        nan]])}, {'S1': array([0.64912118, 0.18691016, 0.16294535, 0.00830264, 0.00067332,
       0.00593712, 0.00259215]), 'S1_conf': array([0.05142292, 0.03577515, 0.02984629, 0.0061234 , 0.00393595,
       0.00588201, 0.00560336]), 'ST': array([0.65987958, 0.19243648, 0.18456123, 0.01059326, 0.00222242,
       0.00843279, 0.00543602]), 'ST_conf': array([0.04833488, 0.01539628, 0.01681271, 0.00115269, 0.00050365,
       0.00127321, 0.00057743]), 'S2': array([[        nan, -0.03690326, -0.0156393 , -0.02377009, -0.02017706,
        -0.02443604, -0.02372363],
       [        nan,         nan, -0.00117433,  0.00325501,  0.00201604,
         0.0032705 ,  0.00184568],
       [        nan,         nan,         nan,  0.00695422,  0.00930828,
         0.00783699,  0.00967997],
       [        nan,         nan,         nan,         nan, -0.00179856,
        -0.00207733, -0.00133395],
       [        nan,         nan,         nan,         nan,         nan,
         0.00302011,  0.00267939],
       [        nan,         nan,         nan,         nan,         nan,
                nan, -0.00054757],
       [        nan,         nan,         nan,         nan,         nan,
                nan,         nan]]), 'S2_conf': array([[       nan, 0.08398591, 0.09271721, 0.08043803, 0.08151597,
        0.08275783, 0.08043554],
       [       nan,        nan, 0.05394651, 0.05045618, 0.05031547,
        0.0518941 , 0.04997127],
       [       nan,        nan,        nan, 0.04438432, 0.04380154,
        0.0438696 , 0.0438577 ],
       [       nan,        nan,        nan,        nan, 0.01048085,
        0.01045483, 0.0104287 ],
       [       nan,        nan,        nan,        nan,        nan,
        0.00518517, 0.00508512],
       [       nan,        nan,        nan,        nan,        nan,
               nan, 0.00910823],
       [       nan,        nan,        nan,        nan,        nan,
               nan,        nan]])}, {'S1': array([0.62683686, 0.17470739, 0.16937065, 0.00748426, 0.00071067,
       0.00952822, 0.00248619]), 'S1_conf': array([0.05808594, 0.03028432, 0.02885698, 0.00792385, 0.0031309 ,
       0.00743686, 0.00622215]), 'ST': array([0.63810793, 0.18615501, 0.19150704, 0.01013362, 0.00158548,
       0.00747439, 0.00734856]), 'ST_conf': array([0.05681061, 0.0161759 , 0.01928022, 0.00105642, 0.00038591,
       0.00101149, 0.00104373]), 'S2': array([[        nan, -0.02286436, -0.00868735, -0.01774722, -0.01368706,
        -0.01684123, -0.01625402],
       [        nan,         nan,  0.00456682,  0.00646268,  0.00550636,
         0.00230185,  0.00755322],
       [        nan,         nan,         nan,  0.01841259,  0.01383232,
         0.01421821,  0.01586241],
       [        nan,         nan,         nan,         nan, -0.00189274,
        -0.00194308, -0.00212763],
       [        nan,         nan,         nan,         nan,         nan,
        -0.00063139, -0.00078238],
       [        nan,         nan,         nan,         nan,         nan,
                nan, -0.0043211 ],
       [        nan,         nan,         nan,         nan,         nan,
                nan,         nan]]), 'S2_conf': array([[       nan, 0.1002247 , 0.10210231, 0.09777054, 0.09716489,
        0.09847204, 0.0977349 ],
       [       nan,        nan, 0.04450915, 0.03920048, 0.03891446,
        0.03924228, 0.03952311],
       [       nan,        nan,        nan, 0.04624148, 0.04584904,
        0.04649667, 0.04614534],
       [       nan,        nan,        nan,        nan, 0.01083001,
        0.01075627, 0.01078262],
       [       nan,        nan,        nan,        nan,        nan,
        0.00404033, 0.00403268],
       [       nan,        nan,        nan,        nan,        nan,
               nan, 0.0090143 ],
       [       nan,        nan,        nan,        nan,        nan,
               nan,        nan]])}, {'S1': array([0.63573399, 0.16935323, 0.1689955 , 0.00942421, 0.0007862 ,
       0.00220687, 0.00227692]), 'S1_conf': array([0.06482399, 0.03055636, 0.03296589, 0.0079484 , 0.0022828 ,
       0.00572726, 0.00644343]), 'ST': array([0.65152953, 0.18730385, 0.18559272, 0.01009882, 0.00154321,
       0.00617283, 0.00650066]), 'ST_conf': array([0.04567932, 0.01782645, 0.02124158, 0.00133944, 0.00033039,
       0.0009087 , 0.00087074]), 'S2': array([[        nan, -0.02925281, -0.00806369, -0.02117696, -0.01722699,
        -0.01358086, -0.01626748],
       [        nan,         nan,  0.00521055,  0.00453889,  0.00605811,
         0.00514658,  0.00522654],
       [        nan,         nan,         nan,  0.00671117,  0.00515996,
         0.00647129,  0.00706299],
       [        nan,         nan,         nan,         nan, -0.00554063,
        -0.00557262, -0.00472505],
       [        nan,         nan,         nan,         nan,         nan,
        -0.00071059, -0.00099844],
       [        nan,         nan,         nan,         nan,         nan,
                nan, -0.00142744],
       [        nan,         nan,         nan,         nan,         nan,
                nan,         nan]]), 'S2_conf': array([[       nan, 0.10022234, 0.10420859, 0.09566703, 0.09451251,
        0.09539939, 0.09422097],
       [       nan,        nan, 0.05093866, 0.04558834, 0.0459415 ,
        0.045685  , 0.04584009],
       [       nan,        nan,        nan, 0.04802905, 0.04749509,
        0.04733786, 0.0475955 ],
       [       nan,        nan,        nan,        nan, 0.01009931,
        0.01009974, 0.01016822],
       [       nan,        nan,        nan,        nan,        nan,
        0.00329052, 0.00331137],
       [       nan,        nan,        nan,        nan,        nan,
               nan, 0.00806547],
       [       nan,        nan,        nan,        nan,        nan,
               nan,        nan]])}, {'S1': array([ 0.63484265,  0.18179405,  0.15123877,  0.00926054, -0.00117253,
        0.00221483,  0.00377761]), 'S1_conf': array([0.05785568, 0.03078113, 0.02790492, 0.00833375, 0.0024683 ,
       0.00541674, 0.00479803]), 'ST': array([0.64520925, 0.19490253, 0.17832394, 0.01127982, 0.00132026,
       0.00642409, 0.00427977]), 'ST_conf': array([0.04511217, 0.01570545, 0.01682284, 0.00115802, 0.00029959,
       0.00092576, 0.00058462]), 'S2': array([[        nan, -0.02156489,  0.00253654, -0.01362559, -0.01064836,
        -0.01277495, -0.01254457],
       [        nan,         nan,  0.01199492,  0.00891136,  0.00880503,
         0.00898224,  0.00834426],
       [        nan,         nan,         nan,  0.01742384,  0.01731751,
         0.01499597,  0.01823903],
       [        nan,         nan,         nan,         nan, -0.00138313,
        -0.00210972, -0.00086921],
       [        nan,         nan,         nan,         nan,         nan,
         0.00328113,  0.00345834],
       [        nan,         nan,         nan,         nan,         nan,
                nan,  0.00279139],
       [        nan,         nan,         nan,         nan,         nan,
                nan,         nan]]), 'S2_conf': array([[       nan, 0.09467139, 0.0972269 , 0.08361721, 0.08522995,
        0.08445941, 0.08488196],
       [       nan,        nan, 0.04609642, 0.04590313, 0.04509834,
        0.04604873, 0.04558624],
       [       nan,        nan,        nan, 0.03770967, 0.03773721,
        0.03799868, 0.03793908],
       [       nan,        nan,        nan,        nan, 0.01147525,
        0.01138755, 0.0115254 ],
       [       nan,        nan,        nan,        nan,        nan,
        0.00384735, 0.00387674],
       [       nan,        nan,        nan,        nan,        nan,
               nan, 0.00869351],
       [       nan,        nan,        nan,        nan,        nan,
               nan,        nan]])}]
------------
{'S1': array([nan, nan, nan, nan, nan, nan, nan]), 'S1_conf': array([nan, nan, nan, nan, nan, nan, nan]), 'ST': array([nan, nan, nan, nan, nan, nan, nan]), 'ST_conf': array([nan, nan, nan, nan, nan, nan, nan]), 'S2': array([[nan, nan, nan, nan, nan, nan, nan],
       [nan, nan, nan, nan, nan, nan, nan],
       [nan, nan, nan, nan, nan, nan, nan],
       [nan, nan, nan, nan, nan, nan, nan],
       [nan, nan, nan, nan, nan, nan, nan],
       [nan, nan, nan, nan, nan, nan, nan],
       [nan, nan, nan, nan, nan, nan, nan]]), 'S2_conf': array([[nan, nan, nan, nan, nan, nan, nan],
       [nan, nan, nan, nan, nan, nan, nan],
       [nan, nan, nan, nan, nan, nan, nan],
       [nan, nan, nan, nan, nan, nan, nan],
       [nan, nan, nan, nan, nan, nan, nan],
       [nan, nan, nan, nan, nan, nan, nan],
       [nan, nan, nan, nan, nan, nan, nan]])}
------------
{'S1': array([5.72362528e-01, 1.80984107e-01, 2.29510649e-01, 1.70597366e-03,
       4.68145710e-04, 1.40745255e-02, 4.82766929e-03]), 'S1_conf': array([0.05269028, 0.03524489, 0.03625778, 0.0026547 , 0.00200354,
       0.00786335, 0.00516523]), 'ST': array([0.57555315, 0.18131748, 0.24174319, 0.00135823, 0.0008006 ,
       0.01385166, 0.00463933]), 'ST_conf': array([5.06039090e-02, 1.73269129e-02, 2.40829760e-02, 1.49768799e-04,
       9.10857105e-05, 1.33446871e-03, 4.33739272e-04]), 'S2': array([[            nan, -2.97805360e-02, -1.14026192e-02,
        -2.14561768e-02, -2.11055358e-02, -2.03083641e-02,
        -1.99632700e-02],
       [            nan,             nan, -7.31334589e-04,
         2.06151734e-03,  2.03992055e-03,  1.02805392e-03,
         1.61589591e-03],
       [            nan,             nan,             nan,
         4.85166626e-03,  5.56622460e-03,  4.81211002e-03,
         5.71053665e-03],
       [            nan,             nan,             nan,
                    nan, -3.09431710e-03, -2.94550382e-03,
        -2.97019236e-03],
       [            nan,             nan,             nan,
                    nan,             nan,  1.61689180e-04,
         8.99423573e-05],
       [            nan,             nan,             nan,
                    nan,             nan,             nan,
        -1.89903563e-03],
       [            nan,             nan,             nan,
                    nan,             nan,             nan,
                    nan]]), 'S2_conf': array([[       nan, 0.09098443, 0.09636163, 0.08892288, 0.0883564 ,
        0.09118135, 0.08833187],
       [       nan,        nan, 0.05419014, 0.04965391, 0.04954349,
        0.04962088, 0.04953264],
       [       nan,        nan,        nan, 0.04777822, 0.04748309,
        0.04818118, 0.04764548],
       [       nan,        nan,        nan,        nan, 0.00401461,
        0.00402707, 0.00411223],
       [       nan,        nan,        nan,        nan,        nan,
        0.00287107, 0.00287082],
       [       nan,        nan,        nan,        nan,        nan,
               nan, 0.01298084],
       [       nan,        nan,        nan,        nan,        nan,
               nan,        nan]])}
------------
{'S1': array([5.72362528e-01, 1.80984107e-01, 2.29510649e-01, 1.70597366e-03,
       4.68145710e-04, 1.40745255e-02, 4.82766929e-03]), 'S1_conf': array([0.05614181, 0.03219127, 0.03642215, 0.00278736, 0.00211724,
       0.00861816, 0.00538828]), 'ST': array([0.57555315, 0.18131748, 0.24174319, 0.00135823, 0.0008006 ,
       0.01385166, 0.00463933]), 'ST_conf': array([4.50183141e-02, 1.64620812e-02, 2.57247162e-02, 1.55813405e-04,
       9.20991947e-05, 1.32082092e-03, 5.42064370e-04]), 'S2': array([[            nan, -2.97805360e-02, -1.14026192e-02,
        -2.14561768e-02, -2.11055358e-02, -2.03083641e-02,
        -1.99632700e-02],
       [            nan,             nan, -7.31334589e-04,
         2.06151734e-03,  2.03992055e-03,  1.02805392e-03,
         1.61589591e-03],
       [            nan,             nan,             nan,
         4.85166626e-03,  5.56622460e-03,  4.81211002e-03,
         5.71053665e-03],
       [            nan,             nan,             nan,
                    nan, -3.09431710e-03, -2.94550382e-03,
        -2.97019236e-03],
       [            nan,             nan,             nan,
                    nan,             nan,  1.61689180e-04,
         8.99423573e-05],
       [            nan,             nan,             nan,
                    nan,             nan,             nan,
        -1.89903563e-03],
       [            nan,             nan,             nan,
                    nan,             nan,             nan,
                    nan]]), 'S2_conf': array([[       nan, 0.08604734, 0.09204231, 0.08754374, 0.08772266,
        0.08914989, 0.08790647],
       [       nan,        nan, 0.04847168, 0.04234663, 0.04209613,
        0.04281684, 0.04186709],
       [       nan,        nan,        nan, 0.05663944, 0.05601079,
        0.05648655, 0.05634471],
       [       nan,        nan,        nan,        nan, 0.0038233 ,
        0.00386366, 0.00388512],
       [       nan,        nan,        nan,        nan,        nan,
        0.00324441, 0.00317177],
       [       nan,        nan,        nan,        nan,        nan,
               nan, 0.01249547],
       [       nan,        nan,        nan,        nan,        nan,
               nan,        nan]])}
------------
