2.330000000000000071e+01 2.291428571428571459e+01 2.241428571428571459e+01 2.168571428571428683e+01 2.132857142857142918e+01 2.228571428571428470e+01 2.317142857142857082e+01 2.550000000000000000e+01 2.738571428571429323e+01 2.947142857142857153e+01 3.085714285714285765e+01 3.162857142857142989e+01 3.257142857142856940e+01 3.325714285714285268e+01 3.327142857142857224e+01 3.294285714285714306e+01 3.218571428571429038e+01 3.091428571428571459e+01 2.965714285714285481e+01 2.848571428571428754e+01 2.747142857142857153e+01 2.662857142857142634e+01 2.588571428571428967e+01 2.404285714285714093e+01
2.330000000000000071e+01 2.291428571428571459e+01 2.241428571428571459e+01 2.168571428571428683e+01 2.132857142857142918e+01 2.228571428571428470e+01 2.317142857142857082e+01 2.550000000000000000e+01 2.738571428571429323e+01 2.947142857142857153e+01 3.085714285714285765e+01 3.162857142857142989e+01 3.257142857142856940e+01 3.325714285714285268e+01 3.327142857142857224e+01 3.294285714285714306e+01 3.218571428571429038e+01 3.091428571428571459e+01 2.965714285714285481e+01 2.848571428571428754e+01 2.747142857142857153e+01 2.662857142857142634e+01 2.588571428571428967e+01 2.404285714285714093e+01
2.330000000000000071e+01 2.291428571428571459e+01 2.241428571428571459e+01 2.168571428571428683e+01 2.132857142857142918e+01 2.228571428571428470e+01 2.317142857142857082e+01 2.550000000000000000e+01 2.738571428571429323e+01 2.948571428571429109e+01 3.085714285714285765e+01 3.162857142857142989e+01 3.257142857142856940e+01 3.325714285714285268e+01 3.327142857142857224e+01 3.294285714285714306e+01 3.218571428571429038e+01 3.092857142857142705e+01 2.965714285714285481e+01 2.850000000000000000e+01 2.747142857142857153e+01 2.662857142857142634e+01 2.588571428571428967e+01 2.404285714285714093e+01
2.330000000000000071e+01 2.291428571428571459e+01 2.241428571428571459e+01 2.168571428571428683e+01 2.132857142857142918e+01 2.228571428571428470e+01 2.317142857142857082e+01 2.550000000000000000e+01 2.738571428571429323e+01 2.947142857142857153e+01 3.085714285714285765e+01 3.162857142857142989e+01 3.257142857142856940e+01 3.325714285714285268e+01 3.327142857142857224e+01 3.294285714285714306e+01 3.218571428571429038e+01 3.091428571428571459e+01 2.965714285714285481e+01 2.848571428571428754e+01 2.747142857142857153e+01 2.662857142857142634e+01 2.588571428571428967e+01 2.404285714285714093e+01
2.330000000000000071e+01 2.291428571428571459e+01 2.241428571428571459e+01 2.168571428571428683e+01 2.132857142857142918e+01 2.228571428571428470e+01 2.317142857142857082e+01 2.550000000000000000e+01 2.738571428571429323e+01 2.947142857142857153e+01 3.085714285714285765e+01 3.162857142857142989e+01 3.257142857142856940e+01 3.325714285714285268e+01 3.327142857142857224e+01 3.294285714285714306e+01 3.218571428571429038e+01 3.091428571428571459e+01 2.965714285714285481e+01 2.848571428571428754e+01 2.747142857142857153e+01 2.662857142857142634e+01 2.588571428571428967e+01 2.404285714285714093e+01
2.330000000000000071e+01 2.291428571428571459e+01 2.241428571428571459e+01 2.168571428571428683e+01 2.132857142857142918e+01 2.228571428571428470e+01 2.317142857142857082e+01 2.550000000000000000e+01 2.738571428571429323e+01 2.947142857142857153e+01 3.085714285714285765e+01 3.162857142857142989e+01 3.257142857142856940e+01 3.325714285714285268e+01 3.327142857142857224e+01 3.294285714285714306e+01 3.218571428571429038e+01 3.092857142857142705e+01 2.965714285714285481e+01 2.848571428571428754e+01 2.747142857142857153e+01 2.662857142857142634e+01 2.588571428571428967e+01 2.404285714285714093e+01
2.330000000000000071e+01 2.291428571428571459e+01 2.241428571428571459e+01 2.168571428571428683e+01 2.132857142857142918e+01 2.228571428571428470e+01 2.317142857142857082e+01 2.550000000000000000e+01 2.738571428571429323e+01 2.950000000000000000e+01 3.085714285714285765e+01 3.164285714285714590e+01 3.257142857142856940e+01 3.325714285714285268e+01 3.328571428571428470e+01 3.294285714285714306e+01 3.218571428571429038e+01 3.092857142857142705e+01 2.965714285714285481e+01 2.850000000000000000e+01 2.747142857142857153e+01 2.662857142857142634e+01 2.588571428571428967e+01 2.404285714285714093e+01
2.327142857142857224e+01 2.290000000000000213e+01 2.241428571428571459e+01 2.167142857142857437e+01 2.131428571428571672e+01 2.228571428571428470e+01 2.317142857142857082e+01 2.550000000000000000e+01 2.738571428571429323e+01 2.945714285714285907e+01 3.084285714285714519e+01 3.162857142857142989e+01 3.257142857142856940e+01 3.325714285714285268e+01 3.325714285714285268e+01 3.294285714285714306e+01 3.218571428571429038e+01 3.091428571428571459e+01 2.965714285714285481e+01 2.847142857142857153e+01 2.747142857142857153e+01 2.662857142857142634e+01 2.585714285714286120e+01 2.402857142857142847e+01
2.328571428571428470e+01 2.291428571428571459e+01 2.241428571428571459e+01 2.168571428571428683e+01 2.131428571428571672e+01 2.228571428571428470e+01 2.317142857142857082e+01 2.550000000000000000e+01 2.738571428571429323e+01 2.947142857142857153e+01 3.085714285714285765e+01 3.162857142857142989e+01 3.257142857142856940e+01 3.325714285714285268e+01 3.327142857142857224e+01 3.294285714285714306e+01 3.218571428571429038e+01 3.091428571428571459e+01 2.965714285714285481e+01 2.848571428571428754e+01 2.747142857142857153e+01 2.662857142857142634e+01 2.588571428571428967e+01 2.402857142857142847e+01
2.330000000000000071e+01 2.291428571428571459e+01 2.241428571428571459e+01 2.168571428571428683e+01 2.132857142857142918e+01 2.228571428571428470e+01 2.317142857142857082e+01 2.550000000000000000e+01 2.738571428571429323e+01 2.947142857142857153e+01 3.085714285714285765e+01 3.162857142857142989e+01 3.257142857142856940e+01 3.325714285714285268e+01 3.327142857142857224e+01 3.294285714285714306e+01 3.218571428571429038e+01 3.092857142857142705e+01 2.965714285714285481e+01 2.850000000000000000e+01 2.747142857142857153e+01 2.662857142857142634e+01 2.588571428571428967e+01 2.404285714285714093e+01
2.330000000000000071e+01 2.291428571428571459e+01 2.241428571428571459e+01 2.168571428571428683e+01 2.132857142857142918e+01 2.228571428571428470e+01 2.317142857142857082e+01 2.550000000000000000e+01 2.738571428571429323e+01 2.947142857142857153e+01 3.085714285714285765e+01 3.162857142857142989e+01 3.257142857142856940e+01 3.325714285714285268e+01 3.327142857142857224e+01 3.294285714285714306e+01 3.218571428571429038e+01 3.091428571428571459e+01 2.965714285714285481e+01 2.848571428571428754e+01 2.747142857142857153e+01 2.662857142857142634e+01 2.588571428571428967e+01 2.404285714285714093e+01
2.327142857142857224e+01 2.291428571428571459e+01 2.241428571428571459e+01 2.168571428571428683e+01 2.131428571428571672e+01 2.228571428571428470e+01 2.317142857142857082e+01 2.550000000000000000e+01 2.738571428571429323e+01 2.947142857142857864e+01 3.085714285714285765e+01 3.162857142857142989e+01 3.257142857142856940e+01 3.325714285714285268e+01 3.327142857142857224e+01 3.294285714285714306e+01 3.218571428571429038e+01 3.092857142857142705e+01 2.965714285714285481e+01 2.848571428571428754e+01 2.747142857142857153e+01 2.662857142857142634e+01 2.588571428571428967e+01 2.402857142857142847e+01
2.327142857142857224e+01 2.290000000000000213e+01 2.241428571428571459e+01 2.168571428571428683e+01 2.131428571428571672e+01 2.228571428571428470e+01 2.317142857142857082e+01 2.550000000000000000e+01 2.738571428571429323e+01 2.945714285714285907e+01 3.085714285714285765e+01 3.162857142857142989e+01 3.257142857142856940e+01 3.325714285714285268e+01 3.327142857142857224e+01 3.294285714285714306e+01 3.218571428571429038e+01 3.092857142857142705e+01 2.965714285714285481e+01 2.847142857142857153e+01 2.747142857142857153e+01 2.662857142857142634e+01 2.587142857142857366e+01 2.402857142857142847e+01
2.327142857142857224e+01 2.291428571428571459e+01 2.241428571428571459e+01 2.168571428571428683e+01 2.131428571428571672e+01 2.228571428571428470e+01 2.317142857142857082e+01 2.550000000000000000e+01 2.738571428571429323e+01 2.947142857142857864e+01 3.085714285714285765e+01 3.162857142857142989e+01 3.257142857142856940e+01 3.325714285714285268e+01 3.327142857142857224e+01 3.294285714285714306e+01 3.218571428571429038e+01 3.092857142857142705e+01 2.965714285714285481e+01 2.848571428571428754e+01 2.747142857142857153e+01 2.662857142857142634e+01 2.588571428571428967e+01 2.402857142857142847e+01
2.327142857142857224e+01 2.291428571428571459e+01 2.241428571428571459e+01 2.168571428571428683e+01 2.131428571428571672e+01 2.228571428571428470e+01 2.317142857142857082e+01 2.550000000000000000e+01 2.738571428571429323e+01 2.947142857142857864e+01 3.085714285714285765e+01 3.162857142857142989e+01 3.257142857142856940e+01 3.325714285714285268e+01 3.327142857142857224e+01 3.294285714285714306e+01 3.218571428571429038e+01 3.092857142857142705e+01 2.965714285714285481e+01 2.848571428571428754e+01 2.747142857142857153e+01 2.662857142857142634e+01 2.588571428571428967e+01 2.402857142857142847e+01
2.327142857142857224e+01 2.291428571428571459e+01 2.241428571428571459e+01 2.168571428571428683e+01 2.131428571428571672e+01 2.228571428571428470e+01 2.317142857142857082e+01 2.550000000000000000e+01 2.738571428571429323e+01 2.947142857142857864e+01 3.085714285714285765e+01 3.162857142857142989e+01 3.257142857142856940e+01 3.325714285714285268e+01 3.327142857142857224e+01 3.294285714285714306e+01 3.218571428571429038e+01 3.092857142857142705e+01 2.965714285714285481e+01 2.848571428571428754e+01 2.747142857142857153e+01 2.662857142857142634e+01 2.588571428571428967e+01 2.402857142857142847e+01
2.327142857142857224e+01 2.291428571428571459e+01 2.241428571428571459e+01 2.168571428571428683e+01 2.131428571428571672e+01 2.228571428571428470e+01 2.317142857142857082e+01 2.550000000000000000e+01 2.738571428571429323e+01 2.945714285714285907e+01 3.084285714285714519e+01 3.162857142857142989e+01 3.257142857142856940e+01 3.325714285714285268e+01 3.325714285714285268e+01 3.294285714285714306e+01 3.218571428571429038e+01 3.091428571428571459e+01 2.965714285714285481e+01 2.847142857142857153e+01 2.747142857142857153e+01 2.662857142857142634e+01 2.587142857142857366e+01 2.402857142857142847e+01
2.330000000000000071e+01 2.291428571428571459e+01 2.241428571428571459e+01 2.168571428571428683e+01 2.132857142857142918e+01 2.228571428571428470e+01 2.317142857142857082e+01 2.550000000000000000e+01 2.738571428571429323e+01 2.950000000000000000e+01 3.085714285714285765e+01 3.164285714285714590e+01 3.258571428571428896e+01 3.325714285714285268e+01 3.328571428571428470e+01 3.294285714285714306e+01 3.218571428571429038e+01 3.092857142857142705e+01 2.965714285714285481e+01 2.850000000000000000e+01 2.747142857142857153e+01 2.662857142857142634e+01 2.588571428571428967e+01 2.404285714285714093e+01
2.327142857142857224e+01 2.291428571428571459e+01 2.241428571428571459e+01 2.168571428571428683e+01 2.131428571428571672e+01 2.228571428571428470e+01 2.317142857142857082e+01 2.550000000000000000e+01 2.738571428571429323e+01 2.948571428571429109e+01 3.085714285714285765e+01 3.162857142857142989e+01 3.257142857142856940e+01 3.325714285714285268e+01 3.327142857142857224e+01 3.294285714285714306e+01 3.218571428571429038e+01 3.092857142857142705e+01 2.965714285714285481e+01 2.850000000000000000e+01 2.747142857142857153e+01 2.662857142857142634e+01 2.588571428571428967e+01 2.402857142857142847e+01
2.327142857142857224e+01 2.291428571428571459e+01 2.241428571428571459e+01 2.168571428571428683e+01 2.131428571428571672e+01 2.228571428571428470e+01 2.317142857142857082e+01 2.550000000000000000e+01 2.738571428571429323e+01 2.947142857142857864e+01 3.085714285714285765e+01 3.162857142857142989e+01 3.257142857142856940e+01 3.325714285714285268e+01 3.327142857142857224e+01 3.294285714285714306e+01 3.218571428571429038e+01 3.092857142857142705e+01 2.965714285714285481e+01 2.847142857142857153e+01 2.747142857142857153e+01 2.662857142857142634e+01 2.588571428571428967e+01 2.402857142857142847e+01
2.327142857142857224e+01 2.291428571428571459e+01 2.241428571428571459e+01 2.168571428571428683e+01 2.131428571428571672e+01 2.228571428571428470e+01 2.317142857142857082e+01 2.550000000000000000e+01 2.738571428571429323e+01 2.947142857142857864e+01 3.085714285714285765e+01 3.162857142857142989e+01 3.257142857142856940e+01 3.325714285714285268e+01 3.327142857142857224e+01 3.294285714285714306e+01 3.218571428571429038e+01 3.092857142857142705e+01 2.965714285714285481e+01 2.847142857142857153e+01 2.747142857142857153e+01 2.662857142857142634e+01 2.588571428571428967e+01 2.402857142857142847e+01
2.327142857142857224e+01 2.291428571428571459e+01 2.241428571428571459e+01 2.168571428571428683e+01 2.131428571428571672e+01 2.228571428571428470e+01 2.317142857142857082e+01 2.550000000000000000e+01 2.738571428571429323e+01 2.947142857142857864e+01 3.085714285714285765e+01 3.162857142857142989e+01 3.257142857142856940e+01 3.325714285714285268e+01 3.327142857142857224e+01 3.294285714285714306e+01 3.218571428571429038e+01 3.092857142857142705e+01 2.965714285714285481e+01 2.848571428571428754e+01 2.747142857142857153e+01 2.662857142857142634e+01 2.588571428571428967e+01 2.402857142857142847e+01
2.330000000000000071e+01 2.290000000000000213e+01 2.244285714285714306e+01 2.169999999999999929e+01 2.134285714285714519e+01 2.230000000000000071e+01 2.318571428571428328e+01 2.551428571428571246e+01 2.738571428571429323e+01 2.950000000000000000e+01 3.088571428571428257e+01 3.164285714285714590e+01 3.261428571428571388e+01 3.329999999999999716e+01 3.330000000000000426e+01 3.294285714285714306e+01 3.220000000000000284e+01 3.094285714285714306e+01 2.965714285714285481e+01 2.850000000000000000e+01 2.747142857142857153e+01 2.662857142857142634e+01 2.588571428571428967e+01 2.404285714285714093e+01
2.330000000000000071e+01 2.290000000000000213e+01 2.244285714285714306e+01 2.169999999999999929e+01 2.134285714285714519e+01 2.230000000000000071e+01 2.318571428571428328e+01 2.551428571428571246e+01 2.738571428571429323e+01 2.950000000000000000e+01 3.088571428571428257e+01 3.164285714285714590e+01 3.261428571428571388e+01 3.329999999999999716e+01 3.330000000000000426e+01 3.294285714285714306e+01 3.220000000000000284e+01 3.094285714285714306e+01 2.965714285714285481e+01 2.850000000000000000e+01 2.747142857142857153e+01 2.662857142857142634e+01 2.588571428571428967e+01 2.404285714285714093e+01
2.331428571428571672e+01 2.290000000000000213e+01 2.244285714285714306e+01 2.169999999999999929e+01 2.134285714285714519e+01 2.230000000000000071e+01 2.318571428571428328e+01 2.551428571428571246e+01 2.738571428571429323e+01 2.950000000000000000e+01 3.089999999999999858e+01 3.164285714285714590e+01 3.261428571428571388e+01 3.329999999999999716e+01 3.331428571428570962e+01 3.294285714285714306e+01 3.220000000000000284e+01 3.094285714285714306e+01 2.965714285714285481e+01 2.850000000000000000e+01 2.747142857142857153e+01 2.662857142857142634e+01 2.588571428571428967e+01 2.404285714285714093e+01
2.330000000000000071e+01 2.290000000000000213e+01 2.244285714285714306e+01 2.169999999999999929e+01 2.134285714285714519e+01 2.230000000000000071e+01 2.318571428571428328e+01 2.551428571428571246e+01 2.738571428571429323e+01 2.950000000000000000e+01 3.088571428571428257e+01 3.164285714285714590e+01 3.261428571428571388e+01 3.329999999999999716e+01 3.330000000000000426e+01 3.294285714285714306e+01 3.220000000000000284e+01 3.094285714285714306e+01 2.965714285714285481e+01 2.850000000000000000e+01 2.747142857142857153e+01 2.662857142857142634e+01 2.585714285714286120e+01 2.404285714285714093e+01
2.330000000000000071e+01 2.290000000000000213e+01 2.244285714285714306e+01 2.169999999999999929e+01 2.134285714285714519e+01 2.230000000000000071e+01 2.318571428571428328e+01 2.551428571428571246e+01 2.738571428571429323e+01 2.950000000000000000e+01 3.088571428571428257e+01 3.164285714285714590e+01 3.261428571428571388e+01 3.329999999999999716e+01 3.330000000000000426e+01 3.294285714285714306e+01 3.220000000000000284e+01 3.094285714285714306e+01 2.965714285714285481e+01 2.850000000000000000e+01 2.747142857142857153e+01 2.662857142857142634e+01 2.588571428571428967e+01 2.404285714285714093e+01
2.330000000000000071e+01 2.290000000000000213e+01 2.244285714285714306e+01 2.169999999999999929e+01 2.134285714285714519e+01 2.230000000000000071e+01 2.318571428571428328e+01 2.551428571428571246e+01 2.738571428571429323e+01 2.950000000000000000e+01 3.088571428571428257e+01 3.164285714285714590e+01 3.261428571428571388e+01 3.329999999999999716e+01 3.330000000000000426e+01 3.294285714285714306e+01 3.220000000000000284e+01 3.094285714285714306e+01 2.965714285714285481e+01 2.850000000000000000e+01 2.747142857142857153e+01 2.662857142857142634e+01 2.588571428571428967e+01 2.404285714285714093e+01
2.330000000000000071e+01 2.290000000000000213e+01 2.244285714285714306e+01 2.169999999999999929e+01 2.134285714285714519e+01 2.230000000000000071e+01 2.318571428571428328e+01 2.551428571428571246e+01 2.738571428571429323e+01 2.950000000000000000e+01 3.088571428571428257e+01 3.164285714285714590e+01 3.261428571428571388e+01 3.329999999999999716e+01 3.330000000000000426e+01 3.294285714285714306e+01 3.220000000000000284e+01 3.094285714285714306e+01 2.965714285714285481e+01 2.850000000000000000e+01 2.747142857142857153e+01 2.662857142857142634e+01 2.587142857142857366e+01 2.404285714285714093e+01
2.328571428571428470e+01 2.288571428571428967e+01 2.240000000000000213e+01 2.167142857142857437e+01 2.131428571428571672e+01 2.230000000000000071e+01 2.317142857142857082e+01 2.551428571428571246e+01 2.738571428571429323e+01 2.950000000000000000e+01 3.087142857142857011e+01 3.164285714285714590e+01 3.261428571428571388e+01 3.327142857142856514e+01 3.328571428571428470e+01 3.294285714285714306e+01 3.218571428571429038e+01 3.092857142857142705e+01 2.965714285714285481e+01 2.848571428571428754e+01 2.747142857142857153e+01 2.662857142857142634e+01 2.585714285714286120e+01 2.404285714285714093e+01
2.330000000000000071e+01 2.290000000000000213e+01 2.244285714285714306e+01 2.169999999999999929e+01 2.134285714285714519e+01 2.230000000000000071e+01 2.317142857142857082e+01 2.551428571428571246e+01 2.738571428571429323e+01 2.950000000000000000e+01 3.088571428571428257e+01 3.164285714285714590e+01 3.261428571428571388e+01 3.329999999999999716e+01 3.328571428571428470e+01 3.294285714285714306e+01 3.220000000000000284e+01 3.092857142857142705e+01 2.965714285714285481e+01 2.848571428571428754e+01 2.747142857142857153e+01 2.662857142857142634e+01 2.585714285714286120e+01 2.404285714285714093e+01
2.330000000000000071e+01 2.290000000000000213e+01 2.244285714285714306e+01 2.169999999999999929e+01 2.134285714285714519e+01 2.230000000000000071e+01 2.317142857142857082e+01 2.551428571428571246e+01 2.738571428571429323e+01 2.950000000000000000e+01 3.088571428571428257e+01 3.164285714285714590e+01 3.261428571428571388e+01 3.328571428571428470e+01 3.328571428571428470e+01 3.294285714285714306e+01 3.218571428571429038e+01 3.092857142857142705e+01 2.965714285714285481e+01 2.848571428571428754e+01 2.747142857142857153e+01 2.662857142857142634e+01 2.585714285714286120e+01 2.404285714285714093e+01
2.330000000000000071e+01 2.290000000000000213e+01 2.244285714285714306e+01 2.169999999999999929e+01 2.134285714285714519e+01 2.230000000000000071e+01 2.318571428571428328e+01 2.551428571428571246e+01 2.738571428571429323e+01 2.950000000000000000e+01 3.088571428571428257e+01 3.164285714285714590e+01 3.261428571428571388e+01 3.329999999999999716e+01 3.330000000000000426e+01 3.294285714285714306e+01 3.220000000000000284e+01 3.094285714285714306e+01 2.965714285714285481e+01 2.850000000000000000e+01 2.747142857142857153e+01 2.662857142857142634e+01 2.588571428571428967e+01 2.404285714285714093e+01
2.328571428571428470e+01 2.288571428571428967e+01 2.240000000000000213e+01 2.167142857142857437e+01 2.131428571428571672e+01 2.230000000000000071e+01 2.317142857142857082e+01 2.551428571428571246e+01 2.738571428571429323e+01 2.950000000000000000e+01 3.088571428571428257e+01 3.164285714285714590e+01 3.261428571428571388e+01 3.327142857142856514e+01 3.328571428571428470e+01 3.294285714285714306e+01 3.218571428571429038e+01 3.092857142857142705e+01 2.965714285714285481e+01 2.848571428571428754e+01 2.747142857142857153e+01 2.662857142857142634e+01 2.585714285714286120e+01 2.404285714285714093e+01
2.328571428571428470e+01 2.288571428571428967e+01 2.240000000000000213e+01 2.167142857142857437e+01 2.131428571428571672e+01 2.230000000000000071e+01 2.317142857142857082e+01 2.551428571428571246e+01 2.738571428571429323e+01 2.950000000000000000e+01 3.087142857142857011e+01 3.164285714285714590e+01 3.261428571428571388e+01 3.327142857142856514e+01 3.328571428571428470e+01 3.294285714285714306e+01 3.218571428571429038e+01 3.091428571428571459e+01 2.962857142857142989e+01 2.848571428571428754e+01 2.744285714285714661e+01 2.662857142857142634e+01 2.585714285714286120e+01 2.404285714285714093e+01
2.328571428571428470e+01 2.288571428571428967e+01 2.240000000000000213e+01 2.167142857142857437e+01 2.131428571428571672e+01 2.230000000000000071e+01 2.317142857142857082e+01 2.551428571428571246e+01 2.738571428571429323e+01 2.950000000000000000e+01 3.088571428571428257e+01 3.164285714285714590e+01 3.261428571428571388e+01 3.327142857142856514e+01 3.328571428571428470e+01 3.294285714285714306e+01 3.218571428571429038e+01 3.092857142857142705e+01 2.965714285714285481e+01 2.848571428571428754e+01 2.747142857142857153e+01 2.662857142857142634e+01 2.585714285714286120e+01 2.404285714285714093e+01
2.328571428571428470e+01 2.288571428571428967e+01 2.240000000000000213e+01 2.167142857142857437e+01 2.131428571428571672e+01 2.230000000000000071e+01 2.317142857142857082e+01 2.551428571428571246e+01 2.738571428571429323e+01 2.950000000000000000e+01 3.088571428571428257e+01 3.164285714285714590e+01 3.261428571428571388e+01 3.327142857142856514e+01 3.328571428571428470e+01 3.294285714285714306e+01 3.218571428571429038e+01 3.092857142857142705e+01 2.965714285714285481e+01 2.848571428571428754e+01 2.747142857142857153e+01 2.662857142857142634e+01 2.585714285714286120e+01 2.404285714285714093e+01
2.328571428571428470e+01 2.288571428571428967e+01 2.240000000000000213e+01 2.167142857142857437e+01 2.131428571428571672e+01 2.230000000000000071e+01 2.317142857142857082e+01 2.551428571428571246e+01 2.738571428571429323e+01 2.950000000000000000e+01 3.088571428571428257e+01 3.164285714285714590e+01 3.261428571428571388e+01 3.327142857142856514e+01 3.328571428571428470e+01 3.294285714285714306e+01 3.218571428571429038e+01 3.092857142857142705e+01 2.964285714285714235e+01 2.848571428571428754e+01 2.747142857142857153e+01 2.662857142857142634e+01 2.585714285714286120e+01 2.404285714285714093e+01
2.328571428571428470e+01 2.288571428571428967e+01 2.240000000000000213e+01 2.167142857142857437e+01 2.131428571428571672e+01 2.230000000000000071e+01 2.317142857142857082e+01 2.551428571428571246e+01 2.738571428571429323e+01 2.950000000000000000e+01 3.088571428571428257e+01 3.164285714285714590e+01 3.261428571428571388e+01 3.327142857142856514e+01 3.328571428571428470e+01 3.294285714285714306e+01 3.218571428571429038e+01 3.092857142857142705e+01 2.965714285714285481e+01 2.848571428571428754e+01 2.747142857142857153e+01 2.662857142857142634e+01 2.585714285714286120e+01 2.404285714285714093e+01
2.330000000000000071e+01 2.290000000000000213e+01 2.244285714285714306e+01 2.169999999999999929e+01 2.134285714285714519e+01 2.230000000000000071e+01 2.317142857142857082e+01 2.551428571428571246e+01 2.738571428571429323e+01 2.950000000000000000e+01 3.088571428571428257e+01 3.164285714285714590e+01 3.261428571428571388e+01 3.329999999999999716e+01 3.330000000000000426e+01 3.294285714285714306e+01 3.218571428571429038e+01 3.092857142857142705e+01 2.965714285714285481e+01 2.848571428571428754e+01 2.747142857142857153e+01 2.662857142857142634e+01 2.588571428571428967e+01 2.404285714285714093e+01
2.328571428571428470e+01 2.288571428571428967e+01 2.240000000000000213e+01 2.167142857142857437e+01 2.131428571428571672e+01 2.230000000000000071e+01 2.317142857142857082e+01 2.551428571428571246e+01 2.738571428571429323e+01 2.950000000000000000e+01 3.088571428571428257e+01 3.164285714285714590e+01 3.261428571428571388e+01 3.327142857142856514e+01 3.328571428571428470e+01 3.294285714285714306e+01 3.218571428571429038e+01 3.092857142857142705e+01 2.965714285714285481e+01 2.848571428571428754e+01 2.747142857142857153e+01 2.662857142857142634e+01 2.585714285714286120e+01 2.404285714285714093e+01
2.328571428571428470e+01 2.288571428571428967e+01 2.240000000000000213e+01 2.167142857142857437e+01 2.131428571428571672e+01 2.230000000000000071e+01 2.317142857142857082e+01 2.551428571428571246e+01 2.738571428571429323e+01 2.950000000000000000e+01 3.088571428571428257e+01 3.164285714285714590e+01 3.261428571428571388e+01 3.327142857142856514e+01 3.328571428571428470e+01 3.294285714285714306e+01 3.218571428571429038e+01 3.092857142857142705e+01 2.965714285714285481e+01 2.848571428571428754e+01 2.747142857142857153e+01 2.662857142857142634e+01 2.585714285714286120e+01 2.404285714285714093e+01
2.328571428571428470e+01 2.288571428571428967e+01 2.240000000000000213e+01 2.167142857142857437e+01 2.131428571428571672e+01 2.230000000000000071e+01 2.317142857142857082e+01 2.551428571428571246e+01 2.738571428571429323e+01 2.950000000000000000e+01 3.088571428571428257e+01 3.164285714285714590e+01 3.261428571428571388e+01 3.327142857142856514e+01 3.328571428571428470e+01 3.294285714285714306e+01 3.218571428571429038e+01 3.092857142857142705e+01 2.965714285714285481e+01 2.848571428571428754e+01 2.747142857142857153e+01 2.662857142857142634e+01 2.585714285714286120e+01 2.404285714285714093e+01
2.328571428571428470e+01 2.288571428571428967e+01 2.240000000000000213e+01 2.167142857142857437e+01 2.131428571428571672e+01 2.230000000000000071e+01 2.317142857142857082e+01 2.551428571428571246e+01 2.738571428571429323e+01 2.950000000000000000e+01 3.088571428571428257e+01 3.164285714285714590e+01 3.261428571428571388e+01 3.327142857142856514e+01 3.328571428571428470e+01 3.294285714285714306e+01 3.218571428571429038e+01 3.092857142857142705e+01 2.965714285714285481e+01 2.848571428571428754e+01 2.747142857142857153e+01 2.662857142857142634e+01 2.585714285714286120e+01 2.404285714285714093e+01
2.327142857142857224e+01 2.288571428571428967e+01 2.240000000000000213e+01 2.167142857142857437e+01 2.130000000000000426e+01 2.228571428571428470e+01 2.318571428571428328e+01 2.551428571428571246e+01 2.740000000000000568e+01 2.951428571428571601e+01 3.089999999999999858e+01 3.165714285714285481e+01 3.261428571428571388e+01 3.332857142857142918e+01 3.332857142857142918e+01 3.295714285714285552e+01 3.220000000000000284e+01 3.095714285714285552e+01 2.965714285714285481e+01 2.850000000000000000e+01 2.747142857142857153e+01 2.662857142857142634e+01 2.585714285714286120e+01 2.402857142857142847e+01
2.327142857142857224e+01 2.288571428571428967e+01 2.240000000000000213e+01 2.167142857142857437e+01 2.130000000000000426e+01 2.228571428571428470e+01 2.318571428571428328e+01 2.551428571428571246e+01 2.740000000000000568e+01 2.951428571428571601e+01 3.089999999999999858e+01 3.165714285714285481e+01 3.261428571428571388e+01 3.332857142857142918e+01 3.332857142857142918e+01 3.295714285714285552e+01 3.220000000000000284e+01 3.095714285714285552e+01 2.965714285714285481e+01 2.850000000000000000e+01 2.747142857142857153e+01 2.662857142857142634e+01 2.585714285714286120e+01 2.402857142857142847e+01
2.327142857142857224e+01 2.287142857142857366e+01 2.240000000000000213e+01 2.167142857142857437e+01 2.130000000000000426e+01 2.228571428571428470e+01 2.317142857142857082e+01 2.551428571428571246e+01 2.738571428571429323e+01 2.951428571428571601e+01 3.089999999999999858e+01 3.165714285714285481e+01 3.261428571428571388e+01 3.329999999999999716e+01 3.332857142857142918e+01 3.295714285714285552e+01 3.220000000000000284e+01 3.092857142857142705e+01 2.965714285714285481e+01 2.847142857142857153e+01 2.745714285714285907e+01 2.662857142857142634e+01 2.584285714285714519e+01 2.402857142857142847e+01
2.327142857142857224e+01 2.288571428571428967e+01 2.240000000000000213e+01 2.167142857142857437e+01 2.130000000000000426e+01 2.228571428571428470e+01 2.318571428571428328e+01 2.551428571428571246e+01 2.740000000000000568e+01 2.951428571428571601e+01 3.089999999999999858e+01 3.165714285714285481e+01 3.261428571428571388e+01 3.332857142857142918e+01 3.332857142857142918e+01 3.295714285714285552e+01 3.220000000000000284e+01 3.095714285714285552e+01 2.965714285714285481e+01 2.850000000000000000e+01 2.747142857142857153e+01 2.662857142857142634e+01 2.585714285714286120e+01 2.402857142857142847e+01
2.327142857142857224e+01 2.288571428571428967e+01 2.240000000000000213e+01 2.167142857142857437e+01 2.130000000000000426e+01 2.228571428571428470e+01 2.318571428571428328e+01 2.551428571428571246e+01 2.740000000000000568e+01 2.951428571428571601e+01 3.089999999999999858e+01 3.165714285714285481e+01 3.261428571428571388e+01 3.332857142857142918e+01 3.332857142857142918e+01 3.295714285714285552e+01 3.220000000000000284e+01 3.095714285714285552e+01 2.965714285714285481e+01 2.850000000000000000e+01 2.747142857142857153e+01 2.662857142857142634e+01 2.585714285714286120e+01 2.402857142857142847e+01
2.327142857142857224e+01 2.288571428571428967e+01 2.240000000000000213e+01 2.167142857142857437e+01 2.130000000000000426e+01 2.228571428571428470e+01 2.318571428571428328e+01 2.551428571428571246e+01 2.740000000000000568e+01 2.951428571428571601e+01 3.089999999999999858e+01 3.165714285714285481e+01 3.261428571428571388e+01 3.332857142857142918e+01 3.332857142857142918e+01 3.295714285714285552e+01 3.220000000000000284e+01 3.095714285714285552e+01 2.965714285714285481e+01 2.850000000000000000e+01 2.747142857142857153e+01 2.662857142857142634e+01 2.585714285714286120e+01 2.402857142857142847e+01
2.327142857142857224e+01 2.288571428571428967e+01 2.240000000000000213e+01 2.167142857142857437e+01 2.130000000000000426e+01 2.228571428571428470e+01 2.318571428571428328e+01 2.551428571428571246e+01 2.740000000000000568e+01 2.951428571428571601e+01 3.089999999999999858e+01 3.165714285714285481e+01 3.261428571428571388e+01 3.332857142857142918e+01 3.332857142857142918e+01 3.295714285714285552e+01 3.220000000000000284e+01 3.095714285714285552e+01 2.965714285714285481e+01 2.850000000000000000e+01 2.747142857142857153e+01 2.662857142857142634e+01 2.585714285714286120e+01 2.402857142857142847e+01
2.334285714285714519e+01 2.291428571428571459e+01 2.242857142857142705e+01 2.171428571428571530e+01 2.134285714285714519e+01 2.231428571428571317e+01 2.318571428571428328e+01 2.552857142857143202e+01 2.744285714285714661e+01 2.954285714285714448e+01 3.089999999999999858e+01 3.167142857142857082e+01 3.264285714285714590e+01 3.334285714285714164e+01 3.334285714285714164e+01 3.297142857142857508e+01 3.220000000000000284e+01 3.095714285714285552e+01 2.968571428571428683e+01 2.851428571428571246e+01 2.748571428571428754e+01 2.662857142857142634e+01 2.591428571428571459e+01 2.404285714285714093e+01
2.327142857142857224e+01 2.290000000000000213e+01 2.241428571428571459e+01 2.167142857142857437e+01 2.130000000000000426e+01 2.228571428571428470e+01 2.318571428571428328e+01 2.551428571428571246e+01 2.740000000000000568e+01 2.951428571428571601e+01 3.089999999999999858e+01 3.165714285714285481e+01 3.262857142857143344e+01 3.332857142857142918e+01 3.332857142857142918e+01 3.295714285714285552e+01 3.220000000000000284e+01 3.095714285714285552e+01 2.965714285714285481e+01 2.850000000000000000e+01 2.747142857142857153e+01 2.662857142857142634e+01 2.585714285714286120e+01 2.402857142857142847e+01
2.327142857142857224e+01 2.288571428571428967e+01 2.240000000000000213e+01 2.167142857142857437e+01 2.130000000000000426e+01 2.228571428571428470e+01 2.318571428571428328e+01 2.551428571428571246e+01 2.740000000000000568e+01 2.951428571428571601e+01 3.089999999999999858e+01 3.165714285714285481e+01 3.261428571428571388e+01 3.332857142857142918e+01 3.332857142857142918e+01 3.295714285714285552e+01 3.220000000000000284e+01 3.092857142857142705e+01 2.965714285714285481e+01 2.847142857142857153e+01 2.747142857142857153e+01 2.662857142857142634e+01 2.585714285714286120e+01 2.402857142857142847e+01
2.327142857142857224e+01 2.288571428571428967e+01 2.240000000000000213e+01 2.167142857142857437e+01 2.130000000000000426e+01 2.228571428571428470e+01 2.318571428571428328e+01 2.551428571428571246e+01 2.740000000000000568e+01 2.951428571428571601e+01 3.089999999999999858e+01 3.165714285714285481e+01 3.261428571428571388e+01 3.332857142857142918e+01 3.332857142857142918e+01 3.295714285714285552e+01 3.220000000000000284e+01 3.095714285714285552e+01 2.965714285714285481e+01 2.850000000000000000e+01 2.747142857142857153e+01 2.662857142857142634e+01 2.585714285714286120e+01 2.402857142857142847e+01
2.332857142857142918e+01 2.290000000000000213e+01 2.244285714285714306e+01 2.169999999999999929e+01 2.134285714285714519e+01 2.230000000000000071e+01 2.318571428571428328e+01 2.551428571428571246e+01 2.742857142857143415e+01 2.952857142857142847e+01 3.089999999999999858e+01 3.165714285714285481e+01 3.264285714285714590e+01 3.332857142857142918e+01 3.332857142857142918e+01 3.295714285714285552e+01 3.220000000000000284e+01 3.095714285714285552e+01 2.965714285714285481e+01 2.851428571428571246e+01 2.747142857142857153e+01 2.662857142857142634e+01 2.590000000000000213e+01 2.404285714285714093e+01
2.334285714285714519e+01 2.292857142857143415e+01 2.245714285714285552e+01 2.171428571428571530e+01 2.135714285714285765e+01 2.231428571428571317e+01 2.319999999999999574e+01 2.552857142857143202e+01 2.744285714285714661e+01 2.954285714285714448e+01 3.089999999999999858e+01 3.167142857142857082e+01 3.264285714285714590e+01 3.334285714285714164e+01 3.334285714285714164e+01 3.297142857142857508e+01 3.220000000000000284e+01 3.095714285714285552e+01 2.968571428571428683e+01 2.852857142857142847e+01 2.748571428571428754e+01 2.664285714285713880e+01 2.591428571428571459e+01 2.407142857142857295e+01
2.332857142857142918e+01 2.290000000000000213e+01 2.244285714285714306e+01 2.169999999999999929e+01 2.134285714285714519e+01 2.230000000000000071e+01 2.318571428571428328e+01 2.551428571428571246e+01 2.742857142857143415e+01 2.952857142857142847e+01 3.089999999999999858e+01 3.165714285714285481e+01 3.264285714285714590e+01 3.332857142857142918e+01 3.332857142857142918e+01 3.295714285714285552e+01 3.220000000000000284e+01 3.095714285714285552e+01 2.965714285714285481e+01 2.851428571428571246e+01 2.747142857142857153e+01 2.662857142857142634e+01 2.590000000000000213e+01 2.404285714285714093e+01
2.332857142857142918e+01 2.290000000000000213e+01 2.244285714285714306e+01 2.169999999999999929e+01 2.134285714285714519e+01 2.230000000000000071e+01 2.318571428571428328e+01 2.551428571428571246e+01 2.742857142857143415e+01 2.952857142857142847e+01 3.089999999999999858e+01 3.165714285714285481e+01 3.264285714285714590e+01 3.332857142857142918e+01 3.332857142857142918e+01 3.295714285714285552e+01 3.220000000000000284e+01 3.095714285714285552e+01 2.965714285714285481e+01 2.851428571428571246e+01 2.747142857142857153e+01 2.662857142857142634e+01 2.590000000000000213e+01 2.404285714285714093e+01
2.332857142857142918e+01 2.290000000000000213e+01 2.244285714285714306e+01 2.169999999999999929e+01 2.134285714285714519e+01 2.230000000000000071e+01 2.318571428571428328e+01 2.551428571428571246e+01 2.742857142857143415e+01 2.952857142857142847e+01 3.089999999999999858e+01 3.165714285714285481e+01 3.264285714285714590e+01 3.332857142857142918e+01 3.332857142857142918e+01 3.295714285714285552e+01 3.220000000000000284e+01 3.095714285714285552e+01 2.965714285714285481e+01 2.851428571428571246e+01 2.747142857142857153e+01 2.662857142857142634e+01 2.590000000000000213e+01 2.404285714285714093e+01
2.332857142857142918e+01 2.290000000000000213e+01 2.244285714285714306e+01 2.169999999999999929e+01 2.134285714285714519e+01 2.230000000000000071e+01 2.318571428571428328e+01 2.551428571428571246e+01 2.742857142857143415e+01 2.952857142857142847e+01 3.089999999999999858e+01 3.165714285714285481e+01 3.264285714285714590e+01 3.332857142857142918e+01 3.332857142857142918e+01 3.295714285714285552e+01 3.220000000000000284e+01 3.095714285714285552e+01 2.967142857142857437e+01 2.851428571428571246e+01 2.747142857142857153e+01 2.662857142857142634e+01 2.590000000000000213e+01 2.404285714285714093e+01
2.327142857142857224e+01 2.287142857142857366e+01 2.240000000000000213e+01 2.167142857142857437e+01 2.130000000000000426e+01 2.228571428571428470e+01 2.317142857142857082e+01 2.551428571428571246e+01 2.738571428571429323e+01 2.951428571428571601e+01 3.089999999999999858e+01 3.165714285714285481e+01 3.261428571428571388e+01 3.329999999999999716e+01 3.332857142857142918e+01 3.295714285714285552e+01 3.220000000000000284e+01 3.092857142857142705e+01 2.965714285714285481e+01 2.847142857142857153e+01 2.747142857142857153e+01 2.662857142857142634e+01 2.585714285714286120e+01 2.402857142857142847e+01
2.331428571428571672e+01 2.290000000000000213e+01 2.244285714285714306e+01 2.169999999999999929e+01 2.134285714285714519e+01 2.230000000000000071e+01 2.318571428571428328e+01 2.551428571428571246e+01 2.741428571428571814e+01 2.952857142857142847e+01 3.089999999999999858e+01 3.165714285714285481e+01 3.262857142857142634e+01 3.332857142857142918e+01 3.332857142857142918e+01 3.295714285714285552e+01 3.220000000000000284e+01 3.095714285714285552e+01 2.965714285714285481e+01 2.850000000000000000e+01 2.747142857142857153e+01 2.662857142857142634e+01 2.588571428571428967e+01 2.404285714285714093e+01
2.332857142857142918e+01 2.290000000000000213e+01 2.244285714285714306e+01 2.171428571428571530e+01 2.134285714285714519e+01 2.230000000000000071e+01 2.318571428571428328e+01 2.551428571428571246e+01 2.742857142857143415e+01 2.954285714285714448e+01 3.089999999999999858e+01 3.165714285714285481e+01 3.264285714285714590e+01 3.332857142857142918e+01 3.332857142857142918e+01 3.297142857142857508e+01 3.220000000000000284e+01 3.095714285714285552e+01 2.968571428571428683e+01 2.851428571428571246e+01 2.747142857142857153e+01 2.662857142857142634e+01 2.590000000000000213e+01 2.404285714285714093e+01
2.332857142857142918e+01 2.290000000000000213e+01 2.244285714285714306e+01 2.169999999999999929e+01 2.134285714285714519e+01 2.230000000000000071e+01 2.318571428571428328e+01 2.551428571428571246e+01 2.742857142857143415e+01 2.952857142857142847e+01 3.089999999999999858e+01 3.165714285714285481e+01 3.264285714285714590e+01 3.332857142857142918e+01 3.332857142857142918e+01 3.295714285714285552e+01 3.220000000000000284e+01 3.095714285714285552e+01 2.965714285714285481e+01 2.851428571428571246e+01 2.747142857142857153e+01 2.662857142857142634e+01 2.590000000000000213e+01 2.404285714285714093e+01
2.332857142857142918e+01 2.290000000000000213e+01 2.244285714285714306e+01 2.169999999999999929e+01 2.134285714285714519e+01 2.230000000000000071e+01 2.318571428571428328e+01 2.551428571428571246e+01 2.742857142857143415e+01 2.952857142857142847e+01 3.089999999999999858e+01 3.165714285714285481e+01 3.264285714285714590e+01 3.332857142857142918e+01 3.332857142857142918e+01 3.295714285714285552e+01 3.220000000000000284e+01 3.095714285714285552e+01 2.965714285714285481e+01 2.851428571428571246e+01 2.747142857142857153e+01 2.662857142857142634e+01 2.590000000000000213e+01 2.404285714285714093e+01
2.328571428571428470e+01 2.290000000000000213e+01 2.241428571428571459e+01 2.168571428571428683e+01 2.132857142857142918e+01 2.230000000000000071e+01 2.317142857142857082e+01 2.551428571428571246e+01 2.738571428571429323e+01 2.950000000000000000e+01 3.085714285714285765e+01 3.164285714285714590e+01 3.260000000000000142e+01 3.327142857142856514e+01 3.328571428571428470e+01 3.294285714285714306e+01 3.218571428571429038e+01 3.091428571428571459e+01 2.965714285714285481e+01 2.848571428571428754e+01 2.747142857142857153e+01 2.662857142857142634e+01 2.585714285714286120e+01 2.404285714285714093e+01
2.328571428571428470e+01 2.290000000000000213e+01 2.241428571428571459e+01 2.168571428571428683e+01 2.132857142857142918e+01 2.230000000000000071e+01 2.317142857142857082e+01 2.551428571428571246e+01 2.738571428571429323e+01 2.950000000000000000e+01 3.085714285714285765e+01 3.164285714285714590e+01 3.260000000000000142e+01 3.327142857142856514e+01 3.328571428571428470e+01 3.294285714285714306e+01 3.218571428571429038e+01 3.091428571428571459e+01 2.965714285714285481e+01 2.848571428571428754e+01 2.747142857142857153e+01 2.662857142857142634e+01 2.585714285714286120e+01 2.404285714285714093e+01
2.332857142857142563e+01 2.291428571428571459e+01 2.242857142857142705e+01 2.169999999999999929e+01 2.134285714285714519e+01 2.230000000000000071e+01 2.317142857142857082e+01 2.551428571428571246e+01 2.738571428571429323e+01 2.951428571428571601e+01 3.088571428571428257e+01 3.164285714285714590e+01 3.261428571428571388e+01 3.328571428571428470e+01 3.330000000000000426e+01 3.295714285714285552e+01 3.220000000000000284e+01 3.095714285714285552e+01 2.965714285714285481e+01 2.851428571428571246e+01 2.748571428571428754e+01 2.662857142857142634e+01 2.590000000000000213e+01 2.405714285714285694e+01
2.328571428571428470e+01 2.290000000000000213e+01 2.241428571428571459e+01 2.168571428571428683e+01 2.132857142857142918e+01 2.230000000000000071e+01 2.317142857142857082e+01 2.551428571428571246e+01 2.738571428571429323e+01 2.950000000000000000e+01 3.085714285714285765e+01 3.164285714285714590e+01 3.260000000000000142e+01 3.327142857142856514e+01 3.328571428571428470e+01 3.294285714285714306e+01 3.218571428571429038e+01 3.091428571428571459e+01 2.965714285714285481e+01 2.848571428571428754e+01 2.747142857142857153e+01 2.662857142857142634e+01 2.585714285714286120e+01 2.404285714285714093e+01
2.328571428571428470e+01 2.290000000000000213e+01 2.241428571428571459e+01 2.168571428571428683e+01 2.132857142857142918e+01 2.230000000000000071e+01 2.317142857142857082e+01 2.551428571428571246e+01 2.738571428571429323e+01 2.950000000000000000e+01 3.085714285714285765e+01 3.164285714285714590e+01 3.260000000000000142e+01 3.327142857142856514e+01 3.328571428571428470e+01 3.294285714285714306e+01 3.218571428571429038e+01 3.091428571428571459e+01 2.965714285714285481e+01 2.848571428571428754e+01 2.747142857142857153e+01 2.662857142857142634e+01 2.585714285714286120e+01 2.404285714285714093e+01
2.328571428571428470e+01 2.290000000000000213e+01 2.241428571428571459e+01 2.168571428571428683e+01 2.132857142857142918e+01 2.230000000000000071e+01 2.317142857142857082e+01 2.551428571428571246e+01 2.738571428571429323e+01 2.950000000000000000e+01 3.085714285714285765e+01 3.164285714285714590e+01 3.260000000000000142e+01 3.327142857142856514e+01 3.328571428571428470e+01 3.294285714285714306e+01 3.218571428571429038e+01 3.092857142857142705e+01 2.965714285714285481e+01 2.848571428571428754e+01 2.747142857142857153e+01 2.662857142857142634e+01 2.585714285714286120e+01 2.404285714285714093e+01
2.328571428571428470e+01 2.290000000000000213e+01 2.241428571428571459e+01 2.168571428571428683e+01 2.132857142857142918e+01 2.230000000000000071e+01 2.317142857142857082e+01 2.551428571428571246e+01 2.738571428571429323e+01 2.950000000000000000e+01 3.085714285714285765e+01 3.164285714285714590e+01 3.260000000000000142e+01 3.327142857142856514e+01 3.328571428571428470e+01 3.294285714285714306e+01 3.218571428571429038e+01 3.091428571428571459e+01 2.965714285714285481e+01 2.848571428571428754e+01 2.747142857142857153e+01 2.662857142857142634e+01 2.585714285714286120e+01 2.404285714285714093e+01
2.327142857142857224e+01 2.290000000000000213e+01 2.240000000000000213e+01 2.167142857142857437e+01 2.130000000000000426e+01 2.228571428571428470e+01 2.317142857142857082e+01 2.551428571428571246e+01 2.738571428571429323e+01 2.950000000000000000e+01 3.085714285714285765e+01 3.164285714285714590e+01 3.260000000000000142e+01 3.327142857142856514e+01 3.328571428571428470e+01 3.294285714285714306e+01 3.218571428571429038e+01 3.091428571428571459e+01 2.965714285714285481e+01 2.848571428571428754e+01 2.747142857142857153e+01 2.662857142857142634e+01 2.585714285714286120e+01 2.402857142857142847e+01
2.328571428571428470e+01 2.290000000000000213e+01 2.241428571428571459e+01 2.168571428571428683e+01 2.131428571428571672e+01 2.230000000000000071e+01 2.317142857142857082e+01 2.551428571428571246e+01 2.738571428571429323e+01 2.950000000000000000e+01 3.085714285714285765e+01 3.164285714285714590e+01 3.260000000000000142e+01 3.327142857142856514e+01 3.328571428571428470e+01 3.294285714285714306e+01 3.218571428571429038e+01 3.091428571428571459e+01 2.965714285714285481e+01 2.848571428571428754e+01 2.747142857142857153e+01 2.662857142857142634e+01 2.585714285714286120e+01 2.404285714285714093e+01
2.328571428571428470e+01 2.290000000000000213e+01 2.241428571428571459e+01 2.168571428571428683e+01 2.132857142857142918e+01 2.230000000000000071e+01 2.317142857142857082e+01 2.551428571428571246e+01 2.738571428571429323e+01 2.950000000000000000e+01 3.085714285714285765e+01 3.164285714285714590e+01 3.260000000000000142e+01 3.327142857142856514e+01 3.328571428571428470e+01 3.294285714285714306e+01 3.218571428571429038e+01 3.092857142857142705e+01 2.965714285714285481e+01 2.848571428571428754e+01 2.747142857142857153e+01 2.662857142857142634e+01 2.585714285714286120e+01 2.404285714285714093e+01
2.328571428571428470e+01 2.290000000000000213e+01 2.241428571428571459e+01 2.168571428571428683e+01 2.132857142857142918e+01 2.230000000000000071e+01 2.317142857142857082e+01 2.551428571428571246e+01 2.738571428571429323e+01 2.950000000000000000e+01 3.085714285714285765e+01 3.164285714285714590e+01 3.260000000000000142e+01 3.327142857142856514e+01 3.328571428571428470e+01 3.294285714285714306e+01 3.218571428571429038e+01 3.091428571428571459e+01 2.965714285714285481e+01 2.848571428571428754e+01 2.747142857142857153e+01 2.662857142857142634e+01 2.585714285714286120e+01 2.404285714285714093e+01
2.330000000000000071e+01 2.291428571428571459e+01 2.241428571428571459e+01 2.168571428571428683e+01 2.132857142857142918e+01 2.228571428571428470e+01 2.317142857142857082e+01 2.551428571428571246e+01 2.738571428571429323e+01 2.950000000000000000e+01 3.088571428571428257e+01 3.164285714285714590e+01 3.261428571428571388e+01 3.327142857142856514e+01 3.330000000000000426e+01 3.295714285714285552e+01 3.218571428571429038e+01 3.095714285714285552e+01 2.965714285714285481e+01 2.851428571428571246e+01 2.748571428571428754e+01 2.662857142857142634e+01 2.588571428571428967e+01 2.404285714285714093e+01
2.327142857142857224e+01 2.288571428571428967e+01 2.240000000000000213e+01 2.167142857142857437e+01 2.130000000000000426e+01 2.228571428571428470e+01 2.317142857142857082e+01 2.551428571428571246e+01 2.738571428571429323e+01 2.950000000000000000e+01 3.085714285714285765e+01 3.164285714285714590e+01 3.260000000000000142e+01 3.327142857142856514e+01 3.328571428571428470e+01 3.294285714285714306e+01 3.218571428571429038e+01 3.091428571428571459e+01 2.965714285714285481e+01 2.848571428571428754e+01 2.747142857142857153e+01 2.662857142857142634e+01 2.585714285714286120e+01 2.402857142857142847e+01
2.330000000000000071e+01 2.291428571428571459e+01 2.241428571428571459e+01 2.168571428571428683e+01 2.132857142857142918e+01 2.228571428571428470e+01 2.317142857142857082e+01 2.551428571428571246e+01 2.738571428571429323e+01 2.950000000000000000e+01 3.088571428571428257e+01 3.164285714285714590e+01 3.261428571428571388e+01 3.327142857142856514e+01 3.330000000000000426e+01 3.295714285714285552e+01 3.218571428571429038e+01 3.095714285714285552e+01 2.965714285714285481e+01 2.851428571428571246e+01 2.748571428571428754e+01 2.662857142857142634e+01 2.588571428571428967e+01 2.404285714285714093e+01
2.330000000000000071e+01 2.291428571428571459e+01 2.241428571428571459e+01 2.168571428571428683e+01 2.132857142857142918e+01 2.228571428571428470e+01 2.317142857142857082e+01 2.551428571428571246e+01 2.738571428571429323e+01 2.950000000000000000e+01 3.088571428571428257e+01 3.164285714285714590e+01 3.261428571428571388e+01 3.327142857142856514e+01 3.330000000000000426e+01 3.295714285714285552e+01 3.218571428571429038e+01 3.095714285714285552e+01 2.965714285714285481e+01 2.851428571428571246e+01 2.748571428571428754e+01 2.662857142857142634e+01 2.588571428571428967e+01 2.404285714285714093e+01
2.330000000000000071e+01 2.291428571428571459e+01 2.241428571428571459e+01 2.168571428571428683e+01 2.132857142857142918e+01 2.228571428571428470e+01 2.317142857142857082e+01 2.551428571428571246e+01 2.738571428571429323e+01 2.950000000000000000e+01 3.088571428571428257e+01 3.164285714285714590e+01 3.261428571428571388e+01 3.327142857142856514e+01 3.330000000000000426e+01 3.295714285714285552e+01 3.218571428571429038e+01 3.095714285714285552e+01 2.965714285714285481e+01 2.851428571428571246e+01 2.747142857142857153e+01 2.662857142857142634e+01 2.588571428571428967e+01 2.404285714285714093e+01
2.330000000000000071e+01 2.291428571428571459e+01 2.241428571428571459e+01 2.168571428571428683e+01 2.132857142857142918e+01 2.228571428571428470e+01 2.317142857142857082e+01 2.551428571428571246e+01 2.738571428571429323e+01 2.950000000000000000e+01 3.088571428571428257e+01 3.164285714285714590e+01 3.261428571428571388e+01 3.327142857142856514e+01 3.330000000000000426e+01 3.295714285714285552e+01 3.218571428571429038e+01 3.095714285714285552e+01 2.965714285714285481e+01 2.851428571428571246e+01 2.748571428571428754e+01 2.662857142857142634e+01 2.588571428571428967e+01 2.404285714285714093e+01
2.330000000000000071e+01 2.291428571428571459e+01 2.242857142857142705e+01 2.169999999999999929e+01 2.134285714285714519e+01 2.230000000000000071e+01 2.317142857142857082e+01 2.551428571428571246e+01 2.738571428571429323e+01 2.951428571428571601e+01 3.088571428571428257e+01 3.164285714285714590e+01 3.261428571428571388e+01 3.328571428571428470e+01 3.330000000000000426e+01 3.295714285714285552e+01 3.220000000000000284e+01 3.095714285714285552e+01 2.965714285714285481e+01 2.851428571428571246e+01 2.748571428571428754e+01 2.662857142857142634e+01 2.590000000000000213e+01 2.404285714285714093e+01
2.330000000000000071e+01 2.291428571428571459e+01 2.241428571428571459e+01 2.169999999999999929e+01 2.132857142857142918e+01 2.228571428571428470e+01 2.317142857142857082e+01 2.551428571428571246e+01 2.738571428571429323e+01 2.951428571428571601e+01 3.088571428571428257e+01 3.164285714285714590e+01 3.261428571428571388e+01 3.327142857142856514e+01 3.330000000000000426e+01 3.295714285714285552e+01 3.218571428571429038e+01 3.095714285714285552e+01 2.965714285714285481e+01 2.851428571428571246e+01 2.748571428571428754e+01 2.662857142857142634e+01 2.590000000000000213e+01 2.404285714285714093e+01
2.330000000000000071e+01 2.291428571428571459e+01 2.241428571428571459e+01 2.168571428571428683e+01 2.131428571428571672e+01 2.228571428571428470e+01 2.317142857142857082e+01 2.551428571428571246e+01 2.738571428571429323e+01 2.950000000000000000e+01 3.088571428571428257e+01 3.164285714285714590e+01 3.261428571428571388e+01 3.327142857142856514e+01 3.330000000000000426e+01 3.295714285714285552e+01 3.218571428571429038e+01 3.094285714285714306e+01 2.965714285714285481e+01 2.851428571428571246e+01 2.747142857142857153e+01 2.662857142857142634e+01 2.588571428571428967e+01 2.404285714285714093e+01
2.330000000000000071e+01 2.291428571428571459e+01 2.241428571428571459e+01 2.169999999999999929e+01 2.132857142857142918e+01 2.228571428571428470e+01 2.317142857142857082e+01 2.551428571428571246e+01 2.738571428571429323e+01 2.950000000000000000e+01 3.088571428571428257e+01 3.164285714285714590e+01 3.261428571428571388e+01 3.327142857142856514e+01 3.330000000000000426e+01 3.295714285714285552e+01 3.218571428571429038e+01 3.095714285714285552e+01 2.965714285714285481e+01 2.851428571428571246e+01 2.748571428571428754e+01 2.662857142857142634e+01 2.588571428571428967e+01 2.404285714285714093e+01
2.330000000000000071e+01 2.291428571428571459e+01 2.241428571428571459e+01 2.168571428571428683e+01 2.132857142857142918e+01 2.228571428571428470e+01 2.317142857142857082e+01 2.551428571428571246e+01 2.738571428571429323e+01 2.950000000000000000e+01 3.088571428571428257e+01 3.164285714285714590e+01 3.261428571428571388e+01 3.327142857142856514e+01 3.330000000000000426e+01 3.295714285714285552e+01 3.218571428571429038e+01 3.095714285714285552e+01 2.965714285714285481e+01 2.851428571428571246e+01 2.748571428571428754e+01 2.662857142857142634e+01 2.588571428571428967e+01 2.404285714285714093e+01
