[{'S1': array([0.        , 0.15909091, 0.        , 0.        , 0.        ,
       0.        , 2.58143939, 0.25189394, 0.        , 0.        ]), 'S1_conf': array([0.        , 2.10070704, 0.        , 0.        , 0.        ,
       0.        , 2.02311823, 0.82823716, 0.        , 0.        ]), 'ST': array([0.        , 0.83333333, 0.        , 0.        , 0.        ,
       0.        , 2.58333333, 0.08333333, 0.        , 0.        ]), 'ST_conf': array([0.        , 7.19524999, 0.        , 0.        , 0.        ,
       0.        , 0.90877287, 0.27400327, 0.        , 0.        ]), 'S2': array([[            nan, -2.77555756e-17,  0.00000000e+00,
         0.00000000e+00,  0.00000000e+00,  0.00000000e+00,
        -8.88178420e-16,  0.00000000e+00,  0.00000000e+00,
         0.00000000e+00],
       [            nan,             nan, -2.40530303e-01,
        -2.40530303e-01, -2.40530303e-01, -2.40530303e-01,
         9.26136364e-01, -2.40530303e-01, -2.40530303e-01,
        -2.40530303e-01],
       [            nan,             nan,             nan,
         0.00000000e+00,  0.00000000e+00,  0.00000000e+00,
        -8.88178420e-16,  0.00000000e+00,  0.00000000e+00,
         0.00000000e+00],
       [            nan,             nan,             nan,
                    nan,  0.00000000e+00,  0.00000000e+00,
        -8.88178420e-16,  0.00000000e+00,  0.00000000e+00,
         0.00000000e+00],
       [            nan,             nan,             nan,
                    nan,             nan,  0.00000000e+00,
        -8.88178420e-16,  0.00000000e+00,  0.00000000e+00,
         0.00000000e+00],
       [            nan,             nan,             nan,
                    nan,             nan,             nan,
        -8.88178420e-16,  0.00000000e+00,  0.00000000e+00,
         0.00000000e+00],
       [            nan,             nan,             nan,
                    nan,             nan,             nan,
                    nan, -1.66287879e+00, -1.32954545e+00,
        -1.32954545e+00],
       [            nan,             nan,             nan,
                    nan,             nan,             nan,
                    nan,             nan, -6.25610674e-14,
        -6.25610674e-14],
       [            nan,             nan,             nan,
                    nan,             nan,             nan,
                    nan,             nan,             nan,
         0.00000000e+00],
       [            nan,             nan,             nan,
                    nan,             nan,             nan,
                    nan,             nan,             nan,
                    nan]]), 'S2_conf': array([[           nan, 2.09415639e-16, 0.00000000e+00, 0.00000000e+00,
        0.00000000e+00, 0.00000000e+00, 5.52396684e-16, 0.00000000e+00,
        0.00000000e+00, 0.00000000e+00],
       [           nan,            nan, 8.61530020e-01, 8.61530020e-01,
        8.61530020e-01, 8.61530020e-01, 2.37884531e+00, 8.61530020e-01,
        8.61530020e-01, 8.61530020e-01],
       [           nan,            nan,            nan, 0.00000000e+00,
        0.00000000e+00, 0.00000000e+00, 5.52396684e-16, 0.00000000e+00,
        0.00000000e+00, 0.00000000e+00],
       [           nan,            nan,            nan,            nan,
        0.00000000e+00, 0.00000000e+00, 5.52396684e-16, 0.00000000e+00,
        0.00000000e+00, 0.00000000e+00],
       [           nan,            nan,            nan,            nan,
                   nan, 0.00000000e+00, 5.52396684e-16, 0.00000000e+00,
        0.00000000e+00, 0.00000000e+00],
       [           nan,            nan,            nan,            nan,
                   nan,            nan, 5.52396684e-16, 0.00000000e+00,
        0.00000000e+00, 0.00000000e+00],
       [           nan,            nan,            nan,            nan,
                   nan,            nan,            nan, 2.15766730e+00,
        1.62709217e+00, 1.62709217e+00],
       [           nan,            nan,            nan,            nan,
                   nan,            nan,            nan,            nan,
        1.04713742e+00, 1.04713742e+00],
       [           nan,            nan,            nan,            nan,
                   nan,            nan,            nan,            nan,
                   nan, 0.00000000e+00],
       [           nan,            nan,            nan,            nan,
                   nan,            nan,            nan,            nan,
                   nan,            nan]])}, {'S1': array([ 0.00000000e+00,  4.10256410e-01,  0.00000000e+00,  0.00000000e+00,
        0.00000000e+00,  0.00000000e+00,  4.88060535e-17, -4.66200466e-02,
        0.00000000e+00,  0.00000000e+00]), 'S1_conf': array([0.        , 1.45688177, 0.        , 0.        , 0.        ,
       0.        , 2.68908494, 0.13033832, 0.        , 0.        ]), 'ST': array([0.        , 0.41025641, 0.        , 0.        , 0.        ,
       0.        , 1.23076923, 0.20512821, 0.        , 0.        ]), 'ST_conf': array([0.        , 0.85084715, 0.        , 0.        , 0.        ,
       0.        , 2.2698071 , 0.57348862, 0.        , 0.        ]), 'S2': array([[            nan,  5.55111512e-17,  0.00000000e+00,
         0.00000000e+00,  0.00000000e+00,  0.00000000e+00,
        -4.88060535e-17,  6.93889390e-18,  0.00000000e+00,
         0.00000000e+00],
       [            nan,             nan, -1.59440559e+00,
        -1.59440559e+00, -1.59440559e+00, -1.59440559e+00,
         4.56876457e-01, -7.73892774e-01, -1.59440559e+00,
        -1.59440559e+00],
       [            nan,             nan,             nan,
         0.00000000e+00,  0.00000000e+00,  0.00000000e+00,
        -4.88060535e-17,  6.93889390e-18,  0.00000000e+00,
         0.00000000e+00],
       [            nan,             nan,             nan,
                    nan,  0.00000000e+00,  0.00000000e+00,
        -4.88060535e-17,  6.93889390e-18,  0.00000000e+00,
         0.00000000e+00],
       [            nan,             nan,             nan,
                    nan,             nan,  0.00000000e+00,
        -4.88060535e-17,  6.93889390e-18,  0.00000000e+00,
         0.00000000e+00],
       [            nan,             nan,             nan,
                    nan,             nan,             nan,
        -4.88060535e-17,  6.93889390e-18,  0.00000000e+00,
         0.00000000e+00],
       [            nan,             nan,             nan,
                    nan,             nan,             nan,
                    nan,  4.66200466e-02,  8.67132867e-01,
         8.67132867e-01],
       [            nan,             nan,             nan,
                    nan,             nan,             nan,
                    nan,             nan,  4.66200466e-02,
         4.66200466e-02],
       [            nan,             nan,             nan,
                    nan,             nan,             nan,
                    nan,             nan,             nan,
         0.00000000e+00],
       [            nan,             nan,             nan,
                    nan,             nan,             nan,
                    nan,             nan,             nan,
                    nan]]), 'S2_conf': array([[           nan, 3.23463053e-16, 0.00000000e+00, 0.00000000e+00,
        0.00000000e+00, 0.00000000e+00, 3.32024361e-16, 2.58055998e-17,
        0.00000000e+00, 0.00000000e+00],
       [           nan,            nan, 2.85149916e+00, 2.85149916e+00,
        2.85149916e+00, 2.85149916e+00, 2.41163773e+00, 2.32819198e+00,
        2.85149916e+00, 2.85149916e+00],
       [           nan,            nan,            nan, 0.00000000e+00,
        0.00000000e+00, 0.00000000e+00, 3.32024361e-16, 2.58055998e-17,
        0.00000000e+00, 0.00000000e+00],
       [           nan,            nan,            nan,            nan,
        0.00000000e+00, 0.00000000e+00, 3.32024361e-16, 2.58055998e-17,
        0.00000000e+00, 0.00000000e+00],
       [           nan,            nan,            nan,            nan,
                   nan, 0.00000000e+00, 3.32024361e-16, 2.58055998e-17,
        0.00000000e+00, 0.00000000e+00],
       [           nan,            nan,            nan,            nan,
                   nan,            nan, 3.32024361e-16, 2.58055998e-17,
        0.00000000e+00, 0.00000000e+00],
       [           nan,            nan,            nan,            nan,
                   nan,            nan,            nan, 2.78637379e+00,
        3.47418744e+00, 3.47418744e+00],
       [           nan,            nan,            nan,            nan,
                   nan,            nan,            nan,            nan,
        1.30338323e-01, 1.30338323e-01],
       [           nan,            nan,            nan,            nan,
                   nan,            nan,            nan,            nan,
                   nan, 0.00000000e+00],
       [           nan,            nan,            nan,            nan,
                   nan,            nan,            nan,            nan,
                   nan,            nan]])}, {'S1': array([ 0.        , -0.05502392,  0.        ,  0.        ,  0.        ,
        0.        ,  1.58373206,  0.36602871,  0.        ,  0.        ]), 'S1_conf': array([nan, nan, nan, nan, nan, nan, nan, nan, nan, nan]), 'ST': array([0.        , 0.10526316, 0.        , 0.        , 0.        ,
       0.        , 1.47368421, 0.10526316, 0.        , 0.        ]), 'ST_conf': array([nan, nan, nan, nan, nan, nan, nan, nan, nan, nan]), 'S2': array([[        nan,  0.        ,  0.        ,  0.        ,  0.        ,
         0.        ,  0.        ,  0.        ,  0.        ,  0.        ],
       [        nan,         nan, -0.15550239, -0.15550239, -0.15550239,
        -0.15550239,  0.47607656,  0.05502392, -0.15550239, -0.15550239],
       [        nan,         nan,         nan,  0.        ,  0.        ,
         0.        ,  0.        ,  0.        ,  0.        ,  0.        ],
       [        nan,         nan,         nan,         nan,  0.        ,
         0.        ,  0.        ,  0.        ,  0.        ,  0.        ],
       [        nan,         nan,         nan,         nan,         nan,
         0.        ,  0.        ,  0.        ,  0.        ,  0.        ],
       [        nan,         nan,         nan,         nan,         nan,
                nan,  0.        ,  0.        ,  0.        ,  0.        ],
       [        nan,         nan,         nan,         nan,         nan,
                nan,         nan, -0.37559809,  0.25598086,  0.25598086],
       [        nan,         nan,         nan,         nan,         nan,
                nan,         nan,         nan, -0.36602871, -0.36602871],
       [        nan,         nan,         nan,         nan,         nan,
                nan,         nan,         nan,         nan,  0.        ],
       [        nan,         nan,         nan,         nan,         nan,
                nan,         nan,         nan,         nan,         nan]]), 'S2_conf': array([[nan, nan, nan, nan, nan, nan, nan, nan, nan, nan],
       [nan, nan, nan, nan, nan, nan, nan, nan, nan, nan],
       [nan, nan, nan, nan, nan, nan, nan, nan, nan, nan],
       [nan, nan, nan, nan, nan, nan, nan, nan, nan, nan],
       [nan, nan, nan, nan, nan, nan, nan, nan, nan, nan],
       [nan, nan, nan, nan, nan, nan, nan, nan, nan, nan],
       [nan, nan, nan, nan, nan, nan, nan, nan, nan, nan],
       [nan, nan, nan, nan, nan, nan, nan, nan, nan, nan],
       [nan, nan, nan, nan, nan, nan, nan, nan, nan, nan],
       [nan, nan, nan, nan, nan, nan, nan, nan, nan, nan]])}, {'S1': array([ 0.        , -0.02272727,  0.        ,  0.        ,  0.        ,
        0.        ,  2.52272727,  0.        ,  0.        ,  0.        ]), 'S1_conf': array([0.00000000e+00, 9.27738762e+31, 0.00000000e+00, 0.00000000e+00,
       0.00000000e+00, 0.00000000e+00, 2.05181427e+32, 0.00000000e+00,
       0.00000000e+00, 0.00000000e+00]), 'ST': array([0.  , 0.25, 0.  , 0.  , 0.  , 0.  , 3.75, 0.  , 0.  , 0.  ]), 'ST_conf': array([0.00000000e+00, 1.02051264e+33, 0.00000000e+00, 0.00000000e+00,
       0.00000000e+00, 0.00000000e+00, 2.25699570e+33, 0.00000000e+00,
       0.00000000e+00, 0.00000000e+00]), 'S2': array([[        nan,  0.        ,  0.        ,  0.        ,  0.        ,
         0.        ,  0.        ,  0.        ,  0.        ,  0.        ],
       [        nan,         nan, -0.47727273, -0.47727273, -0.47727273,
        -0.47727273,  1.52272727, -0.47727273, -0.47727273, -0.47727273],
       [        nan,         nan,         nan,  0.        ,  0.        ,
         0.        ,  0.        ,  0.        ,  0.        ,  0.        ],
       [        nan,         nan,         nan,         nan,  0.        ,
         0.        ,  0.        ,  0.        ,  0.        ,  0.        ],
       [        nan,         nan,         nan,         nan,         nan,
         0.        ,  0.        ,  0.        ,  0.        ,  0.        ],
       [        nan,         nan,         nan,         nan,         nan,
                nan,  0.        ,  0.        ,  0.        ,  0.        ],
       [        nan,         nan,         nan,         nan,         nan,
                nan,         nan, -0.54545455, -0.54545455, -0.54545455],
       [        nan,         nan,         nan,         nan,         nan,
                nan,         nan,         nan, -0.02272727, -0.02272727],
       [        nan,         nan,         nan,         nan,         nan,
                nan,         nan,         nan,         nan, -0.52272727],
       [        nan,         nan,         nan,         nan,         nan,
                nan,         nan,         nan,         nan,         nan]]), 'S2_conf': array([[           nan, 0.00000000e+00, 0.00000000e+00, 0.00000000e+00,
        0.00000000e+00, 0.00000000e+00, 4.25825344e+16, 0.00000000e+00,
        0.00000000e+00, 0.00000000e+00],
       [           nan,            nan, 1.85547752e+32, 1.85547752e+32,
        1.85547752e+32, 1.85547752e+32, 2.22657303e+33, 1.85547752e+32,
        1.85547752e+32, 1.85547752e+32],
       [           nan,            nan,            nan, 0.00000000e+00,
        0.00000000e+00, 0.00000000e+00, 4.25825344e+16, 0.00000000e+00,
        0.00000000e+00, 0.00000000e+00],
       [           nan,            nan,            nan,            nan,
        0.00000000e+00, 0.00000000e+00, 4.25825344e+16, 0.00000000e+00,
        0.00000000e+00, 0.00000000e+00],
       [           nan,            nan,            nan,            nan,
                   nan, 0.00000000e+00, 4.25825344e+16, 0.00000000e+00,
        0.00000000e+00, 0.00000000e+00],
       [           nan,            nan,            nan,            nan,
                   nan,            nan, 4.25825344e+16, 0.00000000e+00,
        0.00000000e+00, 0.00000000e+00],
       [           nan,            nan,            nan,            nan,
                   nan,            nan,            nan, 2.90492589e+32,
        2.90492589e+32, 2.90492589e+32],
       [           nan,            nan,            nan,            nan,
                   nan,            nan,            nan,            nan,
        9.27738762e+31, 9.27738762e+31],
       [           nan,            nan,            nan,            nan,
                   nan,            nan,            nan,            nan,
                   nan, 8.45757406e-01],
       [           nan,            nan,            nan,            nan,
                   nan,            nan,            nan,            nan,
                   nan,            nan]])}, {'S1': array([0.        , 0.07878788, 0.        , 0.        , 0.        ,
       0.        , 1.44242424, 0.10909091, 0.        , 0.        ]), 'S1_conf': array([0.        , 0.80214816, 0.        , 0.        , 0.        ,
       0.        , 1.61657902, 0.83337069, 0.        , 0.        ]), 'ST': array([0.        , 0.13333333, 0.        , 0.        , 0.        ,
       0.        , 2.4       , 0.26666667, 0.        , 0.        ]), 'ST_conf': array([0.        , 1.35748149, 0.        , 0.        , 0.        ,
       0.        , 5.11771381, 1.9157171 , 0.        , 0.        ]), 'S2': array([[            nan,  2.77555756e-17,  0.00000000e+00,
         0.00000000e+00,  0.00000000e+00,  0.00000000e+00,
         0.00000000e+00,  0.00000000e+00,  0.00000000e+00,
         0.00000000e+00],
       [            nan,             nan, -6.90909091e-01,
        -6.90909091e-01, -6.90909091e-01, -6.90909091e-01,
         1.17575758e+00, -1.57575758e-01, -6.90909091e-01,
        -6.90909091e-01],
       [            nan,             nan,             nan,
         0.00000000e+00,  0.00000000e+00,  0.00000000e+00,
         0.00000000e+00,  0.00000000e+00,  0.00000000e+00,
         0.00000000e+00],
       [            nan,             nan,             nan,
                    nan,  0.00000000e+00,  0.00000000e+00,
         0.00000000e+00,  0.00000000e+00,  0.00000000e+00,
         0.00000000e+00],
       [            nan,             nan,             nan,
                    nan,             nan,  0.00000000e+00,
         0.00000000e+00,  0.00000000e+00,  0.00000000e+00,
         0.00000000e+00],
       [            nan,             nan,             nan,
                    nan,             nan,             nan,
         0.00000000e+00,  0.00000000e+00,  0.00000000e+00,
         0.00000000e+00],
       [            nan,             nan,             nan,
                    nan,             nan,             nan,
                    nan,  2.36363636e-01,  7.69696970e-01,
         7.69696970e-01],
       [            nan,             nan,             nan,
                    nan,             nan,             nan,
                    nan,             nan, -1.09090909e-01,
        -1.09090909e-01],
       [            nan,             nan,             nan,
                    nan,             nan,             nan,
                    nan,             nan,             nan,
        -7.87878788e-02],
       [            nan,             nan,             nan,
                    nan,             nan,             nan,
                    nan,             nan,             nan,
                    nan]]), 'S2_conf': array([[           nan, 1.10920837e-16, 0.00000000e+00, 0.00000000e+00,
        0.00000000e+00, 0.00000000e+00, 2.65359837e-16, 0.00000000e+00,
        0.00000000e+00, 0.00000000e+00],
       [           nan,            nan, 2.24763519e+00, 2.24763519e+00,
        2.24763519e+00, 2.24763519e+00, 8.30212760e+00, 3.26736828e+00,
        2.24763519e+00, 2.24763519e+00],
       [           nan,            nan,            nan, 0.00000000e+00,
        0.00000000e+00, 0.00000000e+00, 2.65359837e-16, 0.00000000e+00,
        0.00000000e+00, 0.00000000e+00],
       [           nan,            nan,            nan,            nan,
        0.00000000e+00, 0.00000000e+00, 2.65359837e-16, 0.00000000e+00,
        0.00000000e+00, 0.00000000e+00],
       [           nan,            nan,            nan,            nan,
                   nan, 0.00000000e+00, 2.65359837e-16, 0.00000000e+00,
        0.00000000e+00, 0.00000000e+00],
       [           nan,            nan,            nan,            nan,
                   nan,            nan, 2.65359837e-16, 0.00000000e+00,
        0.00000000e+00, 0.00000000e+00],
       [           nan,            nan,            nan,            nan,
                   nan,            nan,            nan, 2.76218200e+00,
        1.94807539e+00, 1.94807539e+00],
       [           nan,            nan,            nan,            nan,
                   nan,            nan,            nan,            nan,
        8.33370687e-01, 8.33370687e-01],
       [           nan,            nan,            nan,            nan,
                   nan,            nan,            nan,            nan,
                   nan, 8.02148156e-01],
       [           nan,            nan,            nan,            nan,
                   nan,            nan,            nan,            nan,
                   nan,            nan]])}, {'S1': array([0.        , 0.        , 0.        , 0.        , 0.        ,
       0.        , 1.47727273, 0.        , 0.        , 0.        ]), 'S1_conf': array([0.        , 0.        , 0.        , 0.        , 0.        ,
       0.        , 1.75745801, 0.        , 0.        , 0.        ]), 'ST': array([0. , 0. , 0. , 0. , 0. , 0. , 2.5, 0. , 0. , 0. ]), 'ST_conf': array([0.       , 0.       , 0.       , 0.       , 0.       , 0.       ,
       3.6087454, 0.       , 0.       , 0.       ]), 'S2': array([[        nan,  0.        ,  0.        ,  0.        ,  0.        ,
         0.        ,  0.        ,  0.        ,  0.        ,  0.        ],
       [        nan,         nan, -0.52272727, -0.52272727, -0.52272727,
        -0.52272727,  1.47727273, -0.52272727, -0.52272727, -0.52272727],
       [        nan,         nan,         nan,  0.        ,  0.        ,
         0.        ,  0.        ,  0.        ,  0.        ,  0.        ],
       [        nan,         nan,         nan,         nan,  0.        ,
         0.        ,  0.        ,  0.        ,  0.        ,  0.        ],
       [        nan,         nan,         nan,         nan,         nan,
         0.        ,  0.        ,  0.        ,  0.        ,  0.        ],
       [        nan,         nan,         nan,         nan,         nan,
                nan,  0.        ,  0.        ,  0.        ,  0.        ],
       [        nan,         nan,         nan,         nan,         nan,
                nan,         nan, -0.47727273, -0.47727273, -0.47727273],
       [        nan,         nan,         nan,         nan,         nan,
                nan,         nan,         nan,  0.        ,  0.        ],
       [        nan,         nan,         nan,         nan,         nan,
                nan,         nan,         nan,         nan,  0.        ],
       [        nan,         nan,         nan,         nan,         nan,
                nan,         nan,         nan,         nan,         nan]]), 'S2_conf': array([[       nan, 0.        , 0.        , 0.        , 0.        ,
        0.        , 0.        , 0.        , 0.        , 0.        ],
       [       nan,        nan, 1.00079027, 1.00079027, 1.00079027,
        1.00079027, 2.82832032, 1.00079027, 1.00079027, 1.00079027],
       [       nan,        nan,        nan, 0.        , 0.        ,
        0.        , 0.        , 0.        , 0.        , 0.        ],
       [       nan,        nan,        nan,        nan, 0.        ,
        0.        , 0.        , 0.        , 0.        , 0.        ],
       [       nan,        nan,        nan,        nan,        nan,
        0.        , 0.        , 0.        , 0.        , 0.        ],
       [       nan,        nan,        nan,        nan,        nan,
               nan, 0.        , 0.        , 0.        , 0.        ],
       [       nan,        nan,        nan,        nan,        nan,
               nan,        nan, 0.80030471, 0.80030471, 0.80030471],
       [       nan,        nan,        nan,        nan,        nan,
               nan,        nan,        nan, 0.        , 0.        ],
       [       nan,        nan,        nan,        nan,        nan,
               nan,        nan,        nan,        nan, 0.        ],
       [       nan,        nan,        nan,        nan,        nan,
               nan,        nan,        nan,        nan,        nan]])}, {'S1': array([ 0.        , -0.71515152,  0.        ,  0.        ,  0.        ,
        0.        ,  0.35151515,  0.35151515,  0.35151515,  0.        ]), 'S1_conf': array([0.        , 1.90976864, 0.        , 0.        , 0.        ,
       0.        , 0.69632634, 0.69632634, 0.69632634, 0.        ]), 'ST': array([0.        , 0.53333333, 0.        , 0.        , 0.        ,
       0.        , 0.53333333, 0.53333333, 0.53333333, 0.        ]), 'ST_conf': array([0.        , 1.42423424, 0.        , 0.        , 0.        ,
       0.        , 1.05649513, 1.05649513, 1.05649513, 0.        ]), 'S2': array([[            nan,  2.22044605e-16,  0.00000000e+00,
         0.00000000e+00,  0.00000000e+00,  0.00000000e+00,
         0.00000000e+00,  0.00000000e+00,  0.00000000e+00,
         0.00000000e+00],
       [            nan,             nan,  1.43030303e+00,
         1.43030303e+00,  1.43030303e+00,  1.43030303e+00,
         1.43030303e+00,  1.43030303e+00,  1.43030303e+00,
         1.43030303e+00],
       [            nan,             nan,             nan,
         0.00000000e+00,  0.00000000e+00,  0.00000000e+00,
         0.00000000e+00,  0.00000000e+00,  0.00000000e+00,
         0.00000000e+00],
       [            nan,             nan,             nan,
                    nan,  0.00000000e+00,  0.00000000e+00,
         0.00000000e+00,  0.00000000e+00,  0.00000000e+00,
         0.00000000e+00],
       [            nan,             nan,             nan,
                    nan,             nan,  0.00000000e+00,
         0.00000000e+00,  0.00000000e+00,  0.00000000e+00,
         0.00000000e+00],
       [            nan,             nan,             nan,
                    nan,             nan,             nan,
         0.00000000e+00,  0.00000000e+00,  0.00000000e+00,
         0.00000000e+00],
       [            nan,             nan,             nan,
                    nan,             nan,             nan,
                    nan, -1.06666667e+00, -1.06666667e+00,
        -1.06666667e+00],
       [            nan,             nan,             nan,
                    nan,             nan,             nan,
                    nan,             nan, -3.51515152e-01,
        -3.51515152e-01],
       [            nan,             nan,             nan,
                    nan,             nan,             nan,
                    nan,             nan,             nan,
        -3.51515152e-01],
       [            nan,             nan,             nan,
                    nan,             nan,             nan,
                    nan,             nan,             nan,
                    nan]]), 'S2_conf': array([[           nan, 4.36647684e-16, 0.00000000e+00, 0.00000000e+00,
        0.00000000e+00, 0.00000000e+00, 0.00000000e+00, 0.00000000e+00,
        0.00000000e+00, 0.00000000e+00],
       [           nan,            nan, 3.81953729e+00, 3.81953729e+00,
        3.81953729e+00, 3.81953729e+00, 3.81953729e+00, 3.81953729e+00,
        3.81953729e+00, 3.81953729e+00],
       [           nan,            nan,            nan, 0.00000000e+00,
        0.00000000e+00, 0.00000000e+00, 0.00000000e+00, 0.00000000e+00,
        0.00000000e+00, 0.00000000e+00],
       [           nan,            nan,            nan,            nan,
        0.00000000e+00, 0.00000000e+00, 0.00000000e+00, 0.00000000e+00,
        0.00000000e+00, 0.00000000e+00],
       [           nan,            nan,            nan,            nan,
                   nan, 0.00000000e+00, 0.00000000e+00, 0.00000000e+00,
        0.00000000e+00, 0.00000000e+00],
       [           nan,            nan,            nan,            nan,
                   nan,            nan, 0.00000000e+00, 0.00000000e+00,
        0.00000000e+00, 0.00000000e+00],
       [           nan,            nan,            nan,            nan,
                   nan,            nan,            nan, 1.88891298e+00,
        1.88891298e+00, 1.88891298e+00],
       [           nan,            nan,            nan,            nan,
                   nan,            nan,            nan,            nan,
        6.96326336e-01, 6.96326336e-01],
       [           nan,            nan,            nan,            nan,
                   nan,            nan,            nan,            nan,
                   nan, 6.96326336e-01],
       [           nan,            nan,            nan,            nan,
                   nan,            nan,            nan,            nan,
                   nan,            nan]])}, {'S1': array([0.       , 0.       , 0.       , 0.       , 0.       , 0.       ,
       0.3030303, 0.       , 0.       , 0.       ]), 'S1_conf': array([0.00000000e+00, 0.00000000e+00, 0.00000000e+00, 0.00000000e+00,
       0.00000000e+00, 0.00000000e+00, 1.31434364e+32, 0.00000000e+00,
       0.00000000e+00, 0.00000000e+00]), 'ST': array([0.        , 0.        , 0.        , 0.        , 0.        ,
       0.        , 0.66666667, 0.        , 0.        , 0.        ]), 'ST_conf': array([0.00000000e+00, 0.00000000e+00, 0.00000000e+00, 0.00000000e+00,
       0.00000000e+00, 0.00000000e+00, 2.89155601e+32, 0.00000000e+00,
       0.00000000e+00, 0.00000000e+00]), 'S2': array([[        nan,  0.        ,  0.        ,  0.        ,  0.        ,
         0.        ,  0.        ,  0.        ,  0.        ,  0.        ],
       [        nan,         nan,  0.3030303 ,  0.3030303 ,  0.3030303 ,
         0.3030303 ,  1.63636364,  0.3030303 ,  0.3030303 ,  0.3030303 ],
       [        nan,         nan,         nan,  0.        ,  0.        ,
         0.        ,  0.        ,  0.        ,  0.        ,  0.        ],
       [        nan,         nan,         nan,         nan,  0.        ,
         0.        ,  0.        ,  0.        ,  0.        ,  0.        ],
       [        nan,         nan,         nan,         nan,         nan,
         0.        ,  0.        ,  0.        ,  0.        ,  0.        ],
       [        nan,         nan,         nan,         nan,         nan,
                nan,  0.        ,  0.        ,  0.        ,  0.        ],
       [        nan,         nan,         nan,         nan,         nan,
                nan,         nan, -0.3030303 , -0.3030303 , -0.3030303 ],
       [        nan,         nan,         nan,         nan,         nan,
                nan,         nan,         nan,  0.        ,  0.        ],
       [        nan,         nan,         nan,         nan,         nan,
                nan,         nan,         nan,         nan,  0.        ],
       [        nan,         nan,         nan,         nan,         nan,
                nan,         nan,         nan,         nan,         nan]]), 'S2_conf': array([[           nan, 0.00000000e+00, 0.00000000e+00, 0.00000000e+00,
        0.00000000e+00, 0.00000000e+00, 0.00000000e+00, 0.00000000e+00,
        0.00000000e+00, 0.00000000e+00],
       [           nan,            nan, 1.31434364e+32, 1.31434364e+32,
        1.31434364e+32, 1.31434364e+32, 7.09745567e+32, 1.31434364e+32,
        1.31434364e+32, 1.31434364e+32],
       [           nan,            nan,            nan, 0.00000000e+00,
        0.00000000e+00, 0.00000000e+00, 0.00000000e+00, 0.00000000e+00,
        0.00000000e+00, 0.00000000e+00],
       [           nan,            nan,            nan,            nan,
        0.00000000e+00, 0.00000000e+00, 0.00000000e+00, 0.00000000e+00,
        0.00000000e+00, 0.00000000e+00],
       [           nan,            nan,            nan,            nan,
                   nan, 0.00000000e+00, 0.00000000e+00, 0.00000000e+00,
        0.00000000e+00, 0.00000000e+00],
       [           nan,            nan,            nan,            nan,
                   nan,            nan, 0.00000000e+00, 0.00000000e+00,
        0.00000000e+00, 0.00000000e+00],
       [           nan,            nan,            nan,            nan,
                   nan,            nan,            nan, 1.31434364e+32,
        1.31434364e+32, 1.31434364e+32],
       [           nan,            nan,            nan,            nan,
                   nan,            nan,            nan,            nan,
        0.00000000e+00, 0.00000000e+00],
       [           nan,            nan,            nan,            nan,
                   nan,            nan,            nan,            nan,
                   nan, 0.00000000e+00],
       [           nan,            nan,            nan,            nan,
                   nan,            nan,            nan,            nan,
                   nan,            nan]])}, {'S1': array([ 0.        , -0.62784091,  0.        ,  0.        ,  0.        ,
        0.        ,  1.88352273,  0.        ,  0.        ,  0.        ]), 'S1_conf': array([0.        , 0.88451996, 0.        , 0.        , 0.        ,
       0.        , 2.65355989, 0.        , 0.        , 0.        ]), 'ST': array([0.   , 0.125, 0.   , 0.   , 0.   , 0.   , 1.125, 0.   , 0.   ,
       0.   ]), 'ST_conf': array([0.        , 0.17610352, 0.        , 0.        , 0.        ,
       0.        , 1.5849317 , 0.        , 0.        , 0.        ]), 'S2': array([[            nan,  0.00000000e+00,  0.00000000e+00,
         0.00000000e+00,  0.00000000e+00,  0.00000000e+00,
        -2.22044605e-16,  0.00000000e+00,  0.00000000e+00,
         0.00000000e+00],
       [            nan,             nan,  7.55681818e-01,
         7.55681818e-01,  7.55681818e-01,  7.55681818e-01,
         1.50568182e+00,  7.55681818e-01,  7.55681818e-01,
         7.55681818e-01],
       [            nan,             nan,             nan,
         0.00000000e+00,  0.00000000e+00,  0.00000000e+00,
        -2.22044605e-16,  0.00000000e+00,  0.00000000e+00,
         0.00000000e+00],
       [            nan,             nan,             nan,
                    nan,  0.00000000e+00,  0.00000000e+00,
        -2.22044605e-16,  0.00000000e+00,  0.00000000e+00,
         0.00000000e+00],
       [            nan,             nan,             nan,
                    nan,             nan,  0.00000000e+00,
        -2.22044605e-16,  0.00000000e+00,  0.00000000e+00,
         0.00000000e+00],
       [            nan,             nan,             nan,
                    nan,             nan,             nan,
        -2.22044605e-16,  0.00000000e+00,  0.00000000e+00,
         0.00000000e+00],
       [            nan,             nan,             nan,
                    nan,             nan,             nan,
                    nan, -2.26704545e+00, -2.26704545e+00,
        -2.26704545e+00],
       [            nan,             nan,             nan,
                    nan,             nan,             nan,
                    nan,             nan, -1.27840909e-01,
        -1.27840909e-01],
       [            nan,             nan,             nan,
                    nan,             nan,             nan,
                    nan,             nan,             nan,
         0.00000000e+00],
       [            nan,             nan,             nan,
                    nan,             nan,             nan,
                    nan,             nan,             nan,
                    nan]]), 'S2_conf': array([[           nan, 0.00000000e+00, 0.00000000e+00, 0.00000000e+00,
        0.00000000e+00, 0.00000000e+00, 4.74806971e-16, 0.00000000e+00,
        0.00000000e+00, 0.00000000e+00],
       [           nan,            nan, 1.06462584e+00, 1.06462584e+00,
        1.06462584e+00, 1.06462584e+00, 2.12124697e+00, 1.06462584e+00,
        1.06462584e+00, 1.06462584e+00],
       [           nan,            nan,            nan, 0.00000000e+00,
        0.00000000e+00, 0.00000000e+00, 4.74806971e-16, 0.00000000e+00,
        0.00000000e+00, 0.00000000e+00],
       [           nan,            nan,            nan,            nan,
        0.00000000e+00, 0.00000000e+00, 4.74806971e-16, 0.00000000e+00,
        0.00000000e+00, 0.00000000e+00],
       [           nan,            nan,            nan,            nan,
                   nan, 0.00000000e+00, 4.74806971e-16, 0.00000000e+00,
        0.00000000e+00, 0.00000000e+00],
       [           nan,            nan,            nan,            nan,
                   nan,            nan, 4.74806971e-16, 0.00000000e+00,
        0.00000000e+00, 0.00000000e+00],
       [           nan,            nan,            nan,            nan,
                   nan,            nan,            nan, 3.19387752e+00,
        3.19387752e+00, 3.19387752e+00],
       [           nan,            nan,            nan,            nan,
                   nan,            nan,            nan,            nan,
        1.80105875e-01, 1.80105875e-01],
       [           nan,            nan,            nan,            nan,
                   nan,            nan,            nan,            nan,
                   nan, 0.00000000e+00],
       [           nan,            nan,            nan,            nan,
                   nan,            nan,            nan,            nan,
                   nan,            nan]])}, {'S1': array([ 0.        , -0.30361871,  0.        ,  0.        ,  0.        ,
       -0.61429832,  0.93556929,  0.        ,  0.        ,  0.        ]), 'S1_conf': array([nan, nan, nan, nan, nan, nan, nan, nan, nan, nan]), 'ST': array([0.        , 0.15533981, 0.        , 0.        , 0.        ,
       0.31067961, 0.38834951, 0.        , 0.        , 0.        ]), 'ST_conf': array([nan, nan, nan, nan, nan, nan, nan, nan, nan, nan]), 'S2': array([[            nan, -5.55111512e-17,  0.00000000e+00,
         0.00000000e+00,  0.00000000e+00,  0.00000000e+00,
         1.11022302e-16,  0.00000000e+00,  0.00000000e+00,
         0.00000000e+00],
       [            nan,             nan,  7.69638129e-01,
         7.69638129e-01,  7.69638129e-01,  4.58958517e-01,
         1.23565755e+00,  7.69638129e-01,  7.69638129e-01,
         7.69638129e-01],
       [            nan,             nan,             nan,
         0.00000000e+00,  0.00000000e+00,  0.00000000e+00,
         1.11022302e-16,  0.00000000e+00,  0.00000000e+00,
         0.00000000e+00],
       [            nan,             nan,             nan,
                    nan,  0.00000000e+00,  0.00000000e+00,
         1.11022302e-16,  0.00000000e+00,  0.00000000e+00,
         0.00000000e+00],
       [            nan,             nan,             nan,
                    nan,             nan,  0.00000000e+00,
         1.11022302e-16,  0.00000000e+00,  0.00000000e+00,
         0.00000000e+00],
       [            nan,             nan,             nan,
                    nan,             nan,             nan,
         1.07678729e+00,  9.21447485e-01,  9.21447485e-01,
         9.21447485e-01],
       [            nan,             nan,             nan,
                    nan,             nan,             nan,
                    nan, -1.70520741e+00, -1.70520741e+00,
        -1.70520741e+00],
       [            nan,             nan,             nan,
                    nan,             nan,             nan,
                    nan,             nan, -3.03618711e-01,
        -3.03618711e-01],
       [            nan,             nan,             nan,
                    nan,             nan,             nan,
                    nan,             nan,             nan,
         1.58870256e-01],
       [            nan,             nan,             nan,
                    nan,             nan,             nan,
                    nan,             nan,             nan,
                    nan]]), 'S2_conf': array([[nan, nan, nan, nan, nan, nan, nan, nan, nan, nan],
       [nan, nan, nan, nan, nan, nan, nan, nan, nan, nan],
       [nan, nan, nan, nan, nan, nan, nan, nan, nan, nan],
       [nan, nan, nan, nan, nan, nan, nan, nan, nan, nan],
       [nan, nan, nan, nan, nan, nan, nan, nan, nan, nan],
       [nan, nan, nan, nan, nan, nan, nan, nan, nan, nan],
       [nan, nan, nan, nan, nan, nan, nan, nan, nan, nan],
       [nan, nan, nan, nan, nan, nan, nan, nan, nan, nan],
       [nan, nan, nan, nan, nan, nan, nan, nan, nan, nan],
       [nan, nan, nan, nan, nan, nan, nan, nan, nan, nan]])}, {'S1': array([0.        , 0.26704545, 0.        , 0.        , 0.        ,
       0.        , 0.15530303, 0.        , 0.        , 0.        ]), 'S1_conf': array([0.        , 0.73406982, 0.        , 0.        , 0.        ,
       0.        , 1.18290714, 0.        , 0.        , 0.        ]), 'ST': array([0.        , 0.41666667, 0.        , 0.        , 0.        ,
       0.        , 0.16666667, 0.        , 0.        , 0.        ]), 'ST_conf': array([0.        , 1.00752056, 0.        , 0.        , 0.        ,
       0.        , 0.62123032, 0.        , 0.        , 0.        ]), 'S2': array([[        nan,  0.        ,  0.        ,  0.        ,  0.        ,
         0.        ,  0.        ,  0.        ,  0.        ,  0.        ],
       [        nan,         nan,  0.13257576,  0.13257576,  0.13257576,
         0.13257576,  0.29924242,  0.13257576,  0.13257576,  0.13257576],
       [        nan,         nan,         nan,  0.        ,  0.        ,
         0.        ,  0.        ,  0.        ,  0.        ,  0.        ],
       [        nan,         nan,         nan,         nan,  0.        ,
         0.        ,  0.        ,  0.        ,  0.        ,  0.        ],
       [        nan,         nan,         nan,         nan,         nan,
         0.        ,  0.        ,  0.        ,  0.        ,  0.        ],
       [        nan,         nan,         nan,         nan,         nan,
                nan,  0.41098485,  0.24431818,  0.24431818,  0.24431818],
       [        nan,         nan,         nan,         nan,         nan,
                nan,         nan, -0.15530303, -0.15530303, -0.15530303],
       [        nan,         nan,         nan,         nan,         nan,
                nan,         nan,         nan,  0.        ,  0.        ],
       [        nan,         nan,         nan,         nan,         nan,
                nan,         nan,         nan,         nan,  0.        ],
       [        nan,         nan,         nan,         nan,         nan,
                nan,         nan,         nan,         nan,         nan]]), 'S2_conf': array([[           nan, 9.83919093e-17, 0.00000000e+00, 0.00000000e+00,
        0.00000000e+00, 0.00000000e+00, 0.00000000e+00, 0.00000000e+00,
        0.00000000e+00, 0.00000000e+00],
       [           nan,            nan, 1.71679173e+00, 1.71679173e+00,
        1.71679173e+00, 1.71679173e+00, 8.97820118e-01, 1.71679173e+00,
        1.71679173e+00, 1.71679173e+00],
       [           nan,            nan,            nan, 0.00000000e+00,
        0.00000000e+00, 0.00000000e+00, 0.00000000e+00, 0.00000000e+00,
        0.00000000e+00, 0.00000000e+00],
       [           nan,            nan,            nan,            nan,
        0.00000000e+00, 0.00000000e+00, 0.00000000e+00, 0.00000000e+00,
        0.00000000e+00, 0.00000000e+00],
       [           nan,            nan,            nan,            nan,
                   nan, 0.00000000e+00, 0.00000000e+00, 0.00000000e+00,
        0.00000000e+00, 0.00000000e+00],
       [           nan,            nan,            nan,            nan,
                   nan,            nan, 1.45357183e+00, 8.64104911e-01,
        8.64104911e-01, 8.64104911e-01],
       [           nan,            nan,            nan,            nan,
                   nan,            nan,            nan, 1.18290714e+00,
        1.18290714e+00, 1.18290714e+00],
       [           nan,            nan,            nan,            nan,
                   nan,            nan,            nan,            nan,
        0.00000000e+00, 0.00000000e+00],
       [           nan,            nan,            nan,            nan,
                   nan,            nan,            nan,            nan,
                   nan, 0.00000000e+00],
       [           nan,            nan,            nan,            nan,
                   nan,            nan,            nan,            nan,
                   nan,            nan]])}, {'S1': array([ 0.        ,  0.        ,  0.        ,  0.        ,  0.        ,
       -0.52272727,  0.47727273,  0.        ,  0.        ,  0.        ]), 'S1_conf': array([0.        , 0.        , 0.        , 0.        , 0.        ,
       1.63313157, 1.40725306, 0.        , 0.        , 0.        ]), 'ST': array([0.  , 0.  , 0.  , 0.  , 0.  , 0.25, 0.25, 0.  , 0.  , 0.  ]), 'ST_conf': array([0.        , 0.        , 0.        , 0.        , 0.        ,
       0.78106293, 0.73713256, 0.        , 0.        , 0.        ]), 'S2': array([[            nan,  0.00000000e+00,  0.00000000e+00,
         0.00000000e+00,  0.00000000e+00,  0.00000000e+00,
        -5.55111512e-17,  0.00000000e+00,  0.00000000e+00,
         0.00000000e+00],
       [            nan,             nan,  4.77272727e-01,
         4.77272727e-01,  4.77272727e-01,  4.77272727e-01,
         9.77272727e-01,  4.77272727e-01,  4.77272727e-01,
         4.77272727e-01],
       [            nan,             nan,             nan,
         0.00000000e+00,  0.00000000e+00,  0.00000000e+00,
        -5.55111512e-17,  0.00000000e+00,  0.00000000e+00,
         0.00000000e+00],
       [            nan,             nan,             nan,
                    nan,  0.00000000e+00,  0.00000000e+00,
        -5.55111512e-17,  0.00000000e+00,  0.00000000e+00,
         0.00000000e+00],
       [            nan,             nan,             nan,
                    nan,             nan,  0.00000000e+00,
        -5.55111512e-17,  0.00000000e+00,  0.00000000e+00,
         0.00000000e+00],
       [            nan,             nan,             nan,
                    nan,             nan,             nan,
         5.22727273e-01,  5.22727273e-01,  5.22727273e-01,
         5.22727273e-01],
       [            nan,             nan,             nan,
                    nan,             nan,             nan,
                    nan, -1.00000000e+00, -1.00000000e+00,
        -1.00000000e+00],
       [            nan,             nan,             nan,
                    nan,             nan,             nan,
                    nan,             nan,  0.00000000e+00,
         0.00000000e+00],
       [            nan,             nan,             nan,
                    nan,             nan,             nan,
                    nan,             nan,             nan,
         0.00000000e+00],
       [            nan,             nan,             nan,
                    nan,             nan,             nan,
                    nan,             nan,             nan,
                    nan]]), 'S2_conf': array([[           nan, 0.00000000e+00, 0.00000000e+00, 0.00000000e+00,
        0.00000000e+00, 0.00000000e+00, 1.45871996e-16, 0.00000000e+00,
        0.00000000e+00, 0.00000000e+00],
       [           nan,            nan, 1.40725306e+00, 1.40725306e+00,
        1.40725306e+00, 1.40725306e+00, 2.88151818e+00, 1.40725306e+00,
        1.40725306e+00, 1.40725306e+00],
       [           nan,            nan,            nan, 0.00000000e+00,
        0.00000000e+00, 0.00000000e+00, 1.45871996e-16, 0.00000000e+00,
        0.00000000e+00, 0.00000000e+00],
       [           nan,            nan,            nan,            nan,
        0.00000000e+00, 0.00000000e+00, 1.45871996e-16, 0.00000000e+00,
        0.00000000e+00, 0.00000000e+00],
       [           nan,            nan,            nan,            nan,
                   nan, 0.00000000e+00, 1.45871996e-16, 0.00000000e+00,
        0.00000000e+00, 0.00000000e+00],
       [           nan,            nan,            nan,            nan,
                   nan,            nan, 1.63313157e+00, 1.63313157e+00,
        1.63313157e+00, 1.63313157e+00],
       [           nan,            nan,            nan,            nan,
                   nan,            nan,            nan, 1.58031684e+00,
        1.58031684e+00, 1.58031684e+00],
       [           nan,            nan,            nan,            nan,
                   nan,            nan,            nan,            nan,
        0.00000000e+00, 0.00000000e+00],
       [           nan,            nan,            nan,            nan,
                   nan,            nan,            nan,            nan,
                   nan, 0.00000000e+00],
       [           nan,            nan,            nan,            nan,
                   nan,            nan,            nan,            nan,
                   nan,            nan]])}, {'S1': array([0.        , 0.06174957, 0.        , 0.        , 0.        ,
       0.        , 0.52601487, 0.26300743, 0.        , 0.        ]), 'S1_conf': array([0.        , 0.86662192, 0.        , 0.        , 0.        ,
       0.        , 1.88487383, 0.94243692, 0.        , 0.        ]), 'ST': array([0.        , 0.05031447, 0.        , 0.        , 0.        ,
       0.        , 0.20125786, 0.05031447, 0.        , 0.        ]), 'ST_conf': array([0.        , 0.70613638, 0.        , 0.        , 0.        ,
       0.        , 0.72116912, 0.18029228, 0.        , 0.        ]), 'S2': array([[            nan, -1.38777878e-17,  0.00000000e+00,
         0.00000000e+00,  0.00000000e+00,  0.00000000e+00,
         0.00000000e+00,  0.00000000e+00,  0.00000000e+00,
         0.00000000e+00],
       [            nan,             nan, -2.28702115e-02,
        -2.28702115e-02, -2.28702115e-02, -2.28702115e-02,
        -2.28702115e-02, -2.28702115e-02, -2.28702115e-02,
        -2.28702115e-02],
       [            nan,             nan,             nan,
         0.00000000e+00,  0.00000000e+00,  0.00000000e+00,
         0.00000000e+00,  0.00000000e+00,  0.00000000e+00,
         0.00000000e+00],
       [            nan,             nan,             nan,
                    nan,  0.00000000e+00,  0.00000000e+00,
         0.00000000e+00,  0.00000000e+00,  0.00000000e+00,
         0.00000000e+00],
       [            nan,             nan,             nan,
                    nan,             nan,  0.00000000e+00,
         0.00000000e+00,  0.00000000e+00,  0.00000000e+00,
         0.00000000e+00],
       [            nan,             nan,             nan,
                    nan,             nan,             nan,
         0.00000000e+00,  0.00000000e+00,  0.00000000e+00,
         0.00000000e+00],
       [            nan,             nan,             nan,
                    nan,             nan,             nan,
                    nan, -1.09090909e+00, -8.89651229e-01,
        -8.89651229e-01],
       [            nan,             nan,             nan,
                    nan,             nan,             nan,
                    nan,             nan, -3.24757004e-01,
        -3.24757004e-01],
       [            nan,             nan,             nan,
                    nan,             nan,             nan,
                    nan,             nan,             nan,
         0.00000000e+00],
       [            nan,             nan,             nan,
                    nan,             nan,             nan,
                    nan,             nan,             nan,
                    nan]]), 'S2_conf': array([[           nan, 2.53851614e-16, 0.00000000e+00, 0.00000000e+00,
        0.00000000e+00, 0.00000000e+00, 0.00000000e+00, 0.00000000e+00,
        0.00000000e+00, 0.00000000e+00],
       [           nan,            nan, 3.20971080e-01, 3.20971080e-01,
        3.20971080e-01, 3.20971080e-01, 3.20971080e-01, 3.20971080e-01,
        3.20971080e-01, 3.20971080e-01],
       [           nan,            nan,            nan, 0.00000000e+00,
        0.00000000e+00, 0.00000000e+00, 0.00000000e+00, 0.00000000e+00,
        0.00000000e+00, 0.00000000e+00],
       [           nan,            nan,            nan,            nan,
        0.00000000e+00, 0.00000000e+00, 0.00000000e+00, 0.00000000e+00,
        0.00000000e+00, 0.00000000e+00],
       [           nan,            nan,            nan,            nan,
                   nan, 0.00000000e+00, 0.00000000e+00, 0.00000000e+00,
        0.00000000e+00, 0.00000000e+00],
       [           nan,            nan,            nan,            nan,
                   nan,            nan, 0.00000000e+00, 0.00000000e+00,
        0.00000000e+00, 0.00000000e+00],
       [           nan,            nan,            nan,            nan,
                   nan,            nan,            nan, 2.73401091e+00,
        2.02992863e+00, 2.02992863e+00],
       [           nan,            nan,            nan,            nan,
                   nan,            nan,            nan,            nan,
        1.16370472e+00, 1.16370472e+00],
       [           nan,            nan,            nan,            nan,
                   nan,            nan,            nan,            nan,
                   nan, 0.00000000e+00],
       [           nan,            nan,            nan,            nan,
                   nan,            nan,            nan,            nan,
                   nan,            nan]])}, {'S1': array([ 0.        , -0.46742424,  0.        ,  0.        ,  0.        ,
        0.        ,  0.33257576,  0.        ,  0.06590909,  0.        ]), 'S1_conf': array([0.        , 0.86178364, 0.        , 0.        , 0.        ,
       0.        , 0.71718733, 0.        , 0.41814694, 0.        ]), 'ST': array([0.        , 0.16666667, 0.        , 0.        , 0.        ,
       0.        , 0.16666667, 0.        , 0.03333333, 0.        ]), 'ST_conf': array([0.        , 0.35865845, 0.        , 0.        , 0.        ,
       0.        , 0.81288717, 0.        , 0.21147661, 0.        ]), 'S2': array([[            nan, -5.55111512e-17,  0.00000000e+00,
         0.00000000e+00,  0.00000000e+00,  0.00000000e+00,
        -5.55111512e-17,  0.00000000e+00,  0.00000000e+00,
         0.00000000e+00],
       [            nan,             nan,  6.68181818e-01,
         6.68181818e-01,  6.68181818e-01,  6.68181818e-01,
         7.34848485e-01,  6.68181818e-01,  6.68181818e-01,
         6.68181818e-01],
       [            nan,             nan,             nan,
         0.00000000e+00,  0.00000000e+00,  0.00000000e+00,
        -5.55111512e-17,  0.00000000e+00,  0.00000000e+00,
         0.00000000e+00],
       [            nan,             nan,             nan,
                    nan,  0.00000000e+00,  0.00000000e+00,
        -5.55111512e-17,  0.00000000e+00,  0.00000000e+00,
         0.00000000e+00],
       [            nan,             nan,             nan,
                    nan,             nan,  0.00000000e+00,
        -5.55111512e-17,  0.00000000e+00,  0.00000000e+00,
         0.00000000e+00],
       [            nan,             nan,             nan,
                    nan,             nan,             nan,
        -5.55111512e-17,  0.00000000e+00,  0.00000000e+00,
         0.00000000e+00],
       [            nan,             nan,             nan,
                    nan,             nan,             nan,
                    nan, -6.65151515e-01, -7.98484848e-01,
        -6.65151515e-01],
       [            nan,             nan,             nan,
                    nan,             nan,             nan,
                    nan,             nan,  0.00000000e+00,
         0.00000000e+00],
       [            nan,             nan,             nan,
                    nan,             nan,             nan,
                    nan,             nan,             nan,
        -6.59090909e-02],
       [            nan,             nan,             nan,
                    nan,             nan,             nan,
                    nan,             nan,             nan,
                    nan]]), 'S2_conf': array([[           nan, 1.10970682e-16, 0.00000000e+00, 0.00000000e+00,
        0.00000000e+00, 0.00000000e+00, 3.15204417e-16, 0.00000000e+00,
        0.00000000e+00, 0.00000000e+00],
       [           nan,            nan, 1.17324858e+00, 1.17324858e+00,
        1.17324858e+00, 1.17324858e+00, 1.28905712e+00, 1.17324858e+00,
        1.17324858e+00, 1.17324858e+00],
       [           nan,            nan,            nan, 0.00000000e+00,
        0.00000000e+00, 0.00000000e+00, 3.15204417e-16, 0.00000000e+00,
        0.00000000e+00, 0.00000000e+00],
       [           nan,            nan,            nan,            nan,
        0.00000000e+00, 0.00000000e+00, 3.15204417e-16, 0.00000000e+00,
        0.00000000e+00, 0.00000000e+00],
       [           nan,            nan,            nan,            nan,
                   nan, 0.00000000e+00, 3.15204417e-16, 0.00000000e+00,
        0.00000000e+00, 0.00000000e+00],
       [           nan,            nan,            nan,            nan,
                   nan,            nan, 3.15204417e-16, 0.00000000e+00,
        0.00000000e+00, 0.00000000e+00],
       [           nan,            nan,            nan,            nan,
                   nan,            nan,            nan, 1.17711898e+00,
        1.29793764e+00, 1.17711898e+00],
       [           nan,            nan,            nan,            nan,
                   nan,            nan,            nan,            nan,
        0.00000000e+00, 0.00000000e+00],
       [           nan,            nan,            nan,            nan,
                   nan,            nan,            nan,            nan,
                   nan, 4.18146942e-01],
       [           nan,            nan,            nan,            nan,
                   nan,            nan,            nan,            nan,
                   nan,            nan]])}, {'S1': array([ 0.        , -0.05974026,  0.        ,  0.        ,  0.        ,
       -0.2012987 ,  0.54415584,  0.08701299,  0.08701299,  0.        ]), 'S1_conf': array([0.        , 0.80571059, 0.        , 0.        , 0.        ,
       1.11711626, 1.14796855, 0.86683661, 0.86683661, 0.        ]), 'ST': array([0.        , 0.11428571, 0.        , 0.        , 0.        ,
       0.05714286, 0.17142857, 0.05714286, 0.05714286, 0.        ]), 'ST_conf': array([0.        , 0.89915653, 0.        , 0.        , 0.        ,
       0.31711687, 0.58976294, 0.56926583, 0.56926583, 0.        ]), 'S2': array([[            nan,  0.00000000e+00,  0.00000000e+00,
         0.00000000e+00,  0.00000000e+00, -2.77555756e-17,
        -1.11022302e-16,  0.00000000e+00,  0.00000000e+00,
         0.00000000e+00],
       [            nan,             nan,  4.02597403e-01,
         4.02597403e-01,  4.02597403e-01,  4.02597403e-01,
         5.16883117e-01,  4.02597403e-01,  4.02597403e-01,
         4.02597403e-01],
       [            nan,             nan,             nan,
         0.00000000e+00,  0.00000000e+00, -2.77555756e-17,
        -1.11022302e-16,  0.00000000e+00,  0.00000000e+00,
         0.00000000e+00],
       [            nan,             nan,             nan,
                    nan,  0.00000000e+00, -2.77555756e-17,
        -1.11022302e-16,  0.00000000e+00,  0.00000000e+00,
         0.00000000e+00],
       [            nan,             nan,             nan,
                    nan,             nan, -2.77555756e-17,
        -1.11022302e-16,  0.00000000e+00,  0.00000000e+00,
         0.00000000e+00],
       [            nan,             nan,             nan,
                    nan,             nan,             nan,
         5.16883117e-01,  4.02597403e-01,  4.02597403e-01,
         4.02597403e-01],
       [            nan,             nan,             nan,
                    nan,             nan,             nan,
                    nan, -8.32467532e-01, -8.32467532e-01,
        -7.18181818e-01],
       [            nan,             nan,             nan,
                    nan,             nan,             nan,
                    nan,             nan, -8.70129870e-02,
        -8.70129870e-02],
       [            nan,             nan,             nan,
                    nan,             nan,             nan,
                    nan,             nan,             nan,
        -8.70129870e-02],
       [            nan,             nan,             nan,
                    nan,             nan,             nan,
                    nan,             nan,             nan,
                    nan]]), 'S2_conf': array([[           nan, 0.00000000e+00, 0.00000000e+00, 0.00000000e+00,
        0.00000000e+00, 1.86132603e-16, 3.11371107e-16, 0.00000000e+00,
        0.00000000e+00, 0.00000000e+00],
       [           nan,            nan, 1.09107109e+00, 1.09107109e+00,
        1.09107109e+00, 1.09107109e+00, 1.14928119e+00, 1.09107109e+00,
        1.09107109e+00, 1.09107109e+00],
       [           nan,            nan,            nan, 0.00000000e+00,
        0.00000000e+00, 1.86132603e-16, 3.11371107e-16, 0.00000000e+00,
        0.00000000e+00, 0.00000000e+00],
       [           nan,            nan,            nan,            nan,
        0.00000000e+00, 1.86132603e-16, 3.11371107e-16, 0.00000000e+00,
        0.00000000e+00, 0.00000000e+00],
       [           nan,            nan,            nan,            nan,
                   nan, 1.86132603e-16, 3.11371107e-16, 0.00000000e+00,
        0.00000000e+00, 0.00000000e+00],
       [           nan,            nan,            nan,            nan,
                   nan,            nan, 2.86846626e+00, 2.23423251e+00,
        2.23423251e+00, 2.23423251e+00],
       [           nan,            nan,            nan,            nan,
                   nan,            nan,            nan, 2.50554090e+00,
        2.50554090e+00, 2.02207627e+00],
       [           nan,            nan,            nan,            nan,
                   nan,            nan,            nan,            nan,
        8.66836607e-01, 8.66836607e-01],
       [           nan,            nan,            nan,            nan,
                   nan,            nan,            nan,            nan,
                   nan, 8.66836607e-01],
       [           nan,            nan,            nan,            nan,
                   nan,            nan,            nan,            nan,
                   nan,            nan]])}, {'S1': array([0.        , 0.63030303, 0.        , 0.        , 0.        ,
       0.        , 0.63030303, 0.        , 0.        , 0.        ]), 'S1_conf': array([nan, nan, nan, nan, nan, nan, nan, nan, nan, nan]), 'ST': array([0.        , 0.53333333, 0.        , 0.        , 0.        ,
       0.        , 0.53333333, 0.        , 0.        , 0.        ]), 'ST_conf': array([nan, nan, nan, nan, nan, nan, nan, nan, nan, nan]), 'S2': array([[            nan, -1.11022302e-16,  0.00000000e+00,
         0.00000000e+00,  0.00000000e+00,  0.00000000e+00,
         0.00000000e+00,  0.00000000e+00,  0.00000000e+00,
         0.00000000e+00],
       [            nan,             nan,  4.36363636e-01,
         4.36363636e-01,  4.36363636e-01,  4.36363636e-01,
         1.50303030e+00,  4.36363636e-01,  4.36363636e-01,
         4.36363636e-01],
       [            nan,             nan,             nan,
         0.00000000e+00,  0.00000000e+00,  0.00000000e+00,
         0.00000000e+00,  0.00000000e+00,  0.00000000e+00,
         0.00000000e+00],
       [            nan,             nan,             nan,
                    nan,  0.00000000e+00,  0.00000000e+00,
         0.00000000e+00,  0.00000000e+00,  0.00000000e+00,
         0.00000000e+00],
       [            nan,             nan,             nan,
                    nan,             nan,  0.00000000e+00,
         0.00000000e+00,  0.00000000e+00,  0.00000000e+00,
         0.00000000e+00],
       [            nan,             nan,             nan,
                    nan,             nan,             nan,
         0.00000000e+00,  0.00000000e+00,  0.00000000e+00,
         0.00000000e+00],
       [            nan,             nan,             nan,
                    nan,             nan,             nan,
                    nan, -6.30303030e-01, -6.30303030e-01,
        -6.30303030e-01],
       [            nan,             nan,             nan,
                    nan,             nan,             nan,
                    nan,             nan,  0.00000000e+00,
         0.00000000e+00],
       [            nan,             nan,             nan,
                    nan,             nan,             nan,
                    nan,             nan,             nan,
         6.30303030e-01],
       [            nan,             nan,             nan,
                    nan,             nan,             nan,
                    nan,             nan,             nan,
                    nan]]), 'S2_conf': array([[nan, nan, nan, nan, nan, nan, nan, nan, nan, nan],
       [nan, nan, nan, nan, nan, nan, nan, nan, nan, nan],
       [nan, nan, nan, nan, nan, nan, nan, nan, nan, nan],
       [nan, nan, nan, nan, nan, nan, nan, nan, nan, nan],
       [nan, nan, nan, nan, nan, nan, nan, nan, nan, nan],
       [nan, nan, nan, nan, nan, nan, nan, nan, nan, nan],
       [nan, nan, nan, nan, nan, nan, nan, nan, nan, nan],
       [nan, nan, nan, nan, nan, nan, nan, nan, nan, nan],
       [nan, nan, nan, nan, nan, nan, nan, nan, nan, nan],
       [nan, nan, nan, nan, nan, nan, nan, nan, nan, nan]])}, {'S1': array([ 0. , -0.4,  0. ,  0. ,  0. ,  0. ,  0.4,  0. ,  0.4,  0. ]), 'S1_conf': array([nan, nan, nan, nan, nan, nan, nan, nan, nan, nan]), 'ST': array([0.        , 0.53333333, 0.        , 0.        , 0.        ,
       0.        , 0.53333333, 0.        , 0.53333333, 0.        ]), 'ST_conf': array([nan, nan, nan, nan, nan, nan, nan, nan, nan, nan]), 'S2': array([[ nan,  0. ,  0. ,  0. ,  0. ,  0. ,  0. ,  0. ,  0. ,  0. ],
       [ nan,  nan,  0.4,  0.4,  0.4,  0.4,  0.4,  0.4,  0.4,  0.4],
       [ nan,  nan,  nan,  0. ,  0. ,  0. ,  0. ,  0. ,  0. ,  0. ],
       [ nan,  nan,  nan,  nan,  0. ,  0. ,  0. ,  0. ,  0. ,  0. ],
       [ nan,  nan,  nan,  nan,  nan,  0. ,  0. ,  0. ,  0. ,  0. ],
       [ nan,  nan,  nan,  nan,  nan,  nan,  0. ,  0. ,  0. ,  0. ],
       [ nan,  nan,  nan,  nan,  nan,  nan,  nan, -0.8, -0.8, -0.8],
       [ nan,  nan,  nan,  nan,  nan,  nan,  nan,  nan,  0. ,  0. ],
       [ nan,  nan,  nan,  nan,  nan,  nan,  nan,  nan,  nan, -0.4],
       [ nan,  nan,  nan,  nan,  nan,  nan,  nan,  nan,  nan,  nan]]), 'S2_conf': array([[nan, nan, nan, nan, nan, nan, nan, nan, nan, nan],
       [nan, nan, nan, nan, nan, nan, nan, nan, nan, nan],
       [nan, nan, nan, nan, nan, nan, nan, nan, nan, nan],
       [nan, nan, nan, nan, nan, nan, nan, nan, nan, nan],
       [nan, nan, nan, nan, nan, nan, nan, nan, nan, nan],
       [nan, nan, nan, nan, nan, nan, nan, nan, nan, nan],
       [nan, nan, nan, nan, nan, nan, nan, nan, nan, nan],
       [nan, nan, nan, nan, nan, nan, nan, nan, nan, nan],
       [nan, nan, nan, nan, nan, nan, nan, nan, nan, nan],
       [nan, nan, nan, nan, nan, nan, nan, nan, nan, nan]])}, {'S1': array([ 0.       ,  0.1492823,  0.       ,  0.       ,  0.1492823,
       -0.0937799,  0.0937799,  0.0937799, -0.2430622,  0.       ]), 'S1_conf': array([0.        , 2.07381814, 0.        , 0.        , 0.78734952,
       0.55916109, 0.41997879, 0.41997879, 1.52262912, 0.        ]), 'ST': array([0.        , 1.17894737, 0.        , 0.        , 0.16842105,
       0.08421053, 0.08421053, 0.08421053, 0.58947368, 0.        ]), 'ST_conf': array([0.        , 0.95699905, 0.        , 0.        , 0.46768244,
       0.50210383, 0.37712381, 0.37712381, 0.82635042, 0.        ]), 'S2': array([[            nan,  0.00000000e+00,  0.00000000e+00,
         0.00000000e+00, -2.77555756e-17, -2.77555756e-17,
         0.00000000e+00,  0.00000000e+00,  0.00000000e+00,
         0.00000000e+00],
       [            nan,             nan,  5.62679426e-01,
         5.62679426e-01,  5.74162679e-02,  5.62679426e-01,
         7.31100478e-01,  7.31100478e-01,  2.25837321e-01,
         5.62679426e-01],
       [            nan,             nan,             nan,
         0.00000000e+00, -2.77555756e-17, -2.77555756e-17,
         0.00000000e+00,  0.00000000e+00,  0.00000000e+00,
         0.00000000e+00],
       [            nan,             nan,             nan,
                    nan, -2.77555756e-17, -2.77555756e-17,
         0.00000000e+00,  0.00000000e+00,  0.00000000e+00,
         0.00000000e+00],
       [            nan,             nan,             nan,
                    nan,             nan, -1.49282297e-01,
        -1.49282297e-01, -1.49282297e-01, -1.49282297e-01,
        -1.49282297e-01],
       [            nan,             nan,             nan,
                    nan,             nan,             nan,
         3.55980861e-01,  3.55980861e-01,  1.87559809e-01,
         3.55980861e-01],
       [            nan,             nan,             nan,
                    nan,             nan,             nan,
                    nan, -5.79904306e-01,  9.37799043e-02,
        -5.79904306e-01],
       [            nan,             nan,             nan,
                    nan,             nan,             nan,
                    nan,             nan, -9.37799043e-02,
        -9.37799043e-02],
       [            nan,             nan,             nan,
                    nan,             nan,             nan,
                    nan,             nan,             nan,
         5.05263158e-01],
       [            nan,             nan,             nan,
                    nan,             nan,             nan,
                    nan,             nan,             nan,
                    nan]]), 'S2_conf': array([[           nan, 1.70472564e-16, 0.00000000e+00, 0.00000000e+00,
        1.53801806e-16, 1.52720355e-16, 0.00000000e+00, 0.00000000e+00,
        1.47320459e-16, 0.00000000e+00],
       [           nan,            nan, 1.23992008e+00, 1.23992008e+00,
        1.72714383e+00, 1.23992008e+00, 1.17740859e+00, 1.17740859e+00,
        1.75847911e+00, 1.23992008e+00],
       [           nan,            nan,            nan, 0.00000000e+00,
        1.53801806e-16, 1.52720355e-16, 0.00000000e+00, 0.00000000e+00,
        1.47320459e-16, 0.00000000e+00],
       [           nan,            nan,            nan,            nan,
        1.53801806e-16, 1.52720355e-16, 0.00000000e+00, 0.00000000e+00,
        1.47320459e-16, 0.00000000e+00],
       [           nan,            nan,            nan,            nan,
                   nan, 7.87349523e-01, 7.87349523e-01, 7.87349523e-01,
        7.87349523e-01, 7.87349523e-01],
       [           nan,            nan,            nan,            nan,
                   nan,            nan, 2.12252984e+00, 2.12252984e+00,
        1.11832218e+00, 2.12252984e+00],
       [           nan,            nan,            nan,            nan,
                   nan,            nan,            nan, 1.25170034e+00,
        6.77225878e-01, 1.25170034e+00],
       [           nan,            nan,            nan,            nan,
                   nan,            nan,            nan,            nan,
        4.19978793e-01, 4.19978793e-01],
       [           nan,            nan,            nan,            nan,
                   nan,            nan,            nan,            nan,
                   nan, 1.30007159e+00],
       [           nan,            nan,            nan,            nan,
                   nan,            nan,            nan,            nan,
                   nan,            nan]])}, {'S1': array([ nan,  nan,  nan,  nan,  nan,  nan, -inf,  nan,  nan,  nan]), 'S1_conf': array([nan, nan, nan, nan, nan, nan, nan, nan, nan, nan]), 'ST': array([nan, nan, nan, nan, nan, nan, inf, nan, nan, nan]), 'ST_conf': array([nan, nan, nan, nan, nan, nan, nan, nan, nan, nan]), 'S2': array([[nan, nan, nan, nan, nan, nan, nan, nan, nan, nan],
       [nan, nan, nan, nan, nan, nan, nan, nan, nan, nan],
       [nan, nan, nan, nan, nan, nan, nan, nan, nan, nan],
       [nan, nan, nan, nan, nan, nan, nan, nan, nan, nan],
       [nan, nan, nan, nan, nan, nan, nan, nan, nan, nan],
       [nan, nan, nan, nan, nan, nan, nan, nan, nan, nan],
       [nan, nan, nan, nan, nan, nan, nan, nan, nan, nan],
       [nan, nan, nan, nan, nan, nan, nan, nan, nan, nan],
       [nan, nan, nan, nan, nan, nan, nan, nan, nan, nan],
       [nan, nan, nan, nan, nan, nan, nan, nan, nan, nan]]), 'S2_conf': array([[nan, nan, nan, nan, nan, nan, nan, nan, nan, nan],
       [nan, nan, nan, nan, nan, nan, nan, nan, nan, nan],
       [nan, nan, nan, nan, nan, nan, nan, nan, nan, nan],
       [nan, nan, nan, nan, nan, nan, nan, nan, nan, nan],
       [nan, nan, nan, nan, nan, nan, nan, nan, nan, nan],
       [nan, nan, nan, nan, nan, nan, nan, nan, nan, nan],
       [nan, nan, nan, nan, nan, nan, nan, nan, nan, nan],
       [nan, nan, nan, nan, nan, nan, nan, nan, nan, nan],
       [nan, nan, nan, nan, nan, nan, nan, nan, nan, nan],
       [nan, nan, nan, nan, nan, nan, nan, nan, nan, nan]])}, {'S1': array([ 0.        , -0.23553719,  0.        ,  0.        ,  0.        ,
       -0.23553719,  0.96280992,  0.23553719, -0.98347107,  0.        ]), 'S1_conf': array([0.        , 3.58833452, 0.        , 0.        , 0.        ,
       1.56126051, 2.2437827 , 1.06353957, 2.69146158, 0.        ]), 'ST': array([0.        , 1.63636364, 0.        , 0.        , 0.        ,
       0.18181818, 0.54545455, 0.18181818, 1.09090909, 0.        ]), 'ST_conf': array([0.        , 1.60189622, 0.        , 0.        , 0.        ,
       1.20518355, 1.67565437, 0.82097792, 2.12202677, 0.        ]), 'S2': array([[            nan, -1.38777878e-16,  0.00000000e+00,
         0.00000000e+00,  0.00000000e+00, -2.77555756e-17,
         0.00000000e+00,  2.77555756e-17, -1.11022302e-16,
         0.00000000e+00],
       [            nan,             nan,  1.07024793e+00,
         1.07024793e+00,  1.07024793e+00,  7.06611570e-01,
         1.79752066e+00,  1.07024793e+00, -2.06611570e-02,
         1.07024793e+00],
       [            nan,             nan,             nan,
         0.00000000e+00,  0.00000000e+00, -2.77555756e-17,
         0.00000000e+00,  2.77555756e-17, -1.11022302e-16,
         0.00000000e+00],
       [            nan,             nan,             nan,
                    nan,  0.00000000e+00, -2.77555756e-17,
         0.00000000e+00,  2.77555756e-17, -1.11022302e-16,
         0.00000000e+00],
       [            nan,             nan,             nan,
                    nan,             nan, -2.77555756e-17,
         0.00000000e+00,  2.77555756e-17, -1.11022302e-16,
         0.00000000e+00],
       [            nan,             nan,             nan,
                    nan,             nan,             nan,
         8.34710744e-01,  4.71074380e-01,  1.07438017e-01,
         4.71074380e-01],
       [            nan,             nan,             nan,
                    nan,             nan,             nan,
                    nan, -1.58264463e+00,  9.62809917e-01,
        -1.58264463e+00],
       [            nan,             nan,             nan,
                    nan,             nan,             nan,
                    nan,             nan,  4.91735537e-01,
        -5.99173554e-01],
       [            nan,             nan,             nan,
                    nan,             nan,             nan,
                    nan,             nan,             nan,
         1.21900826e+00],
       [            nan,             nan,             nan,
                    nan,             nan,             nan,
                    nan,             nan,             nan,
                    nan]]), 'S2_conf': array([[           nan, 5.14191783e-16, 0.00000000e+00, 0.00000000e+00,
        0.00000000e+00, 3.27158365e-16, 2.92122341e-16, 2.35034554e-16,
        5.49249099e-16, 0.00000000e+00],
       [           nan,            nan, 4.09611530e+00, 4.09611530e+00,
        4.09611530e+00, 3.09405653e+00, 6.27091088e+00, 4.09611530e+00,
        1.60993444e+00, 4.09611530e+00],
       [           nan,            nan,            nan, 0.00000000e+00,
        0.00000000e+00, 3.27158365e-16, 2.92122341e-16, 2.35034554e-16,
        5.49249099e-16, 0.00000000e+00],
       [           nan,            nan,            nan,            nan,
        0.00000000e+00, 3.27158365e-16, 2.92122341e-16, 2.35034554e-16,
        5.49249099e-16, 0.00000000e+00],
       [           nan,            nan,            nan,            nan,
                   nan, 3.27158365e-16, 2.92122341e-16, 2.35034554e-16,
        5.49249099e-16, 0.00000000e+00],
       [           nan,            nan,            nan,            nan,
                   nan,            nan, 5.53288813e+00, 3.12252102e+00,
        7.12153918e-01, 3.12252102e+00],
       [           nan,            nan,            nan,            nan,
                   nan,            nan,            nan, 3.76566143e+00,
        3.95232568e+00, 3.76566143e+00],
       [           nan,            nan,            nan,            nan,
                   nan,            nan,            nan,            nan,
        1.82085918e+00, 2.19474219e+00],
       [           nan,            nan,            nan,            nan,
                   nan,            nan,            nan,            nan,
                   nan, 3.32645378e+00],
       [           nan,            nan,            nan,            nan,
                   nan,            nan,            nan,            nan,
                   nan,            nan]])}, {'S1': array([ 0.        ,  2.28571429,  0.        ,  0.        ,  0.        ,
        0.        , -0.20779221,  0.        ,  0.        ,  0.        ]), 'S1_conf': array([0.00000000e+00, 2.45055074e+32, 0.00000000e+00, 0.00000000e+00,
       0.00000000e+00, 0.00000000e+00, 2.45055074e+32, 0.00000000e+00,
       0.00000000e+00, 0.00000000e+00]), 'ST': array([0.        , 2.28571429, 0.        , 0.        , 0.        ,
       0.        , 1.14285714, 0.        , 0.        , 0.        ]), 'ST_conf': array([0.00000000e+00, 1.34780291e+33, 0.00000000e+00, 0.00000000e+00,
       0.00000000e+00, 0.00000000e+00, 1.34780291e+33, 0.00000000e+00,
       0.00000000e+00, 0.00000000e+00]), 'S2': array([[        nan,  0.        ,  0.        ,  0.        ,  0.        ,
         0.        ,  0.        ,  0.        ,  0.        ,  0.        ],
       [        nan,         nan, -1.87012987, -1.87012987, -1.87012987,
        -1.87012987,  0.41558442, -1.87012987, -1.87012987, -1.87012987],
       [        nan,         nan,         nan,  0.        ,  0.        ,
         0.        ,  0.        ,  0.        ,  0.        ,  0.        ],
       [        nan,         nan,         nan,         nan,  0.        ,
         0.        ,  0.        ,  0.        ,  0.        ,  0.        ],
       [        nan,         nan,         nan,         nan,         nan,
         0.20779221,  0.20779221,  0.20779221,  0.20779221,  0.20779221],
       [        nan,         nan,         nan,         nan,         nan,
                nan,  0.        ,  0.        ,  0.        ,  0.        ],
       [        nan,         nan,         nan,         nan,         nan,
                nan,         nan,  0.20779221,  0.20779221,  0.20779221],
       [        nan,         nan,         nan,         nan,         nan,
                nan,         nan,         nan,  0.        ,  0.        ],
       [        nan,         nan,         nan,         nan,         nan,
                nan,         nan,         nan,         nan,  0.20779221],
       [        nan,         nan,         nan,         nan,         nan,
                nan,         nan,         nan,         nan,         nan]]), 'S2_conf': array([[           nan, 0.00000000e+00, 0.00000000e+00, 0.00000000e+00,
        0.00000000e+00, 0.00000000e+00, 0.00000000e+00, 0.00000000e+00,
        0.00000000e+00, 0.00000000e+00],
       [           nan,            nan, 5.71202251e+32, 5.71202251e+32,
        5.71202251e+32, 5.71202251e+32, 2.50506799e+33, 5.71202251e+32,
        5.71202251e+32, 5.71202251e+32],
       [           nan,            nan,            nan, 0.00000000e+00,
        0.00000000e+00, 0.00000000e+00, 0.00000000e+00, 0.00000000e+00,
        0.00000000e+00, 0.00000000e+00],
       [           nan,            nan,            nan,            nan,
        0.00000000e+00, 0.00000000e+00, 0.00000000e+00, 0.00000000e+00,
        0.00000000e+00, 0.00000000e+00],
       [           nan,            nan,            nan,            nan,
                   nan, 2.13427217e-01, 2.13427217e-01, 2.13427217e-01,
        2.13427217e-01, 2.13427217e-01],
       [           nan,            nan,            nan,            nan,
                   nan,            nan, 0.00000000e+00, 0.00000000e+00,
        0.00000000e+00, 0.00000000e+00],
       [           nan,            nan,            nan,            nan,
                   nan,            nan,            nan, 2.45055074e+32,
        2.45055074e+32, 2.45055074e+32],
       [           nan,            nan,            nan,            nan,
                   nan,            nan,            nan,            nan,
        0.00000000e+00, 0.00000000e+00],
       [           nan,            nan,            nan,            nan,
                   nan,            nan,            nan,            nan,
                   nan, 2.13427217e-01],
       [           nan,            nan,            nan,            nan,
                   nan,            nan,            nan,            nan,
                   nan,            nan]])}, {'S1': array([nan, nan, nan, nan, nan, nan, nan, nan, nan, nan]), 'S1_conf': array([0., 0., 0., 0., 0., 0., 0., 0., 0., 0.]), 'ST': array([nan, nan, nan, nan, nan, nan, nan, nan, nan, nan]), 'ST_conf': array([0., 0., 0., 0., 0., 0., 0., 0., 0., 0.]), 'S2': array([[nan, nan, nan, nan, nan, nan, nan, nan, nan, nan],
       [nan, nan, nan, nan, nan, nan, nan, nan, nan, nan],
       [nan, nan, nan, nan, nan, nan, nan, nan, nan, nan],
       [nan, nan, nan, nan, nan, nan, nan, nan, nan, nan],
       [nan, nan, nan, nan, nan, nan, nan, nan, nan, nan],
       [nan, nan, nan, nan, nan, nan, nan, nan, nan, nan],
       [nan, nan, nan, nan, nan, nan, nan, nan, nan, nan],
       [nan, nan, nan, nan, nan, nan, nan, nan, nan, nan],
       [nan, nan, nan, nan, nan, nan, nan, nan, nan, nan],
       [nan, nan, nan, nan, nan, nan, nan, nan, nan, nan]]), 'S2_conf': array([[           nan, 0.00000000e+00, 0.00000000e+00, 0.00000000e+00,
        0.00000000e+00, 0.00000000e+00, 0.00000000e+00, 0.00000000e+00,
        0.00000000e+00, 0.00000000e+00],
       [           nan,            nan, 2.26821826e+33, 2.26821826e+33,
        2.26821826e+33, 2.26821826e+33, 2.26821826e+33, 2.26821826e+33,
        2.26821826e+33, 2.26821826e+33],
       [           nan,            nan,            nan, 0.00000000e+00,
        0.00000000e+00, 0.00000000e+00, 0.00000000e+00, 0.00000000e+00,
        0.00000000e+00, 0.00000000e+00],
       [           nan,            nan,            nan,            nan,
        0.00000000e+00, 0.00000000e+00, 0.00000000e+00, 0.00000000e+00,
        0.00000000e+00, 0.00000000e+00],
       [           nan,            nan,            nan,            nan,
                   nan, 0.00000000e+00, 0.00000000e+00, 0.00000000e+00,
        0.00000000e+00, 0.00000000e+00],
       [           nan,            nan,            nan,            nan,
                   nan,            nan, 0.00000000e+00, 0.00000000e+00,
        0.00000000e+00, 0.00000000e+00],
       [           nan,            nan,            nan,            nan,
                   nan,            nan,            nan, 0.00000000e+00,
        0.00000000e+00, 0.00000000e+00],
       [           nan,            nan,            nan,            nan,
                   nan,            nan,            nan,            nan,
        0.00000000e+00, 0.00000000e+00],
       [           nan,            nan,            nan,            nan,
                   nan,            nan,            nan,            nan,
                   nan, 0.00000000e+00],
       [           nan,            nan,            nan,            nan,
                   nan,            nan,            nan,            nan,
                   nan,            nan]])}, {'S1': array([0.        , 0.08745685, 0.52013809, 0.        , 0.        ,
       0.26006904, 1.62025316, 0.52013809, 0.52013809, 0.        ]), 'S1_conf': array([0.        , 1.04598943, 1.04273695, 0.        , 0.        ,
       0.52136847, 1.76745484, 1.04273695, 1.04273695, 0.        ]), 'ST': array([0.        , 1.01265823, 0.40506329, 0.        , 0.        ,
       0.10126582, 2.43037975, 0.40506329, 0.40506329, 0.        ]), 'ST_conf': array([0.        , 1.45953911, 0.81204293, 0.        , 0.        ,
       0.20301073, 1.91977938, 0.81204293, 0.81204293, 0.        ]), 'S2': array([[            nan,  6.93889390e-17,  0.00000000e+00,
         0.00000000e+00,  0.00000000e+00,  0.00000000e+00,
         0.00000000e+00,  0.00000000e+00,  0.00000000e+00,
         0.00000000e+00],
       [            nan,             nan,  2.76179517e-02,
         2.76179517e-02,  2.76179517e-02,  2.76179517e-02,
         1.24280783e+00,  2.76179517e-02,  2.76179517e-02,
         2.76179517e-02],
       [            nan,             nan,             nan,
        -5.20138090e-01, -5.20138090e-01, -5.20138090e-01,
        -5.20138090e-01, -5.20138090e-01, -5.20138090e-01,
        -5.20138090e-01],
       [            nan,             nan,             nan,
                    nan,  0.00000000e+00,  0.00000000e+00,
         0.00000000e+00,  0.00000000e+00,  0.00000000e+00,
         0.00000000e+00],
       [            nan,             nan,             nan,
                    nan,             nan,  0.00000000e+00,
         0.00000000e+00,  0.00000000e+00,  0.00000000e+00,
         0.00000000e+00],
       [            nan,             nan,             nan,
                    nan,             nan,             nan,
         0.00000000e+00, -4.05063291e-01, -4.05063291e-01,
        -4.05063291e-01],
       [            nan,             nan,             nan,
                    nan,             nan,             nan,
                    nan, -1.62025316e+00, -1.62025316e+00,
        -8.10126582e-01],
       [            nan,             nan,             nan,
                    nan,             nan,             nan,
                    nan,             nan, -5.20138090e-01,
        -5.20138090e-01],
       [            nan,             nan,             nan,
                    nan,             nan,             nan,
                    nan,             nan,             nan,
        -5.20138090e-01],
       [            nan,             nan,             nan,
                    nan,             nan,             nan,
                    nan,             nan,             nan,
                    nan]]), 'S2_conf': array([[           nan, 1.41755158e-16, 1.56558649e-16, 0.00000000e+00,
        0.00000000e+00, 0.00000000e+00, 3.15216271e-16, 1.56558649e-16,
        1.56558649e-16, 0.00000000e+00],
       [           nan,            nan, 5.58830297e-01, 5.58830297e-01,
        5.58830297e-01, 5.58830297e-01, 1.27376744e+00, 5.58830297e-01,
        5.58830297e-01, 5.58830297e-01],
       [           nan,            nan,            nan, 1.04273695e+00,
        1.04273695e+00, 1.04273695e+00, 1.04273695e+00, 1.04273695e+00,
        1.04273695e+00, 1.04273695e+00],
       [           nan,            nan,            nan,            nan,
        0.00000000e+00, 0.00000000e+00, 3.15216271e-16, 1.56558649e-16,
        1.56558649e-16, 0.00000000e+00],
       [           nan,            nan,            nan,            nan,
                   nan, 0.00000000e+00, 3.15216271e-16, 1.56558649e-16,
        1.56558649e-16, 0.00000000e+00],
       [           nan,            nan,            nan,            nan,
                   nan,            nan, 1.04011400e+00, 7.32178532e-01,
        7.32178532e-01, 7.32178532e-01],
       [           nan,            nan,            nan,            nan,
                   nan,            nan,            nan, 1.90372454e+00,
        1.90372454e+00, 1.21502111e+00],
       [           nan,            nan,            nan,            nan,
                   nan,            nan,            nan,            nan,
        1.40624230e+00, 1.40624230e+00],
       [           nan,            nan,            nan,            nan,
                   nan,            nan,            nan,            nan,
                   nan, 1.04273695e+00],
       [           nan,            nan,            nan,            nan,
                   nan,            nan,            nan,            nan,
                   nan,            nan]])}, {'S1': array([0.        , 0.33333333, 0.        , 0.        , 0.        ,
       0.        , 1.        , 1.        , 0.        , 0.        ]), 'S1_conf': array([0.00000000e+00, 2.44800965e+31, 0.00000000e+00, 0.00000000e+00,
       0.00000000e+00, 0.00000000e+00, 2.44800965e+31, 1.39403548e+00,
       0.00000000e+00, 0.00000000e+00]), 'ST': array([0.        , 0.66666667, 0.        , 0.        , 0.        ,
       0.        , 2.        , 0.66666667, 0.        , 0.        ]), 'ST_conf': array([0.00000000e+00, 4.89601930e+31, 0.00000000e+00, 0.00000000e+00,
       0.00000000e+00, 0.00000000e+00, 4.89601930e+31, 9.29356987e-01,
       0.00000000e+00, 0.00000000e+00]), 'S2': array([[            nan, -5.55111512e-17,  0.00000000e+00,
         0.00000000e+00,  0.00000000e+00,  0.00000000e+00,
        -1.11022302e-16, -1.11022302e-16,  0.00000000e+00,
         0.00000000e+00],
       [            nan,             nan, -2.66666667e+00,
        -2.66666667e+00, -2.66666667e+00, -2.66666667e+00,
         1.33333333e+00, -2.66666667e+00, -2.66666667e+00,
        -2.66666667e+00],
       [            nan,             nan,             nan,
         0.00000000e+00,  0.00000000e+00,  0.00000000e+00,
        -1.11022302e-16, -1.11022302e-16,  0.00000000e+00,
         0.00000000e+00],
       [            nan,             nan,             nan,
                    nan,  0.00000000e+00,  0.00000000e+00,
        -1.11022302e-16, -1.11022302e-16,  0.00000000e+00,
         0.00000000e+00],
       [            nan,             nan,             nan,
                    nan,             nan,  0.00000000e+00,
        -1.11022302e-16, -1.11022302e-16,  0.00000000e+00,
         0.00000000e+00],
       [            nan,             nan,             nan,
                    nan,             nan,             nan,
        -1.11022302e-16, -1.11022302e-16,  0.00000000e+00,
         0.00000000e+00],
       [            nan,             nan,             nan,
                    nan,             nan,             nan,
                    nan, -1.00000000e+00,  3.33333333e-01,
         3.33333333e-01],
       [            nan,             nan,             nan,
                    nan,             nan,             nan,
                    nan,             nan, -1.00000000e+00,
        -1.00000000e+00],
       [            nan,             nan,             nan,
                    nan,             nan,             nan,
                    nan,             nan,             nan,
         0.00000000e+00],
       [            nan,             nan,             nan,
                    nan,             nan,             nan,
                    nan,             nan,             nan,
                    nan]]), 'S2_conf': array([[           nan, 3.02668175e+15, 0.00000000e+00, 0.00000000e+00,
        0.00000000e+00, 0.00000000e+00, 2.73178564e-16, 2.75548208e-16,
        0.00000000e+00, 0.00000000e+00],
       [           nan,            nan, 4.89601930e+31, 4.89601930e+31,
        4.89601930e+31, 4.89601930e+31, 4.89601930e+31, 4.89601930e+31,
        4.89601930e+31, 4.89601930e+31],
       [           nan,            nan,            nan, 0.00000000e+00,
        0.00000000e+00, 0.00000000e+00, 2.73178564e-16, 2.75548208e-16,
        0.00000000e+00, 0.00000000e+00],
       [           nan,            nan,            nan,            nan,
        0.00000000e+00, 0.00000000e+00, 2.73178564e-16, 2.75548208e-16,
        0.00000000e+00, 0.00000000e+00],
       [           nan,            nan,            nan,            nan,
                   nan, 0.00000000e+00, 2.73178564e-16, 2.75548208e-16,
        0.00000000e+00, 0.00000000e+00],
       [           nan,            nan,            nan,            nan,
                   nan,            nan, 2.73178564e-16, 2.75548208e-16,
        0.00000000e+00, 0.00000000e+00],
       [           nan,            nan,            nan,            nan,
                   nan,            nan,            nan, 2.44800965e+31,
        2.44800965e+31, 2.44800965e+31],
       [           nan,            nan,            nan,            nan,
                   nan,            nan,            nan,            nan,
        1.39403548e+00, 1.39403548e+00],
       [           nan,            nan,            nan,            nan,
                   nan,            nan,            nan,            nan,
                   nan, 0.00000000e+00],
       [           nan,            nan,            nan,            nan,
                   nan,            nan,            nan,            nan,
                   nan,            nan]])}]
