[{'S1': array([ 0.22147581,  0.15271212,  0.1488118 ,  0.12110641, -0.00162975,
        0.02618824,  0.27127835]), 'S1_conf': array([0.05012171, 0.02965798, 0.04071868, 0.02997266, 0.00448775,
       0.01956019, 0.04550046]), 'ST': array([0.28660917, 0.21740149, 0.23653687, 0.18890916, 0.00413054,
       0.05580449, 0.33566992]), 'ST_conf': array([0.03079942, 0.02323469, 0.02728031, 0.01946103, 0.00136791,
       0.00753076, 0.02941762]), 'S2': array([[        nan, -0.01596021,  0.00292228, -0.01309412, -0.00719334,
        -0.01191396, -0.0135999 ],
       [        nan,         nan,  0.01637598,  0.00727193, -0.00132635,
        -0.00014619,  0.00457443],
       [        nan,         nan,         nan,  0.00528278,  0.00157372,
         0.00275387, -0.01798315],
       [        nan,         nan,         nan,         nan,  0.0131503 ,
         0.01652218,  0.00893546],
       [        nan,         nan,         nan,         nan,         nan,
         0.00312462,  0.00261884],
       [        nan,         nan,         nan,         nan,         nan,
                nan,  0.00402374],
       [        nan,         nan,         nan,         nan,         nan,
                nan,         nan]]), 'S2_conf': array([[       nan, 0.06984643, 0.07759646, 0.0677903 , 0.06722434,
        0.06932173, 0.07191924],
       [       nan,        nan, 0.0501758 , 0.04756797, 0.04398565,
        0.04483276, 0.04428407],
       [       nan,        nan,        nan, 0.06016063, 0.05254658,
        0.05687464, 0.05980355],
       [       nan,        nan,        nan,        nan, 0.04027108,
        0.04149803, 0.04632025],
       [       nan,        nan,        nan,        nan,        nan,
        0.00761915, 0.0079757 ],
       [       nan,        nan,        nan,        nan,        nan,
               nan, 0.03081388],
       [       nan,        nan,        nan,        nan,        nan,
               nan,        nan]])}, {'S1': array([0.1964434 , 0.16050575, 0.12298105, 0.13657215, 0.00208508,
       0.03172555, 0.30800064]), 'S1_conf': array([0.03995747, 0.03193528, 0.03276604, 0.03460022, 0.00616885,
       0.01332829, 0.04954144]), 'ST': array([0.25028091, 0.19235328, 0.18480532, 0.18917835, 0.00676921,
       0.05002024, 0.36499799]), 'ST_conf': array([0.0246929 , 0.01927058, 0.01793179, 0.01971403, 0.00146172,
       0.00699192, 0.03416769]), 'S2': array([[        nan, -0.00557263,  0.00736674, -0.00221798,  0.00173572,
        -0.00988575, -0.00054065],
       [        nan,         nan,  0.00634115, -0.00647841, -0.00755669,
        -0.01186982, -0.00108701],
       [        nan,         nan,         nan,  0.00795135,  0.01178524,
         0.00579479,  0.01454084],
       [        nan,         nan,         nan,         nan, -0.0135854 ,
        -0.0149033 ,  0.01253295],
       [        nan,         nan,         nan,         nan,         nan,
         0.004936  ,  0.00182096],
       [        nan,         nan,         nan,         nan,         nan,
                nan, -0.00556827],
       [        nan,         nan,         nan,         nan,         nan,
                nan,         nan]]), 'S2_conf': array([[       nan, 0.0601152 , 0.05690925, 0.05839552, 0.05502473,
        0.05731138, 0.06532692],
       [       nan,        nan, 0.05088965, 0.05445682, 0.04914298,
        0.05030973, 0.0546812 ],
       [       nan,        nan,        nan, 0.05154705, 0.04714834,
        0.04847653, 0.04974101],
       [       nan,        nan,        nan,        nan, 0.04848247,
        0.04843773, 0.05820445],
       [       nan,        nan,        nan,        nan,        nan,
        0.00808008, 0.00829097],
       [       nan,        nan,        nan,        nan,        nan,
               nan, 0.02591515],
       [       nan,        nan,        nan,        nan,        nan,
               nan,        nan]])}, {'S1': array([ 0.17465976,  0.09505628,  0.0807883 ,  0.18773712, -0.0018653 ,
        0.00495891,  0.33409785]), 'S1_conf': array([0.04071154, 0.02963068, 0.02728146, 0.03815023, 0.00529921,
       0.01316844, 0.05078984]), 'ST': array([0.25773003, 0.17006608, 0.15934387, 0.25867318, 0.00600642,
       0.03593924, 0.40396898]), 'ST_conf': array([0.02427543, 0.02044954, 0.01831316, 0.02298689, 0.00114252,
       0.00478717, 0.03795855]), 'S2': array([[        nan,  0.00101308,  0.00468643, -0.01199256, -0.00067468,
         0.0057785 ,  0.0009138 ],
       [        nan,         nan,  0.01084904,  0.00419731,  0.00191387,
         0.00241027,  0.01571375],
       [        nan,         nan,         nan,  0.00544444,  0.01318825,
         0.01527312,  0.02351334],
       [        nan,         nan,         nan,         nan, -0.00559008,
        -0.0059872 ,  0.00830907],
       [        nan,         nan,         nan,         nan,         nan,
         0.00134715,  0.00075147],
       [        nan,         nan,         nan,         nan,         nan,
                nan,  0.00460309],
       [        nan,         nan,         nan,         nan,         nan,
                nan,         nan]]), 'S2_conf': array([[       nan, 0.05826219, 0.06412994, 0.05954138, 0.0543651 ,
        0.053366  , 0.06611247],
       [       nan,        nan, 0.04893735, 0.05261842, 0.04746996,
        0.04819776, 0.04948997],
       [       nan,        nan,        nan, 0.04552068, 0.0442397 ,
        0.04454257, 0.04301719],
       [       nan,        nan,        nan,        nan, 0.05789518,
        0.05775165, 0.06577884],
       [       nan,        nan,        nan,        nan,        nan,
        0.00788816, 0.00786123],
       [       nan,        nan,        nan,        nan,        nan,
               nan, 0.02407571],
       [       nan,        nan,        nan,        nan,        nan,
               nan,        nan]])}, {'S1': array([ 0.21365079,  0.06866823,  0.0992265 ,  0.17037431, -0.00075248,
        0.03042999,  0.33552685]), 'S1_conf': array([0.04009746, 0.03069413, 0.02844286, 0.03432585, 0.0053443 ,
       0.01799618, 0.04710684]), 'ST': array([0.27207254, 0.12065293, 0.15314378, 0.22076919, 0.005479  ,
       0.06325754, 0.36521553]), 'ST_conf': array([0.02806643, 0.01302742, 0.0169309 , 0.02028885, 0.00093889,
       0.00877255, 0.03439622]), 'S2': array([[       nan, 0.00248203, 0.01734813, 0.00960856, 0.00769283,
        0.00723305, 0.00623687],
       [       nan,        nan, 0.02094971, 0.01796116, 0.01374655,
        0.02003016, 0.01796116],
       [       nan,        nan,        nan, 0.01064354, 0.01585433,
        0.01455163, 0.01087343],
       [       nan,        nan,        nan,        nan, 0.01178465,
        0.00841296, 0.02550131],
       [       nan,        nan,        nan,        nan,        nan,
        0.00100432, 0.00238365],
       [       nan,        nan,        nan,        nan,        nan,
               nan, 0.01488521],
       [       nan,        nan,        nan,        nan,        nan,
               nan,        nan]]), 'S2_conf': array([[       nan, 0.05718549, 0.06413336, 0.06218939, 0.05360976,
        0.05591858, 0.06010174],
       [       nan,        nan, 0.04741982, 0.04432579, 0.0438898 ,
        0.04530403, 0.04297348],
       [       nan,        nan,        nan, 0.04745018, 0.04597523,
        0.04580687, 0.04770354],
       [       nan,        nan,        nan,        nan, 0.04857944,
        0.04937015, 0.05082421],
       [       nan,        nan,        nan,        nan,        nan,
        0.00868492, 0.00930315],
       [       nan,        nan,        nan,        nan,        nan,
               nan, 0.02894043],
       [       nan,        nan,        nan,        nan,        nan,
               nan,        nan]])}, {'S1': array([0.24378657, 0.06631253, 0.11398845, 0.16385971, 0.00311198,
       0.09554721, 0.26103329]), 'S1_conf': array([0.04432633, 0.02003034, 0.02636036, 0.03268781, 0.00442763,
       0.02503819, 0.03842331]), 'ST': array([0.28810437, 0.0848945 , 0.15189189, 0.19951374, 0.00451318,
       0.12590219, 0.30977542]), 'ST_conf': array([0.02597804, 0.00781021, 0.0147333 , 0.01823322, 0.0008754 ,
       0.01353872, 0.02363618]), 'S2': array([[        nan, -0.02441192, -0.01001643, -0.02690195, -0.01655276,
        -0.01873154, -0.01608588],
       [        nan,         nan,  0.00698059,  0.00550213,  0.00542432,
         0.004724  ,  0.00503525],
       [        nan,         nan,         nan,  0.01347415,  0.00678219,
         0.01409666,  0.02320084],
       [        nan,         nan,         nan,         nan,  0.00810336,
         0.00312329,  0.00825898],
       [        nan,         nan,         nan,         nan,         nan,
        -0.00458685, -0.00404216],
       [        nan,         nan,         nan,         nan,         nan,
                nan,  0.01196782],
       [        nan,         nan,         nan,         nan,         nan,
                nan,         nan]]), 'S2_conf': array([[       nan, 0.06146412, 0.06708698, 0.05934024, 0.06077168,
        0.06122915, 0.0653367 ],
       [       nan,        nan, 0.02998649, 0.03250434, 0.02888371,
        0.02943834, 0.03385676],
       [       nan,        nan,        nan, 0.04268756, 0.03810008,
        0.0378287 , 0.03987203],
       [       nan,        nan,        nan,        nan, 0.04303496,
        0.04225011, 0.04845633],
       [       nan,        nan,        nan,        nan,        nan,
        0.00669502, 0.00670554],
       [       nan,        nan,        nan,        nan,        nan,
               nan, 0.03915813],
       [       nan,        nan,        nan,        nan,        nan,
               nan,        nan]])}, {'S1': array([0.1285179 , 0.02725031, 0.1038978 , 0.21633316, 0.00691458,
       0.07441476, 0.40763713]), 'S1_conf': array([0.02507303, 0.0174499 , 0.02772139, 0.03842213, 0.00715258,
       0.0256897 , 0.05730965]), 'ST': array([0.16764607, 0.05383651, 0.13438501, 0.27042017, 0.00752886,
       0.11293291, 0.44868916]), 'ST_conf': array([0.01760065, 0.00653414, 0.01432825, 0.02388552, 0.0013355 ,
       0.01234558, 0.03858811]), 'S2': array([[            nan, -6.98200536e-03, -1.30957607e-03,
        -8.97035758e-04, -8.52903153e-03, -6.05378966e-03,
        -8.11649122e-03],
       [            nan,             nan, -6.96641539e-03,
         4.67699162e-05, -4.90371383e-03, -1.01636028e-02,
        -5.21311906e-03],
       [            nan,             nan,             nan,
        -8.54661974e-03, -1.55598050e-02, -9.06229513e-03,
        -7.51526896e-03],
       [            nan,             nan,             nan,
                    nan, -3.94952098e-04,  1.14655819e-02,
         1.77568216e-02],
       [            nan,             nan,             nan,
                    nan,             nan, -2.17942837e-03,
        -7.43931735e-03],
       [            nan,             nan,             nan,
                    nan,             nan,             nan,
         7.58269352e-03],
       [            nan,             nan,             nan,
                    nan,             nan,             nan,
                    nan]]), 'S2_conf': array([[       nan, 0.0379976 , 0.03869442, 0.04449694, 0.03803831,
        0.03956131, 0.04422091],
       [       nan,        nan, 0.02632318, 0.02409407, 0.02433714,
        0.02629312, 0.02582648],
       [       nan,        nan,        nan, 0.03804054, 0.03466385,
        0.03699438, 0.0392261 ],
       [       nan,        nan,        nan,        nan, 0.05473097,
        0.05578317, 0.07283833],
       [       nan,        nan,        nan,        nan,        nan,
        0.00936109, 0.00913984],
       [       nan,        nan,        nan,        nan,        nan,
               nan, 0.04150101],
       [       nan,        nan,        nan,        nan,        nan,
               nan,        nan]])}, {'S1': array([0.16076645, 0.03873039, 0.11504913, 0.16079363, 0.00760585,
       0.11210598, 0.37707022]), 'S1_conf': array([0.0303355 , 0.02311403, 0.04049411, 0.04078879, 0.01037391,
       0.03221126, 0.05107426]), 'ST': array([0.23317253, 0.0916337 , 0.2001844 , 0.24050322, 0.01550724,
       0.1894703 , 0.45196561]), 'ST_conf': array([0.02402062, 0.01234942, 0.02126987, 0.02584194, 0.004234  ,
       0.01903061, 0.03959268]), 'S2': array([[        nan, -0.01639453, -0.02485302, -0.02090573, -0.01752233,
        -0.02880032, -0.02259742],
       [        nan,         nan, -0.00123786,  0.00722064, -0.00123786,
        -0.00687686, -0.00856856],
       [        nan,         nan,         nan, -0.0230927 , -0.021401  ,
        -0.0242205 , -0.0253483 ],
       [        nan,         nan,         nan,         nan, -0.02545771,
        -0.0356079 , -0.01474361],
       [        nan,         nan,         nan,         nan,         nan,
        -0.00485498, -0.00823837],
       [        nan,         nan,         nan,         nan,         nan,
                nan, -0.01605075],
       [        nan,         nan,         nan,         nan,         nan,
                nan,         nan]]), 'S2_conf': array([[       nan, 0.0423446 , 0.04890607, 0.04795574, 0.04561692,
        0.04397735, 0.04706974],
       [       nan,        nan, 0.03559221, 0.03376   , 0.03080336,
        0.0332921 , 0.03413936],
       [       nan,        nan,        nan, 0.05766873, 0.05222167,
        0.05585588, 0.05502247],
       [       nan,        nan,        nan,        nan, 0.05307162,
        0.05372608, 0.05872043],
       [       nan,        nan,        nan,        nan,        nan,
        0.01296609, 0.01475367],
       [       nan,        nan,        nan,        nan,        nan,
               nan, 0.04989505],
       [       nan,        nan,        nan,        nan,        nan,
               nan,        nan]])}, {'S1': array([ 0.11279554,  0.10943373,  0.3067724 , -0.01177921, -0.01105223,
        0.01341398,  0.00766091]), 'S1_conf': array([0.0529347 , 0.04950379, 0.06207698, 0.02013548, 0.01502986,
       0.02623312, 0.02735967]), 'ST': array([0.41148263, 0.46494298, 0.6561042 , 0.08424054, 0.04050026,
       0.16362105, 0.12960083]), 'ST_conf': array([0.04064821, 0.05618165, 0.05238656, 0.02162138, 0.01467541,
       0.02924809, 0.02261536]), 'S2': array([[        nan,  0.02740363,  0.02416361, -0.01471664, -0.01795666,
        -0.01795666,  0.00148347],
       [        nan,         nan,  0.08805624,  0.02973587,  0.04269595,
         0.03621591,  0.01029574],
       [        nan,         nan,         nan,  0.00705572, -0.01562442,
         0.0038157 ,  0.01353577],
       [        nan,         nan,         nan,         nan,  0.0041183 ,
         0.00735832,  0.01059834],
       [        nan,         nan,         nan,         nan,         nan,
         0.01280879,  0.01280879],
       [        nan,         nan,         nan,         nan,         nan,
                nan, -0.01653221],
       [        nan,         nan,         nan,         nan,         nan,
                nan,         nan]]), 'S2_conf': array([[       nan, 0.06548333, 0.06758068, 0.06666974, 0.06440278,
        0.06352946, 0.06848947],
       [       nan,        nan, 0.06881898, 0.06116066, 0.06093724,
        0.06139931, 0.06169445],
       [       nan,        nan,        nan, 0.07660509, 0.07870299,
        0.07349261, 0.07593003],
       [       nan,        nan,        nan,        nan, 0.03115194,
        0.02970238, 0.0282448 ],
       [       nan,        nan,        nan,        nan,        nan,
        0.01985613, 0.0201357 ],
       [       nan,        nan,        nan,        nan,        nan,
               nan, 0.04063806],
       [       nan,        nan,        nan,        nan,        nan,
               nan,        nan]])}, {'S1': array([0.09736561, 0.20972698, 0.26201899, 0.01495763, 0.01005137,
       0.00366891, 0.0494209 ]), 'S1_conf': array([0.04272429, 0.05832963, 0.063032  , 0.02387296, 0.01336608,
       0.02661322, 0.03018034]), 'ST': array([0.31782235, 0.59426158, 0.65881925, 0.10594078, 0.04965974,
       0.12249403, 0.15228988]), 'ST_conf': array([0.04195314, 0.05694532, 0.06047943, 0.02622955, 0.01621873,
       0.02806915, 0.03017523]), 'S2': array([[            nan, -5.22639226e-03, -1.18476912e-02,
        -4.49541859e-02, -4.82648354e-02, -3.50222375e-02,
        -4.82648354e-02],
       [            nan,             nan,  1.41440700e-01,
         3.88105664e-02,  3.21892675e-02,  3.88105664e-02,
        -1.08491757e-02],
       [            nan,             nan,             nan,
        -4.57901249e-02, -4.91007744e-02, -1.93049291e-02,
        -3.25475270e-02],
       [            nan,             nan,             nan,
                    nan,  1.19419856e-04, -6.50187909e-03,
         1.19419856e-04],
       [            nan,             nan,             nan,
                    nan,             nan, -1.82682820e-02,
        -2.15789315e-02],
       [            nan,             nan,             nan,
                    nan,             nan,             nan,
        -1.30418898e-02],
       [            nan,             nan,             nan,
                    nan,             nan,             nan,
                    nan]]), 'S2_conf': array([[       nan, 0.05315345, 0.06348108, 0.05786489, 0.05414514,
        0.05603828, 0.05590612],
       [       nan,        nan, 0.09467635, 0.08981888, 0.07859589,
        0.07641039, 0.07798299],
       [       nan,        nan,        nan, 0.07140706, 0.06749559,
        0.07315625, 0.0732619 ],
       [       nan,        nan,        nan,        nan, 0.03575635,
        0.03838545, 0.0296945 ],
       [       nan,        nan,        nan,        nan,        nan,
        0.0194898 , 0.01846326],
       [       nan,        nan,        nan,        nan,        nan,
               nan, 0.03207095],
       [       nan,        nan,        nan,        nan,        nan,
               nan,        nan]])}, {'S1': array([ 0.06596375,  0.26795375,  0.20815045, -0.00654977,  0.00182867,
        0.00182867,  0.03062132]), 'S1_conf': array([0.04749856, 0.07117323, 0.05783376, 0.03199269, 0.01840167,
       0.02209079, 0.03485529]), 'ST': array([0.30045584, 0.66832165, 0.5720217 , 0.13867193, 0.06163197,
       0.09629995, 0.18104391]), 'ST_conf': array([0.04548864, 0.06130351, 0.05385769, 0.03439251, 0.01759596,
       0.03007584, 0.03707166]), 'S2': array([[        nan, -0.02927243, -0.01001244,  0.00154355, -0.00616045,
        -0.00616045, -0.01001244],
       [        nan,         nan,  0.07506873,  0.01343677,  0.00188077,
        -0.00582322, -0.00197123],
       [        nan,         nan,         nan,  0.04512186,  0.01815787,
         0.01815787,  0.01430587],
       [        nan,         nan,         nan,         nan, -0.00717211,
        -0.01487611, -0.00717211],
       [        nan,         nan,         nan,         nan,         nan,
        -0.00197123,  0.00958477],
       [        nan,         nan,         nan,         nan,         nan,
                nan,  0.02330665],
       [        nan,         nan,         nan,         nan,         nan,
                nan,         nan]]), 'S2_conf': array([[       nan, 0.06742923, 0.06220984, 0.05276953, 0.05307367,
        0.04994094, 0.05782775],
       [       nan,        nan, 0.1123785 , 0.09419565, 0.09024152,
        0.0868751 , 0.09153969],
       [       nan,        nan,        nan, 0.07915735, 0.06969135,
        0.06834874, 0.07636264],
       [       nan,        nan,        nan,        nan, 0.03996726,
        0.04180758, 0.04385742],
       [       nan,        nan,        nan,        nan,        nan,
        0.03004394, 0.03249184],
       [       nan,        nan,        nan,        nan,        nan,
               nan, 0.03534944],
       [       nan,        nan,        nan,        nan,        nan,
               nan,        nan]])}, {'S1': array([0.03616864, 0.33366337, 0.25316167, 0.08504211, 0.00620868,
       0.0252897 , 0.07565202]), 'S1_conf': array([0.02265365, 0.0481479 , 0.04107486, 0.03072966, 0.01344515,
       0.01786121, 0.0275618 ]), 'ST': array([0.08644695, 0.45724866, 0.35939641, 0.16680244, 0.03330865,
       0.06596926, 0.15332346]), 'ST_conf': array([0.01034006, 0.03646597, 0.02865868, 0.02083551, 0.00567827,
       0.00900522, 0.01723382]), 'S2': array([[        nan, -0.00023839,  0.00261293,  0.01375901,  0.008834  ,
         0.01401823,  0.0158327 ],
       [        nan,         nan,  0.04729342,  0.02863021,  0.02655652,
         0.00789331,  0.03666576],
       [        nan,         nan,         nan, -0.00035139,  0.00301835,
         0.008721  ,  0.01364601],
       [        nan,         nan,         nan,         nan,  0.01237523,
         0.01496734,  0.01081996],
       [        nan,         nan,         nan,         nan,         nan,
        -0.00047679,  0.0015969 ],
       [        nan,         nan,         nan,         nan,         nan,
                nan,  0.00949467],
       [        nan,         nan,         nan,         nan,         nan,
                nan,         nan]]), 'S2_conf': array([[       nan, 0.03096474, 0.03403612, 0.029422  , 0.0289744 ,
        0.0287789 , 0.03015815],
       [       nan,        nan, 0.06627199, 0.06893665, 0.06167012,
        0.06413242, 0.06220454],
       [       nan,        nan,        nan, 0.06087447, 0.05984676,
        0.05923193, 0.05978116],
       [       nan,        nan,        nan,        nan, 0.03955493,
        0.03939234, 0.03835982],
       [       nan,        nan,        nan,        nan,        nan,
        0.01962147, 0.02060021],
       [       nan,        nan,        nan,        nan,        nan,
               nan, 0.02840883],
       [       nan,        nan,        nan,        nan,        nan,
               nan,        nan]])}, {'S1': array([0.03274522, 0.29002172, 0.25673134, 0.07001448, 0.00854718,
       0.01177548, 0.11425548]), 'S1_conf': array([0.02806758, 0.04461344, 0.05077403, 0.03545313, 0.01707767,
       0.02135628, 0.03223855]), 'ST': array([0.12558021, 0.44215759, 0.4167365 , 0.19574244, 0.06609485,
       0.09473595, 0.21997722]), 'ST_conf': array([0.01524975, 0.03787848, 0.03312489, 0.01793941, 0.01099599,
       0.0142637 , 0.02240633]), 'S2': array([[        nan,  0.00045667,  0.01774302,  0.00011772,  0.00791353,
        -0.00767808, -0.00022122],
       [        nan,         nan,  0.03827188,  0.01454553,  0.02471397,
         0.03420451,  0.02945924],
       [        nan,         nan,         nan,  0.02362364,  0.01176046,
         0.01142152,  0.00226992],
       [        nan,         nan,         nan,         nan,  0.02779373,
         0.03220005,  0.02508215],
       [        nan,         nan,         nan,         nan,         nan,
         0.01167276,  0.01540119],
       [        nan,         nan,         nan,         nan,         nan,
                nan,  0.01422159],
       [        nan,         nan,         nan,         nan,         nan,
                nan,         nan]]), 'S2_conf': array([[       nan, 0.03963795, 0.04131146, 0.03906066, 0.03899005,
        0.04140919, 0.03965019],
       [       nan,        nan, 0.07335163, 0.0666601 , 0.06291324,
        0.05930509, 0.06211326],
       [       nan,        nan,        nan, 0.06770175, 0.06391812,
        0.06015229, 0.06520966],
       [       nan,        nan,        nan,        nan, 0.0446283 ,
        0.04776803, 0.0491199 ],
       [       nan,        nan,        nan,        nan,        nan,
        0.02502249, 0.02655768],
       [       nan,        nan,        nan,        nan,        nan,
               nan, 0.03366613],
       [       nan,        nan,        nan,        nan,        nan,
               nan,        nan]])}, {'S1': array([0.03587345, 0.20477795, 0.32934903, 0.06554303, 0.02915862,
       0.04262123, 0.13051947]), 'S1_conf': array([0.02294307, 0.03974166, 0.05538527, 0.026038  , 0.02012763,
       0.02479707, 0.03316288]), 'ST': array([0.10874732, 0.34416735, 0.46797199, 0.13790594, 0.08317378,
       0.11663449, 0.21725564]), 'ST_conf': array([0.01314188, 0.03648429, 0.04753625, 0.01461473, 0.01087514,
       0.01565025, 0.02357294]), 'S2': array([[        nan, -0.00534885, -0.00056875,  0.00134329,  0.00325533,
         0.01281554,  0.00325533],
       [        nan,         nan,  0.03854977,  0.00174299,  0.00604508,
         0.00461105, -0.00160308],
       [        nan,         nan,         nan, -0.02815939, -0.02051123,
        -0.01668714, -0.01955521],
       [        nan,         nan,         nan,         nan,  0.00793659,
         0.00937062,  0.01462873],
       [        nan,         nan,         nan,         nan,         nan,
        -0.00682609, -0.0163863 ],
       [        nan,         nan,         nan,         nan,         nan,
                nan,  0.00758011],
       [        nan,         nan,         nan,         nan,         nan,
                nan,         nan]]), 'S2_conf': array([[       nan, 0.03128797, 0.03870121, 0.03321851, 0.03519893,
        0.03553969, 0.03266336],
       [       nan,        nan, 0.05737676, 0.04918181, 0.05157564,
        0.04957851, 0.05114099],
       [       nan,        nan,        nan, 0.06617878, 0.06202805,
        0.06606009, 0.06846039],
       [       nan,        nan,        nan,        nan, 0.03595945,
        0.03784669, 0.0364958 ],
       [       nan,        nan,        nan,        nan,        nan,
        0.02763458, 0.02944866],
       [       nan,        nan,        nan,        nan,        nan,
               nan, 0.03565254],
       [       nan,        nan,        nan,        nan,        nan,
               nan,        nan]])}, {'S1': array([0.09652556, 0.11500881, 0.37047296, 0.05570152, 0.04217535,
       0.08942039, 0.1287152 ]), 'S1_conf': array([0.03013576, 0.03214721, 0.05364731, 0.02563295, 0.02276245,
       0.0298398 , 0.03347777]), 'ST': array([0.15827949, 0.17499915, 0.47571845, 0.11891495, 0.08964087,
       0.15235427, 0.21583033]), 'ST_conf': array([0.01581713, 0.01891235, 0.04124331, 0.01499809, 0.0122027 ,
       0.0167394 , 0.02542562]), 'S2': array([[        nan, -0.0176398 , -0.01482385, -0.01282923, -0.02268503,
        -0.02960756, -0.01517585],
       [        nan,         nan,  0.00444831, -0.01819657, -0.013386  ,
        -0.01631927,  0.00280568],
       [        nan,         nan,         nan, -0.01056925, -0.0296942 ,
        -0.0028254 , -0.01772644],
       [        nan,         nan,         nan,         nan,  0.00213792,
         0.00671383,  0.00155126],
       [        nan,         nan,         nan,         nan,         nan,
        -0.00391761, -0.00602957],
       [        nan,         nan,         nan,         nan,         nan,
                nan,  0.01322217],
       [        nan,         nan,         nan,         nan,         nan,
                nan,         nan]]), 'S2_conf': array([[       nan, 0.04167287, 0.04166959, 0.03892151, 0.03760489,
        0.04117355, 0.03888271],
       [       nan,        nan, 0.05086607, 0.04753517, 0.04822299,
        0.0493959 , 0.04621553],
       [       nan,        nan,        nan, 0.06064585, 0.06178488,
        0.06525919, 0.06105649],
       [       nan,        nan,        nan,        nan, 0.03677709,
        0.03866448, 0.04050545],
       [       nan,        nan,        nan,        nan,        nan,
        0.03149125, 0.03234143],
       [       nan,        nan,        nan,        nan,        nan,
               nan, 0.03842363],
       [       nan,        nan,        nan,        nan,        nan,
               nan,        nan]])}, {'S1': array([0.12013529, 0.07175008, 0.3641018 , 0.02277027, 0.04176331,
       0.12320241, 0.09910177]), 'S1_conf': array([0.03369888, 0.02690107, 0.05675593, 0.02451819, 0.02487255,
       0.03477509, 0.03146753]), 'ST': array([0.2058692 , 0.13788565, 0.53177316, 0.0920906 , 0.10568731,
       0.2313109 , 0.18318021]), 'ST_conf': array([0.02113785, 0.01772865, 0.04256464, 0.0117944 , 0.01617954,
       0.02494762, 0.02426959]), 'S2': array([[            nan, -1.12204435e-02, -4.27801828e-05,
        -1.25550899e-02, -2.52342304e-02, -3.21256531e-03,
        -2.30654301e-02],
       [            nan,             nan, -2.93450902e-03,
        -1.42790032e-02, -1.46126648e-02, -2.27873738e-02,
        -1.69482959e-02],
       [            nan,             nan,             nan,
         4.56859433e-03, -1.93780673e-03,  1.97501968e-02,
        -5.27442266e-03],
       [            nan,             nan,             nan,
                    nan, -3.69166761e-03,  6.45933094e-04,
         3.14839504e-03],
       [            nan,             nan,             nan,
                    nan,             nan, -5.66368955e-03,
        -9.33396707e-03],
       [            nan,             nan,             nan,
                    nan,             nan,             nan,
        -5.21025983e-03],
       [            nan,             nan,             nan,
                    nan,             nan,             nan,
                    nan]]), 'S2_conf': array([[       nan, 0.04028548, 0.0470973 , 0.0412862 , 0.04077239,
        0.04187415, 0.04292404],
       [       nan,        nan, 0.03597359, 0.0362979 , 0.03532277,
        0.03938279, 0.03579001],
       [       nan,        nan,        nan, 0.06250686, 0.06511579,
        0.05951669, 0.07003583],
       [       nan,        nan,        nan,        nan, 0.03484789,
        0.03694092, 0.03464436],
       [       nan,        nan,        nan,        nan,        nan,
        0.02981013, 0.02911319],
       [       nan,        nan,        nan,        nan,        nan,
               nan, 0.04834651],
       [       nan,        nan,        nan,        nan,        nan,
               nan,        nan]])}, {'S1': array([0.10394041, 0.0211251 , 0.35153729, 0.02359081, 0.03345054,
       0.18637238, 0.07135963]), 'S1_conf': array([0.03690018, 0.0257061 , 0.05374966, 0.0202486 , 0.02486772,
       0.04003701, 0.03440779]), 'ST': array([0.26209424, 0.09265547, 0.51414968, 0.06077548, 0.10689972,
       0.33684265, 0.18748149]), 'ST_conf': array([0.02821499, 0.01288243, 0.04264893, 0.00847544, 0.01291709,
       0.03615457, 0.02468715]), 'S2': array([[            nan, -1.39016150e-02,  4.81940226e-03,
        -2.33977832e-02, -3.23513133e-02, -1.06457859e-02,
        -3.18086751e-02],
       [            nan,             nan,  8.95081683e-03,
        -5.70041411e-03,  4.06707318e-03,  7.59422137e-03,
        -5.15777593e-03],
       [            nan,             nan,             nan,
        -6.05719872e-03,  1.21211804e-02,  6.42347949e-03,
        -6.59983690e-03],
       [            nan,             nan,             nan,
                    nan, -1.90161737e-02, -2.38373202e-05,
        -2.14580455e-02],
       [            nan,             nan,             nan,
                    nan,             nan,  2.07615307e-02,
         3.66842792e-03],
       [            nan,             nan,             nan,
                    nan,             nan,             nan,
        -3.85174272e-02],
       [            nan,             nan,             nan,
                    nan,             nan,             nan,
                    nan]]), 'S2_conf': array([[       nan, 0.05255137, 0.05546116, 0.05315613, 0.05264278,
        0.05508457, 0.05711981],
       [       nan,        nan, 0.03488421, 0.03089644, 0.03169472,
        0.0308951 , 0.03084021],
       [       nan,        nan,        nan, 0.07148291, 0.06828164,
        0.07073401, 0.07201703],
       [       nan,        nan,        nan,        nan, 0.02679052,
        0.0271134 , 0.02663428],
       [       nan,        nan,        nan,        nan,        nan,
        0.04160405, 0.03496528],
       [       nan,        nan,        nan,        nan,        nan,
               nan, 0.05251571],
       [       nan,        nan,        nan,        nan,        nan,
               nan,        nan]])}, {'S1': array([0.26703072, 0.00971474, 0.34028471, 0.00400732, 0.01021467,
       0.24446452, 0.0028703 ]), 'S1_conf': array([0.05249345, 0.01476548, 0.05005238, 0.01268391, 0.01706031,
       0.04286398, 0.01784822]), 'ST': array([0.33316987, 0.04168975, 0.45388738, 0.02906968, 0.05700791,
       0.32803481, 0.05021918]), 'ST_conf': array([0.03237727, 0.0059207 , 0.04650194, 0.00498067, 0.00915531,
       0.03320281, 0.00809717]), 'S2': array([[        nan,  0.01263679,  0.03056599,  0.01124423,  0.01820702,
         0.01559598,  0.01907737],
       [        nan,         nan,  0.0153699 ,  0.01154036,  0.01258478,
         0.01154036,  0.00892931],
       [        nan,         nan,         nan,  0.01518443,  0.00961419,
         0.03224329,  0.02336572],
       [        nan,         nan,         nan,         nan,  0.00103699,
         0.00782572,  0.00573688],
       [        nan,         nan,         nan,         nan,         nan,
         0.01028844,  0.00732925],
       [        nan,         nan,         nan,         nan,         nan,
                nan, -0.00217773],
       [        nan,         nan,         nan,         nan,         nan,
                nan,         nan]]), 'S2_conf': array([[       nan, 0.07036773, 0.08185938, 0.07171436, 0.07102925,
        0.07634261, 0.07189938],
       [       nan,        nan, 0.02339374, 0.02229273, 0.02239532,
        0.02625327, 0.02330423],
       [       nan,        nan,        nan, 0.06581405, 0.06646566,
        0.07066937, 0.06719144],
       [       nan,        nan,        nan,        nan, 0.01894621,
        0.0177252 , 0.0193545 ],
       [       nan,        nan,        nan,        nan,        nan,
        0.02930063, 0.02662956],
       [       nan,        nan,        nan,        nan,        nan,
               nan, 0.05188727],
       [       nan,        nan,        nan,        nan,        nan,
               nan,        nan]])}, {'S1': array([ 4.08905294e-01, -1.61350891e-04,  1.99475119e-01,  4.12212273e-03,
        2.16889110e-02,  2.43134350e-01,  1.05527232e-02]), 'S1_conf': array([0.05538857, 0.01289211, 0.03597208, 0.01232969, 0.01709851,
       0.03692705, 0.01360213]), 'ST': array([0.50631136, 0.02447565, 0.30171328, 0.02421318, 0.05505381,
       0.32901052, 0.03077502]), 'ST_conf': array([0.04814031, 0.00419451, 0.03143814, 0.00510091, 0.00700431,
       0.02822247, 0.00502315]), 'S2': array([[        nan, -0.00344056,  0.02411916, -0.00409674,  0.00233386,
         0.00482736,  0.00220262],
       [        nan,         nan,  0.00364149,  0.00705365,  0.00679117,
         0.00770983,  0.00521633],
       [        nan,         nan,         nan, -0.00143243,  0.00880404,
         0.00932899, -0.00064501],
       [        nan,         nan,         nan,         nan, -0.00034939,
        -0.00087434, -0.00153053],
       [        nan,         nan,         nan,         nan,         nan,
        -0.00449519, -0.00265787],
       [        nan,         nan,         nan,         nan,         nan,
                nan, -0.00100255],
       [        nan,         nan,         nan,         nan,         nan,
                nan,         nan]]), 'S2_conf': array([[       nan, 0.07921525, 0.09095149, 0.0776445 , 0.08033124,
        0.08736594, 0.07990111],
       [       nan,        nan, 0.01744112, 0.01879737, 0.01812495,
        0.01880244, 0.01748464],
       [       nan,        nan,        nan, 0.05808924, 0.05852443,
        0.06901139, 0.05820172],
       [       nan,        nan,        nan,        nan, 0.01723214,
        0.01780267, 0.01703543],
       [       nan,        nan,        nan,        nan,        nan,
        0.02281173, 0.02204185],
       [       nan,        nan,        nan,        nan,        nan,
               nan, 0.05576083],
       [       nan,        nan,        nan,        nan,        nan,
               nan,        nan]])}, {'S1': array([ 0.44690963,  0.01684602,  0.22904246,  0.01940441,  0.01330967,
        0.10514824, -0.00130517]), 'S1_conf': array([0.07787172, 0.01457718, 0.04354682, 0.01616235, 0.01531944,
       0.03532602, 0.01070144]), 'ST': array([0.62456007, 0.03117219, 0.39854026, 0.0357235 , 0.04860456,
       0.2234436 , 0.01897811]), 'ST_conf': array([0.05254451, 0.00736661, 0.0554492 , 0.00762672, 0.00801108,
       0.02910986, 0.003255  ]), 'S2': array([[        nan,  0.00094691,  0.08080954, -0.00317503,  0.00764507,
         0.02001089,  0.01262575],
       [        nan,         nan, -0.00641274, -0.01791983, -0.01500012,
        -0.01431313, -0.01706109],
       [        nan,         nan,         nan,  0.00859198,  0.01133994,
         0.01786635,  0.00738975],
       [        nan,         nan,         nan,         nan, -0.01425352,
        -0.01579924, -0.01236429],
       [        nan,         nan,         nan,         nan,         nan,
        -0.01642509, -0.01230315],
       [        nan,         nan,         nan,         nan,         nan,
                nan,  0.00033487],
       [        nan,         nan,         nan,         nan,         nan,
                nan,         nan]]), 'S2_conf': array([[       nan, 0.12433428, 0.13477808, 0.12708656, 0.126553  ,
        0.14418211, 0.12722357],
       [       nan,        nan, 0.02165189, 0.01961264, 0.02003077,
        0.02015083, 0.01945004],
       [       nan,        nan,        nan, 0.05884304, 0.06006343,
        0.06289096, 0.05691431],
       [       nan,        nan,        nan,        nan, 0.02254663,
        0.0226712 , 0.02175506],
       [       nan,        nan,        nan,        nan,        nan,
        0.01971016, 0.02076133],
       [       nan,        nan,        nan,        nan,        nan,
               nan, 0.05407365],
       [       nan,        nan,        nan,        nan,        nan,
               nan,        nan]])}, {'S1': array([ 0.60596489,  0.00840517,  0.20834342,  0.01114751,  0.00984293,
        0.07518625, -0.00413999]), 'S1_conf': array([0.060441  , 0.01511199, 0.03847817, 0.01512981, 0.01225567,
       0.02614148, 0.00826779]), 'ST': array([0.65595664, 0.03870197, 0.26432435, 0.03984414, 0.03553904,
       0.12045494, 0.01339853]), 'ST_conf': array([0.05073137, 0.00523796, 0.023742  , 0.00547578, 0.0049554 ,
       0.01075125, 0.00179241]), 'S2': array([[        nan,  0.00939547,  0.0149306 , -0.00105977,  0.00166386,
        -0.00053261,  0.00350891],
       [        nan,         nan,  0.01348507,  0.01076143,  0.00856495,
         0.01014642,  0.0099707 ],
       [        nan,         nan,         nan,  0.01767576,  0.01881793,
         0.021893  ,  0.01468855],
       [        nan,         nan,         nan,         nan, -0.00048191,
         0.00013311, -0.00118478],
       [        nan,         nan,         nan,         nan,         nan,
         0.00673321,  0.00488817],
       [        nan,         nan,         nan,         nan,         nan,
                nan,  0.005993  ],
       [        nan,         nan,         nan,         nan,         nan,
                nan,         nan]]), 'S2_conf': array([[       nan, 0.07481986, 0.08026493, 0.07644236, 0.07848488,
        0.08246477, 0.07475934],
       [       nan,        nan, 0.02051492, 0.02106142, 0.02071649,
        0.02082261, 0.02116513],
       [       nan,        nan,        nan, 0.05491982, 0.05387827,
        0.05818316, 0.05429927],
       [       nan,        nan,        nan,        nan, 0.01910859,
        0.02153202, 0.0192402 ],
       [       nan,        nan,        nan,        nan,        nan,
        0.02005203, 0.01995283],
       [       nan,        nan,        nan,        nan,        nan,
               nan, 0.03719858],
       [       nan,        nan,        nan,        nan,        nan,
               nan,        nan]])}, {'S1': array([0.61955236, 0.04217459, 0.18423346, 0.01042372, 0.01465286,
       0.05338762, 0.01375682]), 'S1_conf': array([0.06421248, 0.02299402, 0.03899082, 0.01507028, 0.01368622,
       0.02052396, 0.01124779]), 'ST': array([0.70241918, 0.09175189, 0.2654733 , 0.04638193, 0.03221436,
       0.08719803, 0.02484947]), 'ST_conf': array([0.04952341, 0.01162621, 0.02430045, 0.00557421, 0.00474442,
       0.01034033, 0.00347658]), 'S2': array([[        nan,  0.01016219,  0.02972693,  0.01173636, -0.00288097,
         0.00454014,  0.00127935],
       [        nan,         nan, -0.00421772, -0.01321301, -0.0151245 ,
        -0.01523695, -0.01467474],
       [        nan,         nan,         nan, -0.01418359, -0.0084491 ,
        -0.00822422, -0.01688218],
       [        nan,         nan,         nan,         nan, -0.01657356,
        -0.00960221, -0.01646112],
       [        nan,         nan,         nan,         nan,         nan,
        -0.01648634, -0.01581169],
       [        nan,         nan,         nan,         nan,         nan,
                nan, -0.01634059],
       [        nan,         nan,         nan,         nan,         nan,
                nan,         nan]]), 'S2_conf': array([[       nan, 0.0913303 , 0.10182355, 0.0929253 , 0.09340527,
        0.0931433 , 0.09419828],
       [       nan,        nan, 0.03198652, 0.0308632 , 0.03058074,
        0.03190776, 0.02975201],
       [       nan,        nan,        nan, 0.05671343, 0.05602398,
        0.05705068, 0.05753276],
       [       nan,        nan,        nan,        nan, 0.0220402 ,
        0.02262844, 0.02222821],
       [       nan,        nan,        nan,        nan,        nan,
        0.01944495, 0.01858321],
       [       nan,        nan,        nan,        nan,        nan,
               nan, 0.02774927],
       [       nan,        nan,        nan,        nan,        nan,
               nan,        nan]])}, {'S1': array([ 0.57387465,  0.08220294,  0.19589114, -0.00064018,  0.0046666 ,
        0.05423652,  0.02681372]), 'S1_conf': array([0.06192277, 0.02631217, 0.04111432, 0.01086503, 0.00927977,
       0.01995655, 0.01710554]), 'ST': array([0.63011631, 0.14190491, 0.27503219, 0.02586473, 0.01878411,
       0.07817936, 0.05091021]), 'ST_conf': array([0.05432612, 0.0160563 , 0.02339728, 0.00334523, 0.00313896,
       0.01020835, 0.00693002]), 'S2': array([[        nan, -0.01989595,  0.00397919, -0.0187256 , -0.01767228,
        -0.0284395 , -0.0260988 ],
       [        nan,         nan,  0.00400176,  0.00844909,  0.0068106 ,
         0.00166106,  0.00528914],
       [        nan,         nan,         nan,  0.02524996,  0.02115374,
         0.02501589,  0.01237611],
       [        nan,         nan,         nan,         nan,  0.00286176,
        -0.00275592, -0.00088336],
       [        nan,         nan,         nan,         nan,         nan,
        -0.00436975, -0.00413568],
       [        nan,         nan,         nan,         nan,         nan,
                nan, -0.01170275],
       [        nan,         nan,         nan,         nan,         nan,
                nan,         nan]]), 'S2_conf': array([[       nan, 0.09010609, 0.09652057, 0.08574607, 0.0908236 ,
        0.09157319, 0.0878875 ],
       [       nan,        nan, 0.03950911, 0.03936562, 0.03970933,
        0.04078833, 0.04026486],
       [       nan,        nan,        nan, 0.05638517, 0.05625772,
        0.06129496, 0.05894719],
       [       nan,        nan,        nan,        nan, 0.01330768,
        0.01389438, 0.01358173],
       [       nan,        nan,        nan,        nan,        nan,
        0.01392998, 0.01259046],
       [       nan,        nan,        nan,        nan,        nan,
               nan, 0.03093455],
       [       nan,        nan,        nan,        nan,        nan,
               nan,        nan]])}, {'S1': array([4.52051929e-01, 9.92689228e-02, 1.62258589e-01, 5.51912061e-03,
       1.02666490e-04, 2.82010912e-02, 6.69472368e-02]), 'S1_conf': array([0.06163499, 0.03127367, 0.03984607, 0.01830221, 0.00678059,
       0.02008947, 0.02498253]), 'ST': array([0.55917297, 0.18480872, 0.27949155, 0.05424009, 0.01215181,
       0.08006268, 0.13094837]), 'ST_conf': array([0.05482629, 0.02310772, 0.03419004, 0.00798325, 0.00287421,
       0.01067716, 0.01842078]), 'S2': array([[       nan, 0.00569266, 0.04885688, 0.00619898, 0.00341419,
        0.02189506, 0.00657872],
       [       nan,        nan, 0.01118523, 0.02219781, 0.0215649 ,
        0.01257763, 0.02447627],
       [       nan,        nan,        nan, 0.0094131 , 0.01371686,
        0.02118516, 0.01928644],
       [       nan,        nan,        nan,        nan, 0.00716818,
        0.01526939, 0.01602887],
       [       nan,        nan,        nan,        nan,        nan,
        0.007671  , 0.00450647],
       [       nan,        nan,        nan,        nan,        nan,
               nan, 0.02177461],
       [       nan,        nan,        nan,        nan,        nan,
               nan,        nan]]), 'S2_conf': array([[       nan, 0.08741427, 0.0910313 , 0.0871973 , 0.08575066,
        0.08827603, 0.08237394],
       [       nan,        nan, 0.04463916, 0.04306615, 0.04186682,
        0.0450025 , 0.04526099],
       [       nan,        nan,        nan, 0.05656831, 0.05538722,
        0.06000918, 0.05668934],
       [       nan,        nan,        nan,        nan, 0.02519962,
        0.02551316, 0.02517274],
       [       nan,        nan,        nan,        nan,        nan,
        0.01042235, 0.01020062],
       [       nan,        nan,        nan,        nan,        nan,
               nan, 0.02909288],
       [       nan,        nan,        nan,        nan,        nan,
               nan,        nan]])}, {'S1': array([ 0.20009695,  0.14056473,  0.14615876,  0.02628492, -0.00879343,
        0.03463768,  0.1851349 ]), 'S1_conf': array([0.04502949, 0.03855938, 0.03679662, 0.02740919, 0.00761319,
       0.02562259, 0.03845476]), 'ST': array([0.35243739, 0.27204643, 0.26588882, 0.14239462, 0.01009163,
       0.09262065, 0.30437385]), 'ST_conf': array([0.03999895, 0.0258374 , 0.0291623 , 0.01903618, 0.00262473,
       0.01311431, 0.03316871]), 'S2': array([[        nan,  0.02836498,  0.04581153,  0.03093065,  0.02990438,
         0.0292202 ,  0.02272051],
       [        nan,         nan,  0.02268428,  0.02097383,  0.01464518,
         0.00865862,  0.02952606],
       [        nan,         nan,         nan, -0.00147795, -0.00028064,
        -0.00216213,  0.01938949],
       [        nan,         nan,         nan,         nan,  0.02591441,
         0.02694068,  0.03532186],
       [        nan,         nan,         nan,         nan,         nan,
         0.0046127 ,  0.00888881],
       [        nan,         nan,         nan,         nan,         nan,
                nan, -0.0044889 ],
       [        nan,         nan,         nan,         nan,         nan,
                nan,         nan]]), 'S2_conf': array([[       nan, 0.05966197, 0.06143281, 0.06022899, 0.05707215,
        0.06072803, 0.06122149],
       [       nan,        nan, 0.04924204, 0.05249575, 0.05067707,
        0.05285658, 0.05250935],
       [       nan,        nan,        nan, 0.0543748 , 0.05304358,
        0.05307193, 0.05701663],
       [       nan,        nan,        nan,        nan, 0.04369709,
        0.04189711, 0.04178437],
       [       nan,        nan,        nan,        nan,        nan,
        0.01106729, 0.01029654],
       [       nan,        nan,        nan,        nan,        nan,
               nan, 0.03664057],
       [       nan,        nan,        nan,        nan,        nan,
               nan,        nan]])}]
------------
{'S1': array([0.26966965, 0.10685905, 0.35322945, 0.02824095, 0.03355219,
       0.12327314, 0.0797717 ]), 'S1_conf': array([0.04194146, 0.02676654, 0.04399528, 0.01338571, 0.01438706,
       0.02312048, 0.02216171]), 'ST': array([0.27705643, 0.11280988, 0.36869192, 0.03770722, 0.04168589,
       0.13310719, 0.08786151]), 'ST_conf': array([0.02512358, 0.0115822 , 0.0277441 , 0.00381962, 0.00427702,
       0.0115023 , 0.00813941]), 'S2': array([[        nan, -0.01443369, -0.00782923, -0.00632181, -0.01266057,
        -0.0093719 , -0.01447164],
       [        nan,         nan, -0.00356472, -0.00495827, -0.00273239,
        -0.00362166, -0.00423438],
       [        nan,         nan,         nan,  0.00131985,  0.00134967,
         0.01023966, -0.00398324],
       [        nan,         nan,         nan,         nan,  0.00472861,
         0.00779226,  0.00485062],
       [        nan,         nan,         nan,         nan,         nan,
        -0.00228265, -0.00325326],
       [        nan,         nan,         nan,         nan,         nan,
                nan,  0.0029284 ],
       [        nan,         nan,         nan,         nan,         nan,
                nan,         nan]]), 'S2_conf': array([[       nan, 0.07096995, 0.07441001, 0.06679945, 0.0673469 ,
        0.06925133, 0.06907013],
       [       nan,        nan, 0.03871897, 0.03161135, 0.03230952,
        0.03460045, 0.0343579 ],
       [       nan,        nan,        nan, 0.06109027, 0.05962698,
        0.06388031, 0.06315837],
       [       nan,        nan,        nan,        nan, 0.02232273,
        0.02334577, 0.02350256],
       [       nan,        nan,        nan,        nan,        nan,
        0.01991475, 0.02074355],
       [       nan,        nan,        nan,        nan,        nan,
               nan, 0.03719501],
       [       nan,        nan,        nan,        nan,        nan,
               nan,        nan]])}
------------
{'S1': array([2.06855800e-01, 1.01355354e-01, 1.41175594e-01, 1.67421881e-01,
       2.26719582e-04, 4.90521243e-02, 3.07836239e-01]), 'S1_conf': array([0.04018273, 0.02509311, 0.0270149 , 0.02922948, 0.00198156,
       0.01785989, 0.04360522]), 'ST': array([0.22273499, 0.11071315, 0.15733098, 0.18413948, 0.00087855,
       0.05358487, 0.32442238]), 'ST_conf': array([0.02165256, 0.01111116, 0.01410392, 0.01828097, 0.00011373,
       0.00490269, 0.03328004]), 'S2': array([[            nan, -7.88900406e-03,  3.28601282e-03,
        -7.79406535e-03, -3.23408591e-03, -4.79838379e-03,
        -4.11044326e-03],
       [            nan,             nan,  5.49929394e-03,
         1.95150725e-03, -1.97028868e-04, -1.65324267e-03,
         6.22813114e-03],
       [            nan,             nan,             nan,
         1.17193756e-03,  2.37108655e-03,  4.73286962e-03,
         7.90820444e-03],
       [            nan,             nan,             nan,
                    nan, -2.59832757e-03,  5.55746190e-05,
         1.16848367e-02],
       [            nan,             nan,             nan,
                    nan,             nan,  1.24375114e-03,
        -4.82672853e-04],
       [            nan,             nan,             nan,
                    nan,             nan,             nan,
         1.71310714e-04],
       [            nan,             nan,             nan,
                    nan,             nan,             nan,
                    nan]]), 'S2_conf': array([[       nan, 0.0577565 , 0.0553785 , 0.05847629, 0.05452508,
        0.05583973, 0.06475712],
       [       nan,        nan, 0.04023045, 0.04005244, 0.03958418,
        0.0411491 , 0.04615445],
       [       nan,        nan,        nan, 0.04476605, 0.03940778,
        0.04034567, 0.0377533 ],
       [       nan,        nan,        nan,        nan, 0.04224798,
        0.04414621, 0.05202974],
       [       nan,        nan,        nan,        nan,        nan,
        0.00297794, 0.00293877],
       [       nan,        nan,        nan,        nan,        nan,
               nan, 0.02570171],
       [       nan,        nan,        nan,        nan,        nan,
               nan,        nan]])}
------------
{'S1': array([nan, nan, nan, nan, nan, nan, nan]), 'S1_conf': array([nan, nan, nan, nan, nan, nan, nan]), 'ST': array([nan, nan, nan, nan, nan, nan, nan]), 'ST_conf': array([nan, nan, nan, nan, nan, nan, nan]), 'S2': array([[nan, nan, nan, nan, nan, nan, nan],
       [nan, nan, nan, nan, nan, nan, nan],
       [nan, nan, nan, nan, nan, nan, nan],
       [nan, nan, nan, nan, nan, nan, nan],
       [nan, nan, nan, nan, nan, nan, nan],
       [nan, nan, nan, nan, nan, nan, nan],
       [nan, nan, nan, nan, nan, nan, nan]]), 'S2_conf': array([[nan, nan, nan, nan, nan, nan, nan],
       [nan, nan, nan, nan, nan, nan, nan],
       [nan, nan, nan, nan, nan, nan, nan],
       [nan, nan, nan, nan, nan, nan, nan],
       [nan, nan, nan, nan, nan, nan, nan],
       [nan, nan, nan, nan, nan, nan, nan],
       [nan, nan, nan, nan, nan, nan, nan]])}
------------
