11264

[ 0.15929526  0.38875216  0.00048837 -0.00087715  0.00779637  0.00214807 0.4240098   0.01628031  0.00535521 -0.00165269]

[[            nan -6.71209315e-03 -1.52377564e-02 -1.37519232e-02  -1.58455972e-02 -1.39624824e-02 -8.09463313e-03 -1.40618028e-02  -1.36287659e-02 -1.55476360e-02]
 [            nan             nan -1.49757635e-02 -1.32634798e-02  -1.61596627e-02 -1.75620668e-02 -5.57608080e-03 -1.29615458e-02  -1.39507770e-02 -1.63106297e-02]
 [            nan             nan             nan -3.96005534e-04  -5.98619152e-04 -3.99978350e-04 -1.44085615e-03 -5.70809440e-04  -4.43679327e-04 -3.88059902e-04]
 [            nan             nan             nan             nan  -4.38201891e-05 -2.54379439e-04  2.34276933e-04 -3.98473731e-05  -7.95755334e-05 -3.58745570e-05]
 [            nan             nan             nan             nan              nan -5.96098474e-03 -4.64200981e-03 -5.63918664e-03  -5.81001773e-03 -5.66699635e-03]
 [            nan             nan             nan             nan              nan             nan  2.04510722e-03  3.85671134e-03   4.03946087e-03  4.06329777e-03]
 [            nan             nan             nan             nan              nan             nan             nan  3.37339767e-03   2.89665974e-03  6.55165050e-03]
 [            nan             nan             nan             nan              nan             nan             nan             nan  -1.18050479e-03 -1.84793789e-03]
 [            nan             nan             nan             nan              nan             nan             nan             nan              nan -2.96940347e-03]
 [            nan             nan             nan             nan              nan             nan             nan             nan              nan             nan]]

[1.60978506e-01 4.11681075e-01 2.46314594e-04 1.53747981e-03 7.59205145e-03 6.82728436e-03 4.41949961e-01 1.64355399e-02 6.69618143e-03 1.33089337e-03]





{'S1': array([ 0.15929526,  0.38875216,  0.00048837, -0.00087715,  0.00779637,
        0.00214807,  0.4240098 ,  0.01628031,  0.00535521, -0.00165269]), 'S1_conf': array([0.04729483, 0.08306478, 0.00183273, 0.00506574, 0.01053126,
       0.01066   , 0.09460314, 0.01625728, 0.00970119, 0.00530495]), 'ST': array([1.60978506e-01, 4.11681075e-01, 2.46314594e-04, 1.53747981e-03,
       7.59205145e-03, 6.82728436e-03, 4.41949961e-01, 1.64355399e-02,
       6.69618143e-03, 1.33089337e-03]), 'ST_conf': array([2.66673191e-02, 6.06493374e-02, 5.62508392e-05, 3.27706076e-04,
       1.36855608e-03, 1.34611593e-03, 6.54682574e-02, 2.40202901e-03,
       1.16181052e-03, 2.59247795e-04]), 'S2': array([[            nan, -6.71209315e-03, -1.52377564e-02,
        -1.37519232e-02, -1.58455972e-02, -1.39624824e-02,
        -8.09463313e-03, -1.40618028e-02, -1.36287659e-02,
        -1.55476360e-02],
       [            nan,             nan, -1.49757635e-02,
        -1.32634798e-02, -1.61596627e-02, -1.75620668e-02,
        -5.57608080e-03, -1.29615458e-02, -1.39507770e-02,
        -1.63106297e-02],
       [            nan,             nan,             nan,
        -3.96005534e-04, -5.98619152e-04, -3.99978350e-04,
        -1.44085615e-03, -5.70809440e-04, -4.43679327e-04,
        -3.88059902e-04],
       [            nan,             nan,             nan,
                    nan, -4.38201891e-05, -2.54379439e-04,
         2.34276933e-04, -3.98473731e-05, -7.95755334e-05,
        -3.58745570e-05],
       [            nan,             nan,             nan,
                    nan,             nan, -5.96098474e-03,
        -4.64200981e-03, -5.63918664e-03, -5.81001773e-03,
        -5.66699635e-03],
       [            nan,             nan,             nan,
                    nan,             nan,             nan,
         2.04510722e-03,  3.85671134e-03,  4.03946087e-03,
         4.06329777e-03],
       [            nan,             nan,             nan,
                    nan,             nan,             nan,
                    nan,  3.37339767e-03,  2.89665974e-03,
         6.55165050e-03],
       [            nan,             nan,             nan,
                    nan,             nan,             nan,
                    nan,             nan, -1.18050479e-03,
        -1.84793789e-03],
       [            nan,             nan,             nan,
                    nan,             nan,             nan,
                    nan,             nan,             nan,
        -2.96940347e-03],
       [            nan,             nan,             nan,
                    nan,             nan,             nan,
                    nan,             nan,             nan,
                    nan]]), 'S2_conf': array([[       nan, 0.07923051, 0.06888266, 0.06958096, 0.06880781,
        0.0688286 , 0.08093719, 0.07116592, 0.06968833, 0.06875151],
       [       nan,        nan, 0.10173732, 0.10370127, 0.10227525,
        0.10305018, 0.13123198, 0.10403997, 0.1033909 , 0.10141329],
       [       nan,        nan,        nan, 0.00264814, 0.00265884,
        0.00265075, 0.00275602, 0.00263125, 0.00264437, 0.00264193],
       [       nan,        nan,        nan,        nan, 0.00757083,
        0.00749839, 0.00809458, 0.00754195, 0.007465  , 0.00740962],
       [       nan,        nan,        nan,        nan,        nan,
        0.01349054, 0.01713881, 0.01348487, 0.01363014, 0.01358625],
       [       nan,        nan,        nan,        nan,        nan,
               nan, 0.016388  , 0.01414857, 0.01457181, 0.01425224],
       [       nan,        nan,        nan,        nan,        nan,
               nan,        nan, 0.11556627, 0.11680587, 0.1162214 ],
       [       nan,        nan,        nan,        nan,        nan,
               nan,        nan,        nan, 0.02194985, 0.02164509],
       [       nan,        nan,        nan,        nan,        nan,
               nan,        nan,        nan,        nan, 0.01363552],
       [       nan,        nan,        nan,        nan,        nan,
               nan,        nan,        nan,        nan,        nan]])}
11264 11264 11264