 Day 4
Simulating Day 5
Simulating Day 6
Simulating Day 7
New climate file is generated at E:\ARCHIVE\BAP\uwg\data\sensepw.epw.
27.80654761904762
************ CURRENT ITERATION: 16384 / 16384 EXCEPTIONS: 0 ************
16384
[27.21130952 27.21130952 27.21130952 ... 27.81130952 27.78571429 27.80654762]

[ 0.02782707  0.00164658  0.45041722  0.46749984  0.00678455 -0.00150491 -0.00372132]
[[        nan  0.0028582   0.00123466 -0.00014309  0.0025697   0.00321007
   0.00297405]
 [        nan         nan -0.00231604 -0.0030989  -0.00120987 -0.00217157
  -0.00237598]
 [        nan         nan         nan  0.03400603 -0.00125005 -0.00036814
   0.00411982]
 [        nan         nan         nan         nan  0.00029605  0.00302778
   0.00058886]
 [        nan         nan         nan         nan         nan -0.00260252
  -0.00276342]
 [        nan         nan         nan         nan         nan         nan
  -0.00262698]
 [        nan         nan         nan         nan         nan         nan
          nan]]
[0.03787711 0.00512286 0.48874263 0.51290203 0.01059433 0.00487354
 0.00472815]
{'S1': array([ 0.02782707,  0.00164658,  0.45041722,  0.46749984,  0.00678455,
       -0.00150491, -0.00372132]), 'S1_conf': array([0.01698331, 0.0067967 , 0.05962474, 0.06170439, 0.00871341,
       0.00632165, 0.00653748]), 'ST': array([0.03787711, 0.00512286, 0.48874263, 0.51290203, 0.01059433,
       0.00487354, 0.00472815]), 'ST_conf': array([0.00439264, 0.00080885, 0.04298624, 0.04857858, 0.00135612,
       0.00099535, 0.0009127 ]), 'S2': array([[        nan,  0.0028582 ,  0.00123466, -0.00014309,  0.0025697 ,
         0.00321007,  0.00297405],
       [        nan,         nan, -0.00231604, -0.0030989 , -0.00120987,
        -0.00217157, -0.00237598],
       [        nan,         nan,         nan,  0.03400603, -0.00125005,
        -0.00036814,  0.00411982],
       [        nan,         nan,         nan,         nan,  0.00029605,
         0.00302778,  0.00058886],
       [        nan,         nan,         nan,         nan,         nan,
        -0.00260252, -0.00276342],
       [        nan,         nan,         nan,         nan,         nan,
                nan, -0.00262698],
       [        nan,         nan,         nan,         nan,         nan,
                nan,         nan]]), 'S2_conf': array([[       nan, 0.02442654, 0.02888476, 0.0298845 , 0.02474847,
        0.02432519, 0.02419596],
       [       nan,        nan, 0.00888554, 0.00888522, 0.00773949,
        0.00760917, 0.00770272],
       [       nan,        nan,        nan, 0.1010932 , 0.08590456,
        0.08594752, 0.08569334],
       [       nan,        nan,        nan,        nan, 0.07413348,
        0.07354813, 0.07296557],
       [       nan,        nan,        nan,        nan,        nan,
        0.0130012 , 0.01306638],
       [       nan,        nan,        nan,        nan,        nan,
               nan, 0.0081253 ],
       [       nan,        nan,        nan,        nan,        nan,
               nan,        nan]])}
PS E:\ARCHIVE\BAP\uwg>