************ CURRENT ITERATION: 5631 / 5632 EXCEPTIONS: 0 ************
0.20224435321545092 5.120655812947336 1.3592069836853284 0.6096073154431519 1.0595703125 3.3876849150110235 22.203136100588484 4.453218721167389 6.0886484115946 29.580078125
Overwrite DOE reference schedule "pre80 midriseapartment" with custom schedule.
Overwrite DOE reference BEM "pre80 midriseapartment" with custom schedule.
Simulating new temperature and humidity values for 7 days from 7/10.
Simulating Day 1
Simulating Day 2
Simulating Day 3
Simulating Day 4
Simulating Day 5
Simulating Day 6
Simulating Day 7
New climate file is generated at C:\Users\Monster\Desktop\uwg\data\sensepw.epw.
24.267261904761906
************ CURRENT ITERATION: 5632 / 5632 EXCEPTIONS: 0 ************
5632
[24.27321429 24.28154762 24.2547619  ... 24.26607143 24.2672619
 24.2672619 ]
[ 6.46021598e-02  3.20195533e-01 -1.49902191e-03 -3.45783878e-04
  3.68680383e-03 -2.33206236e-04  5.83584873e-01  2.41567745e-02
  1.06311920e-02 -3.85230065e-03]
[[            nan  3.82053070e-02  2.72810624e-02  2.74672154e-02
   2.53607467e-02  2.89270472e-02  2.28623769e-02  2.63796897e-02
   2.58702182e-02  2.98578125e-02]
 [            nan             nan -2.52497904e-02 -2.39271240e-02
  -2.61805557e-02 -2.56710842e-02 -8.19229278e-03 -2.18892380e-02
  -2.53085756e-02 -2.39467191e-02]
 [            nan             nan             nan  1.55000663e-03
   1.51081652e-03  1.79494485e-03 -6.05449704e-04  1.62838686e-03
   1.76555227e-03  1.79494485e-03]
 [            nan             nan             nan             nan
   1.15804285e-03  1.29520826e-03  2.39253148e-03  2.61787465e-03
   1.86346493e-03  1.91245257e-03]
 [            nan             nan             nan             nan
              nan -1.09726060e-03 -4.78113143e-03 -4.31028641e-04
   2.35203318e-04 -9.01310024e-04]
 [            nan             nan             nan             nan
              nan             nan  4.12188926e-03  3.20448081e-04
   1.67246878e-05 -1.64885521e-03]
 [            nan             nan             nan             nan
              nan             nan             nan -3.17890842e-04
  -9.18465441e-03 -3.37625069e-05]
 [            nan             nan             nan             nan
              nan             nan             nan             nan
   5.93256026e-03  5.25653077e-03]
 [            nan             nan             nan             nan
              nan             nan             nan             nan
              nan -4.00332037e-03]
 [            nan             nan             nan             nan
              nan             nan             nan             nan
              nan             nan]]
[8.46065600e-02 3.14505573e-01 4.11496210e-04 1.44513550e-03
 3.92391029e-03 7.06401827e-03 6.03493483e-01 3.01176035e-02
 1.41035427e-02 2.07707611e-03]
{'S1': array([ 6.46021598e-02,  3.20195533e-01, -1.49902191e-03, -3.45783878e-04,
        3.68680383e-03, -2.33206236e-04,  5.83584873e-01,  2.41567745e-02,
        1.06311920e-02, -3.85230065e-03]), 'S1_conf': array([0.05502997, 0.10000539, 0.00326838, 0.0063559 , 0.01094355,
       0.01398862, 0.14241011, 0.02726876, 0.02222297, 0.00779913]), 'ST': array([8.46065600e-02, 3.14505573e-01, 4.11496210e-04, 1.44513550e-03,
       3.92391029e-03, 7.06401827e-03, 6.03493483e-01, 3.01176035e-02,
       1.41035427e-02, 2.07707611e-03]), 'ST_conf': array([0.0188433 , 0.07201505, 0.0001742 , 0.00043248, 0.00107015,
       0.00186999, 0.11822655, 0.00733732, 0.00336983, 0.00067597]), 'S2': array([[            nan,  3.82053070e-02,  2.72810624e-02,
         2.74672154e-02,  2.53607467e-02,  2.89270472e-02,
         2.28623769e-02,  2.63796897e-02,  2.58702182e-02,
         2.98578125e-02],
       [            nan,             nan, -2.52497904e-02,
        -2.39271240e-02, -2.61805557e-02, -2.56710842e-02,
        -8.19229278e-03, -2.18892380e-02, -2.53085756e-02,
        -2.39467191e-02],
       [            nan,             nan,             nan,
         1.55000663e-03,  1.51081652e-03,  1.79494485e-03,
        -6.05449704e-04,  1.62838686e-03,  1.76555227e-03,
         1.79494485e-03],
       [            nan,             nan,             nan,
                    nan,  1.15804285e-03,  1.29520826e-03,
         2.39253148e-03,  2.61787465e-03,  1.86346493e-03,
         1.91245257e-03],
       [            nan,             nan,             nan,
                    nan,             nan, -1.09726060e-03,
        -4.78113143e-03, -4.31028641e-04,  2.35203318e-04,
        -9.01310024e-04],
       [            nan,             nan,             nan,
                    nan,             nan,             nan,
         4.12188926e-03,  3.20448081e-04,  1.67246878e-05,
        -1.64885521e-03],
       [            nan,             nan,             nan,
                    nan,             nan,             nan,
                    nan, -3.17890842e-04, -9.18465441e-03,
        -3.37625069e-05],
       [            nan,             nan,             nan,
                    nan,             nan,             nan,
                    nan,             nan,  5.93256026e-03,
         5.25653077e-03],
       [            nan,             nan,             nan,
                    nan,             nan,             nan,
                    nan,             nan,             nan,
        -4.00332037e-03],
       [            nan,             nan,             nan,
                    nan,             nan,             nan,
                    nan,             nan,             nan,
                    nan]]), 'S2_conf': array([[       nan, 0.08990424, 0.06919919, 0.06974063, 0.06951023,
        0.07001433, 0.09466678, 0.07112897, 0.07044998, 0.06870412],
       [       nan,        nan, 0.11584597, 0.11729014, 0.11698883,
        0.11871149, 0.13365507, 0.11609153, 0.11463688, 0.11661246],
       [       nan,        nan,        nan, 0.00563776, 0.00577928,
        0.00566135, 0.00585684, 0.00547217, 0.00564202, 0.00566089],
       [       nan,        nan,        nan,        nan, 0.01080241,
        0.01088619, 0.01221471, 0.01147011, 0.01092492, 0.01096603],
       [       nan,        nan,        nan,        nan,        nan,
        0.01456302, 0.01983419, 0.01464005, 0.01451738, 0.01472806],
       [       nan,        nan,        nan,        nan,        nan,
               nan, 0.02602781, 0.01876155, 0.01851852, 0.01845695],
       [       nan,        nan,        nan,        nan,        nan,
               nan,        nan, 0.16694811, 0.16264647, 0.15929602],
       [       nan,        nan,        nan,        nan,        nan,
               nan,        nan,        nan, 0.04273401, 0.04249626],
       [       nan,        nan,        nan,        nan,        nan,
               nan,        nan,        nan,        nan, 0.02981026],
       [       nan,        nan,        nan,        nan,        nan,
               nan,        nan,        nan,        nan,        nan]])}
5632 5632 5632

C:\Users\Monster\Desktop\uwg>