************ CURRENT ITERATION: 1152 / 1152 EXCEPTIONS: 0 ************
1152
'bld_height', 'ver_to_hor', 'bld_density', 'waste_into_canyon', 'urban_area_length', 'road_albedo', 'sensible_anthropogenic_heat'
[ 0.02465561  -0.00293936    0.49963882     0.44553247           0.0068672  -         0.00842938     -0.0058267 ]

[[            nan  1.25863483e-02  1.44282092e-02  9.00744238e-03  1.60426624e-02  1.33050733e-02  1.35103573e-02]
 [            nan             nan  4.01644712e-03 -4.74904736e-03 -7.01087638e-05 -6.60699966e-05 -1.20098905e-04]
 [            nan             nan             nan  1.17634580e-01  9.04340416e-02  8.01959664e-02  8.18202643e-02]
 [            nan             nan             nan             nan  9.89401071e-02  1.11713818e-01  1.07744937e-01]
 [            nan             nan             nan             nan             nan  4.12764847e-03  3.69922491e-03]
 [            nan             nan             nan             nan             nan             nan  7.67661482e-03]
 [            nan             nan             nan             nan            nan             nan             nan]]

[3.61104215e-02 3.19347263e-04 5.82488728e-01 5.05728331e-01

 8.33386117e-03 1.11294376e-03 7.43689534e-04]

{'S1': array([ 0.02465561, -0.00293936,  0.49963882,  0.44553247,  0.0068672 ,0.00842938, -0.0058267 ]), 

'S1_conf': array([0.06218471, 0.00477   , 0.21186996, 0.2066866 , 0.02994405,  0.00989645, 0.00802147]), 

'ST': array([3.61104215e-02, 3.19347263e-04, 5.82488728e-01, 5.05728331e-01,8.33386117e-03, 1.11294376e-03, 7.43689534e-04]),

'ST_conf': array([0.01056064, 0.0002064 , 0.18006921, 0.16699994, 0.0027157 , 0.00179037, 0.00113753]), 

'S2': array([[      nan,  1.25863483e-02,  1.44282092e-02,9.00744238e-03,    1.60426624e-02,  1.33050733e-02, 1.35103573e-02],
       [            nan,             nan,  4.01644712e-03, -4.74904736e-03, -7.01087638e-05, -6.60699966e-05, -1.20098905e-04],
       [            nan,             nan,             nan, 1.17634580e-01,  9.04340416e-02,  8.01959664e-02,   8.18202643e-02],
       [            nan,             nan,             nan,            nan,  9.89401071e-02,  1.11713818e-01,   1.07744937e-01],
       [            nan,             nan,             nan,            nan,             nan,  4.12764847e-03,   3.69922491e-03],
       [            nan,             nan,             nan,            nan,             nan,             nan,   7.67661482e-03],
       [            nan,             nan,             nan,            nan,             nan,             nan,             nan]]), 

'
S2_conf':[[   nan,      0.08299345,  0.13543133, 0.09624304,  0.08144301,     0.08278813, 0.08283029],
       [       nan,        nan, 0.00703218, 0.00635786, 0.00804722,            0.00806775, 0.00801258],
       [       nan,        nan,        nan, 0.40195947, 0.29864043,            0.30248932, 0.30200099],
       [       nan,        nan,        nan,        nan, 0.26228523,            0.25552961, 0.25683704],
       [       nan,        nan,        nan,        nan,        nan,            0.04497387, 0.04491591],
       [       nan,        nan,        nan,        nan,        nan,                   nan, 0.01132254],
       [       nan,        nan,        nan,        nan,        nan,                  nan,        nan]])}