
************ CURRENT ITERATION: 22528 / 22528 EXCEPTIONS: 0 ************
22528
[25.83630952 25.83630952 25.83630952 ... 25.84047619 25.84107143 25.84285714]

[1.21408239e-01 3.21316324e-01 5.48156925e-04 1.01854319e-05 2.11738212e-04 5.64814279e-03 5.05653042e-01 2.04143025e-02 7.17372017e-03 2.48466756e-05]

[[            nan  8.16582738e-03 -2.74749880e-03 -2.46313121e-03  -1.98132978e-03 -1.65140054e-03  2.73718209e-03 -2.12063324e-03  -2.01432270e-03 -2.22327789e-03]
 [            nan             nan -2.47891505e-03 -2.18826310e-03  -2.05314922e-03 -2.95338473e-03  4.25111781e-03 -1.80701153e-03  -2.80989169e-03 -2.42968752e-03]
 [            nan             nan             nan -1.34479655e-03  -1.36731553e-03 -1.27619222e-03 -2.21989734e-04 -1.22696468e-03  -1.24738887e-03 -1.35369941e-03]
 [            nan             nan             nan             nan   2.16355316e-04  2.73438312e-04  2.78243201e-05  3.88128001e-04   2.59822185e-04  2.23687077e-04]
 [            nan             nan             nan             nan              nan -1.34013889e-03  8.06516487e-05 -1.00078309e-03  -1.39931667e-03 -1.36422896e-03]
 [            nan             nan             nan             nan              nan             nan  1.73760819e-04  2.54933887e-04   3.34535863e-04  2.07277441e-04]
 [            nan             nan             nan             nan              nan             nan             nan  5.38075138e-03   2.68004486e-03  7.45507366e-04]
 [            nan             nan             nan             nan              nan             nan             nan             nan   2.22533028e-04 -4.61939227e-04]
 [            nan             nan             nan             nan              nan             nan             nan             nan              nan -1.01981577e-03]
 [            nan             nan             nan             nan              nan             nan             nan             nan              nan             nan]]

[1.31082197e-01 3.39564748e-01 2.96150773e-04 1.97172000e-04 1.17203436e-03 6.63917139e-03 5.15795929e-01 2.25810382e-02 8.92118199e-03 5.51715012e-04]

{'S1': array([1.21408239e-01, 3.21316324e-01, 5.48156925e-04, 1.01854319e-05, 2.11738212e-04, 5.64814279e-03, 5.05653042e-01, 2.04143025e-02,7.17372017e-03, 2.48466756e-05]), 


'S1_conf': array([0.02937225, 0.05175561, 0.00137194, 0.00122042, 0.00295694,    0.00668489, 0.0524631 , 0.01215906, 0.0075628 , 0.00188986]),

 'ST': array([1.31082197e-01, 3.39564748e-01, 2.96150773e-04, 1.97172000e-04, 1.17203436e-03, 6.63917139e-03, 5.15795929e-01, 2.25810382e-02,   8.92118199e-03, 5.51715012e-04]),

 'ST_conf': array([1.32410570e-02, 3.20354862e-02, 5.10560094e-05, 3.15020423e-05,  1.63432021e-04, 9.35691426e-04, 3.73289449e-02, 2.28047179e-03,1.02456344e-03, 7.54466610e-05]),

 'S2': array([[            nan,  8.16582738e-03, -2.74749880e-03,
        -2.46313121e-03, -1.98132978e-03, -1.65140054e-03,
         2.73718209e-03, -2.12063324e-03, -2.01432270e-03,
        -2.22327789e-03],
       [            nan,             nan, -2.47891505e-03,
        -2.18826310e-03, -2.05314922e-03, -2.95338473e-03,
         4.25111781e-03, -1.80701153e-03, -2.80989169e-03,
        -2.42968752e-03],
       [            nan,             nan,             nan,
        -1.34479655e-03, -1.36731553e-03, -1.27619222e-03,
        -2.21989734e-04, -1.22696468e-03, -1.24738887e-03,
        -1.35369941e-03],
       [            nan,             nan,             nan,
                    nan,  2.16355316e-04,  2.73438312e-04,
         2.78243201e-05,  3.88128001e-04,  2.59822185e-04,
         2.23687077e-04],
       [            nan,             nan,             nan,
                    nan,             nan, -1.34013889e-03,
         8.06516487e-05, -1.00078309e-03, -1.39931667e-03,
        -1.36422896e-03],
       [            nan,             nan,             nan,
                    nan,             nan,             nan,
         1.73760819e-04,  2.54933887e-04,  3.34535863e-04,
         2.07277441e-04],
       [            nan,             nan,             nan,
                    nan,             nan,             nan,
                    nan,  5.38075138e-03,  2.68004486e-03,
         7.45507366e-04],
       [            nan,             nan,             nan,
                    nan,             nan,             nan,
                    nan,             nan,  2.22533028e-04,
        -4.61939227e-04],
       [            nan,             nan,             nan,
                    nan,             nan,             nan,
                    nan,             nan,             nan,
        -1.01981577e-03],
       [            nan,             nan,             nan,
                    nan,             nan,             nan,
                    nan,             nan,             nan,
                    nan]]), 'S2_conf': array([[       nan, 0.04433346, 0.03746619, 0.03760799, 0.03753541,
        0.03715692, 0.04996191, 0.03790852, 0.03729384, 0.03750433],
       [       nan,        nan, 0.07283328, 0.07255768, 0.07246369,
        0.07300376, 0.08991545, 0.07424275, 0.07243235, 0.0725781 ],
       [       nan,        nan,        nan, 0.00197542, 0.00197291,
        0.00198059, 0.00207731, 0.00200253, 0.00196075, 0.00197536],
       [       nan,        nan,        nan,        nan, 0.00173294,
        0.00173554, 0.00180465, 0.00169912, 0.00172737, 0.00173136],
       [       nan,        nan,        nan,        nan,        nan,
        0.00477196, 0.00474594, 0.00465213, 0.00466292, 0.0046941 ],
       [       nan,        nan,        nan,        nan,        nan,
               nan, 0.01095069, 0.00883589, 0.00894186, 0.00886241],
       [       nan,        nan,        nan,        nan,        nan,
               nan,        nan, 0.06485877, 0.06377827, 0.0626227 ],
       [       nan,        nan,        nan,        nan,        nan,
               nan,        nan,        nan, 0.01933714, 0.01956909],
       [       nan,        nan,        nan,        nan,        nan,
               nan,        nan,        nan,        nan, 0.0114524 ],
       [       nan,        nan,        nan,        nan,        nan,
               nan,        nan,        nan,        nan,        nan]])}
22528 22528 22528