************ CURRENT ITERATION: 3584 / 3584 EXCEPTIONS: 0 ************
3584
'daytime_urban_boundary_height', 'nighttime_urban_boundary_height', 'circulation_coefficient', 'UCM_UBL_exchange_coefficient', 'day_heatflux_treshold', 'night_heatflux_treshold'
[       3.03169640e-04                    0.00000000e+00                2.34408797e-05                 9.64287866e-01              0.00000000e+00            0.00000000e+00]
[[            nan -5.81177534e-04 -5.82426005e-04 -1.70902603e-03
  -5.81177534e-04 -5.81177534e-04]
 [            nan             nan -1.95156391e-18  1.11022302e-16
   0.00000000e+00  0.00000000e+00]
 [            nan             nan             nan -6.93348811e-04
   2.46077001e-04  2.46077001e-04]
 [            nan             nan             nan             nan
  -4.90047916e-05 -4.90047916e-05]
 [            nan             nan             nan             nan
              nan  0.00000000e+00]
 [            nan             nan             nan             nan
              nan             nan]]
[1.05075519e-04 0.00000000e+00 5.87844520e-05 9.65028991e-01
 0.00000000e+00 0.00000000e+00]
{'S1': array([3.03169640e-04, 0.00000000e+00, 2.34408797e-05, 9.64287866e-01,
       0.00000000e+00, 0.00000000e+00]), 'S1_conf': array([0.00167801, 0.        , 0.00110742, 0.23569696, 0.        ,
       0.        ]), 'ST': array([1.05075519e-04, 0.00000000e+00, 5.87844520e-05, 9.65028991e-01,
       0.00000000e+00, 0.00000000e+00]), 'ST_conf': array([2.82882835e-05, 0.00000000e+00, 1.82770729e-05, 1.45087085e-01,
       0.00000000e+00, 0.00000000e+00]), 'S2': array([[            nan, -5.81177534e-04, -5.82426005e-04,
        -1.70902603e-03, -5.81177534e-04, -5.81177534e-04],
       [            nan,             nan, -1.95156391e-18,
         1.11022302e-16,  0.00000000e+00,  0.00000000e+00],
       [            nan,             nan,             nan,
        -6.93348811e-04,  2.46077001e-04,  2.46077001e-04],
       [            nan,             nan,             nan,
                    nan, -4.90047916e-05, -4.90047916e-05],
       [            nan,             nan,             nan,
                    nan,             nan,  0.00000000e+00],
       [            nan,             nan,             nan,
                    nan,             nan,             nan]]), 'S2_conf': array([[           nan, 2.19171772e-03, 2.19021559e-03, 3.63838337e-03,
        2.19171772e-03, 2.19171772e-03],
       [           nan,            nan, 7.22373859e-18, 2.45836029e-16,
        0.00000000e+00, 0.00000000e+00],
       [           nan,            nan,            nan, 2.27064570e-03,
        1.56460593e-03, 1.56460593e-03],
       [           nan,            nan,            nan,            nan,
        3.65136688e-01, 3.65136688e-01],
       [           nan,            nan,            nan,            nan,
                   nan, 0.00000000e+00],
       [           nan,            nan,            nan,            nan,
                   nan,            nan]])}