************ CURRENT ITERATION: 1024 / 1024 EXCEPTIONS: 0 ************
1024

'bld_height', 'ver_to_hor', 'bld_density', 'waste_into_canyon', 'urban_area_length', 'road_albedo', 'sensible_anthropogenic_heat'
[ 0.02410783   0.00491867    0.51082906        0.51922593           0.0058454         -0.00607029          -0.01497901]

[[        nan  0.02891848  0.05096384  0.01405402  0.028497    0.03323734 0.03596843]
 [        nan         nan -0.01185214  0.00485429 -0.01836585 -0.01048282-0.01109296]
 [        nan         nan         nan  0.0373069   0.00233091 -0.00309345 0.01180334]
 [        nan         nan         nan         nan  0.01016683 -0.01661566-0.01325376]
 [        nan         nan         nan         nan         nan  0.00365584 0.00342085]
 [        nan         nan         nan         nan         nan         nan 0.03062115]
 [        nan         nan         nan         nan         nan         nan       nan]]


{'S1': array([ 0.02410783,  0.00491867,  0.51082906,  0.51922593,  0.0058454 ,
       -0.00607029, -0.01497901]), 'S1_conf': array([0.07868011, 0.02699204, 0.22852948, 0.20534333, 0.04361526,
       0.01890503, 0.02526385]), 'ST': array([0.03688333, 0.00745631, 0.57697559, 0.53014947, 0.01825932,
       0.00370072, 0.00626708]), 'ST_conf': array([0.01284902, 0.00758331, 0.20562202, 0.18517545, 0.01178952,
       0.00411935, 0.00572609]), 'S2': array([[        nan,  0.02891848,  0.05096384,  0.01405402,  0.028497  ,
         0.03323734,  0.03596843],
       [        nan,         nan, -0.01185214,  0.00485429, -0.01836585,
        -0.01048282, -0.01109296],
       [        nan,         nan,         nan,  0.0373069 ,  0.00233091,
        -0.00309345,  0.01180334],
       [        nan,         nan,         nan,         nan,  0.01016683,
        -0.01661566, -0.01325376],
       [        nan,         nan,         nan,         nan,         nan,
         0.00365584,  0.00342085],
       [        nan,         nan,         nan,         nan,         nan,
                nan,  0.03062115],
       [        nan,         nan,         nan,         nan,         nan,
                nan,         nan]]), 'S2_conf': array([[       nan, 0.08319623, 0.14162022, 0.1070202 , 0.08243218,
        0.08109702, 0.08045414],
       [       nan,        nan, 0.03833236, 0.03345052, 0.03510526,
        0.03445172, 0.03432526],
       [       nan,        nan,        nan, 0.41642886, 0.34554243,
        0.33109635, 0.33739097],
       [       nan,        nan,        nan,        nan, 0.26964463,
        0.26817803, 0.27187779],
       [       nan,        nan,        nan,        nan,        nan,
        0.06148735, 0.06105997],
       [       nan,        nan,        nan,        nan,        nan,
               nan, 0.03143316],
       [       nan,        nan,        nan,        nan,        nan,
               nan,        nan]])}