************ CURRENT ITERATION: 22528 / 22528 EXCEPTIONS: 0 ************
22528
[26.4827381  26.4827381  26.4827381  ... 26.54345238 26.6452381 26.64107143]

'glazing_ratio',    'wall_u_value',    'window_u_value',   'window_sghc',    'infiltration_rate',    'chiller_cop',     indoor_temp_set_point',    'equipment_load_density',   'lighting_load_density',   'occupancy_density'
[-8.80221895e-03   -7.45464330e-03      -2.19428149e-03    -7.59685433e-03      -3.71370764e-04      3.39845976e-02          8.38567718e-02            2.53732554e-02              4.25648947e-01            -2.81843912e-03]

[[        nan  0.01137321  0.01089021  0.01072225  0.00928644  0.00979583   0.01053902  0.00909673 -0.00334947  0.01053883]
 [        nan         nan  0.00932809  0.00084995  0.00839134  0.00623034   0.02001245  0.00593792  0.02099483  0.0091023 ]
 [        nan         nan         nan  0.00520348  0.00465693  0.00385703   0.01116334  0.00511974 -0.00186465  0.00493284]
 [        nan         nan         nan         nan  0.01888135  0.01524954   0.02430666  0.02156943  0.01445447  0.0200257 ]
 [        nan         nan         nan         nan         nan  0.02994911   0.03274866  0.03374239  0.02011021  0.02871098]
 [        nan         nan         nan         nan         nan         nan   0.00426751  0.00591066 -0.00032777 -0.00305583]
 [        nan         nan         nan         nan         nan         nan          nan  0.03739048  0.20505859  0.04236417]
 [        nan         nan         nan         nan         nan         nan          nan         nan  0.09192604  0.02529229]
 [        nan         nan         nan         nan         nan         nan          nan         nan         nan -0.03302093]
 [        nan         nan         nan         nan         nan         nan          nan         nan         nan         nan]]


[0.06020647 0.02581073 0.00395943 0.04291828 0.05584237 0.04383323 0.46849995 0.32010403 0.7793926  0.00850927]

{'S1': array([-8.80221895e-03, -7.45464330e-03, -2.19428149e-03, -7.59685433e-03, -3.71370764e-04,  3.39845976e-02,  8.38567718e-02,  2.53732554e-02, 4.25648947e-01, -2.81843912e-03]), 

'S1_conf': array([0.01852366, 0.0079481 , 0.00309272, 0.01011882, 0.02020346,0.0164989 , 0.06974428, 0.05434313, 0.0768558 , 0.00409133]), 

'ST': array([0.06020647, 0.02581073, 0.00395943, 0.04291828, 0.05584237,  0.04383323, 0.46849995, 0.32010403, 0.7793926 , 0.00850927]), 

'ST_conf': array([0.03261404, 0.01765492, 0.001706  , 0.02472659, 0.02705578,0.00533079, 0.06505882, 0.05857188, 0.0977278 , 0.00657692]),


 'S2': array([[        nan,  0.01137321,  0.01089021,  0.01072225,  0.00928644, 0.00979583,  0.01053902,  0.00909673, -0.00334947,  0.01053883],
       [        nan,         nan,  0.00932809,  0.00084995,  0.00839134,        0.00623034,  0.02001245,  0.00593792,  0.02099483,  0.0091023 ],
       [        nan,         nan,         nan,  0.00520348,  0.00465693,        0.00385703,  0.01116334,  0.00511974, -0.00186465,  0.00493284],
       [        nan,         nan,         nan,         nan,  0.01888135,        0.01524954,  0.02430666,  0.02156943,  0.01445447,  0.0200257 ],
       [        nan,         nan,         nan,         nan,         nan,        0.02994911,  0.03274866,  0.03374239,  0.02011021,  0.02871098],
       [        nan,         nan,         nan,         nan,         nan,               nan,  0.00426751,  0.00591066, -0.00032777, -0.00305583],
       [        nan,         nan,         nan,         nan,         nan,               nan,         nan,  0.03739048,  0.20505859,  0.04236417],
       [        nan,         nan,         nan,         nan,         nan,               nan,         nan,         nan,  0.09192604,  0.02529229],
       [        nan,         nan,         nan,         nan,         nan,               nan,         nan,         nan,         nan, -0.03302093],
       [        nan,         nan,         nan,         nan,         nan,               nan,         nan,         nan,         nan,         nan]]),


 'S2_conf': array([[       nan, 0.02106041, 0.02205058, 0.02328341, 0.02283934,   0.02072448, 0.02839727, 0.02579919, 0.02703295, 0.02241626],
       [       nan,        nan, 0.01913722, 0.0113032 , 0.01794061, 0.01836921, 0.02447463, 0.01115071, 0.01882423, 0.01877329],
       [       nan,        nan,        nan, 0.00924188, 0.00940094,      0.00957892, 0.01268815, 0.00760417, 0.00938656, 0.00922081],
       [       nan,        nan,        nan,        nan, 0.01784595,
        0.01866355, 0.018344  , 0.01553042, 0.0229305 , 0.01849997],
       [       nan,        nan,        nan,        nan,        nan,
        0.03723709, 0.03693397, 0.03445026, 0.04032447, 0.03384236],
       [       nan,        nan,        nan,        nan,        nan,
               nan, 0.02834237, 0.02484966, 0.03419741, 0.02499231],
       [       nan,        nan,        nan,        nan,        nan,
               nan,        nan, 0.08904084, 0.12048925, 0.09196624],
       [       nan,        nan,        nan,        nan,        nan,
               nan,        nan,        nan, 0.07717318, 0.06742468],
       [       nan,        nan,        nan,        nan,        nan,
               nan,        nan,        nan,        nan, 0.08681139],
       [       nan,        nan,        nan,        nan,        nan,
               nan,        nan,        nan,        nan,        nan]])}