************ CURRENT ITERATION: 16384 / 16384 EXCEPTIONS: 0 ************
16384

'bld_height',  'ver_to_hor',   'bld_density',    'waste_into_canyon',  'urban_area_length', 'road_albedo', 'sensible_anthropogenic_heat'
[ 0.0787508     0.00060266        0.56402017            0.26622462          0.00358943      -0.00097322         -0.00066199]


[[            nan  2.03020508e-03  1.40902410e-02  1.01498147e-02   1.66580067e-03  3.37616627e-03  3.35001590e-03]
 [            nan             nan -3.83036467e-03 -3.15782208e-03  -2.09635617e-03 -2.22383991e-03 -2.31453792e-03]
 [            nan             nan             nan  5.47419232e-02   4.66440800e-03  4.90554223e-03  6.11396631e-03]
 [            nan             nan             nan             nan   6.37900848e-03  6.95732037e-03  8.11996005e-03]
 [            nan             nan             nan             nan              nan -4.08804969e-05 -2.33243189e-04]
 [            nan             nan             nan             nan              nan             nan -4.79483058e-04]
 [            nan             nan             nan             nan              nan             nan             nan]]


[0.10371081 0.00215321 0.6369032  0.33429936 0.0046454  0.00212353 0.00218485]

{'S1': array([ 0.0787508 ,  0.00060266,  0.56402017,  0.26622462,  0.00358943,    -0.00097322, -0.00066199]), 

'S1_conf': array([0.03083738, 0.00402418, 0.06990733, 0.04158042, 0.00570818,   0.00420833, 0.00479763]), 

'ST': array([0.10371081, 0.00215321, 0.6369032 , 0.33429936, 0.0046454 ,  0.00212353, 0.00218485]), 


'ST_conf': array([0.01102296, 0.00029485, 0.05732886, 0.04026992, 0.00059119,
       0.00042263, 0.00040478]), 'S2': array([[            nan,  2.03020508e-03,  1.40902410e-02,
         1.01498147e-02,  1.66580067e-03,  3.37616627e-03,
         3.35001590e-03],
       [            nan,             nan, -3.83036467e-03,
        -3.15782208e-03, -2.09635617e-03, -2.22383991e-03,
        -2.31453792e-03],
       [            nan,             nan,             nan,
         5.47419232e-02,  4.66440800e-03,  4.90554223e-03,
         6.11396631e-03],
       [            nan,             nan,             nan,
                    nan,  6.37900848e-03,  6.95732037e-03,
         8.11996005e-03],
       [            nan,             nan,             nan,
                    nan,             nan, -4.08804969e-05,
        -2.33243189e-04],
       [            nan,             nan,             nan,
                    nan,             nan,             nan,
        -4.79483058e-04],
       [            nan,             nan,             nan,
                    nan,             nan,             nan,
                    nan]]), 'S2_conf': array([[       nan, 0.0458197 , 0.05934414, 0.05035765, 0.04638119,
        0.045964  , 0.04584412],
       [       nan,        nan, 0.0059389 , 0.00632745, 0.00618885,
        0.00619689, 0.00620335],
       [       nan,        nan,        nan, 0.10327477, 0.0799621 ,
        0.080526  , 0.08004455],
       [       nan,        nan,        nan,        nan, 0.06067845,
        0.06156812, 0.06121678],
       [       nan,        nan,        nan,        nan,        nan,
        0.00802461, 0.00809376],
       [       nan,        nan,        nan,        nan,        nan,
               nan, 0.00529479],
       [       nan,        nan,        nan,        nan,        nan,
               nan,        nan]])}