22528
[25.83630952 25.83630952 25.83630952 ... 25.84047619 25.84107143
 25.84285714]
[1.21408239e-01 3.21316324e-01 5.48156925e-04 1.01854319e-05
 2.11738212e-04 5.64814279e-03 5.05653042e-01 2.04143025e-02
 7.17372017e-03 2.48466756e-05]
[[            nan  8.16582738e-03 -2.74749880e-03 -2.46313121e-03
  -1.98132978e-03 -1.65140054e-03  2.73718209e-03 -2.12063324e-03
  -2.01432270e-03 -2.22327789e-03]
 [            nan             nan -2.47891505e-03 -2.18826310e-03
  -2.05314922e-03 -2.95338473e-03  4.25111781e-03 -1.80701153e-03
  -2.80989169e-03 -2.42968752e-03]
 [            nan             nan             nan -1.34479655e-03
  -1.36731553e-03 -1.27619222e-03 -2.21989734e-04 -1.22696468e-03
  -1.24738887e-03 -1.35369941e-03]
 [            nan             nan             nan             nan
   2.16355316e-04  2.73438312e-04  2.78243201e-05  3.88128001e-04
   2.59822185e-04  2.23687077e-04]
 [            nan             nan             nan             nan
              nan -1.34013889e-03  8.06516487e-05 -1.00078309e-03
  -1.39931667e-03 -1.36422896e-03]
 [            nan             nan             nan             nan
              nan             nan  1.73760819e-04  2.54933887e-04
   3.34535863e-04  2.07277441e-04]
 [            nan             nan             nan             nan
              nan             nan             nan  5.38075138e-03
   2.68004486e-03  7.45507366e-04]
 [            nan             nan             nan             nan
              nan             nan             nan             nan
   2.22533028e-04 -4.61939227e-04]
 [            nan             nan             nan             nan
              nan             nan             nan             nan
              nan -1.01981577e-03]
 [            nan             nan             nan             nan
              nan             nan             nan             nan
              nan             nan]]
[1.31082197e-01 3.39564748e-01 2.96150773e-04 1.97172000e-04
 1.17203436e-03 6.63917139e-03 5.15795929e-01 2.25810382e-02
 8.92118199e-03 5.51715012e-04]
{'S1': array([1.21408239e-01, 3.21316324e-01, 5.48156925e-04, 1.01854319e-05,
       2.11738212e-04, 5.64814279e-03, 5.05653042e-01, 2.04143025e-02,
       7.17372017e-03, 2.48466756e-05]), 'S1_conf': array([0.02594246, 0.04988257, 0.00139953, 0.0011328 , 0.0027091 ,
       0.00718472, 0.05221311, 0.01261439, 0.00828456, 0.00198225]), 'ST': array([1.31082197e-01, 3.39564748e-01, 2.96150773e-04, 1.97172000e-04,
       1.17203436e-03, 6.63917139e-03, 5.15795929e-01, 2.25810382e-02,
       8.92118199e-03, 5.51715012e-04]), 'ST_conf': array([1.15674081e-02, 2.86699966e-02, 5.45228677e-05, 3.08943181e-05,
       1.52957572e-04, 9.37549485e-04, 4.27746688e-02, 2.21020495e-03,
       8.09276868e-04, 6.58209318e-05]), 'S2': array([[            nan,  8.16582738e-03, -2.74749880e-03,
        -2.46313121e-03, -1.98132978e-03, -1.65140054e-03,
         2.73718209e-03, -2.12063324e-03, -2.01432270e-03,
        -2.22327789e-03],
       [            nan,             nan, -2.47891505e-03,
        -2.18826310e-03, -2.05314922e-03, -2.95338473e-03,
         4.25111781e-03, -1.80701153e-03, -2.80989169e-03,
        -2.42968752e-03],
       [            nan,             nan,             nan,
        -1.34479655e-03, -1.36731553e-03, -1.27619222e-03,
        -2.21989734e-04, -1.22696468e-03, -1.24738887e-03,
        -1.35369941e-03],
       [            nan,             nan,             nan,
                    nan,  2.16355316e-04,  2.73438312e-04,
         2.78243201e-05,  3.88128001e-04,  2.59822185e-04,
         2.23687077e-04],
       [            nan,             nan,             nan,
                    nan,             nan, -1.34013889e-03,
         8.06516487e-05, -1.00078309e-03, -1.39931667e-03,
        -1.36422896e-03],
       [            nan,             nan,             nan,
                    nan,             nan,             nan,
         1.73760819e-04,  2.54933887e-04,  3.34535863e-04,
         2.07277441e-04],
       [            nan,             nan,             nan,
                    nan,             nan,             nan,
                    nan,  5.38075138e-03,  2.68004486e-03,
         7.45507366e-04],
       [            nan,             nan,             nan,
                    nan,             nan,             nan,
                    nan,             nan,  2.22533028e-04,
        -4.61939227e-04],
       [            nan,             nan,             nan,
                    nan,             nan,             nan,
                    nan,             nan,             nan,
        -1.01981577e-03],
       [            nan,             nan,             nan,
                    nan,             nan,             nan,
                    nan,             nan,             nan,
                    nan]]), 'S2_conf': array([[       nan, 0.04618916, 0.04222319, 0.04220691, 0.04211563,
        0.04157397, 0.04900177, 0.04183585, 0.04220955, 0.04215286],
       [       nan,        nan, 0.06152646, 0.06142148, 0.0616133 ,
        0.06208186, 0.08193587, 0.06108281, 0.06121265, 0.06158536],
       [       nan,        nan,        nan, 0.00216551, 0.00218674,
        0.00217158, 0.00214235, 0.0021846 , 0.00216473, 0.00216359],
       [       nan,        nan,        nan,        nan, 0.00193286,
        0.00193038, 0.0019405 , 0.00190517, 0.00190804, 0.00193635],
       [       nan,        nan,        nan,        nan,        nan,
        0.00379172, 0.00413348, 0.00373958, 0.00377679, 0.0037226 ],
       [       nan,        nan,        nan,        nan,        nan,
               nan, 0.01127267, 0.00936739, 0.00915476, 0.00918891],
       [       nan,        nan,        nan,        nan,        nan,
,        nan,        nan,
               nan,        nan,        nan,        nan, 0.01177063],
       [       nan,        nan,        nan,        nan,        nan,
               nan,        nan,        nan,        nan,        nan]])}
22528 22528 22528