************ CURRENT ITERATION: 14336 / 14336 EXCEPTIONS: 0 ************
14336
[34.3297619  34.3297619  34.3297619  ... 27.11964286 27.11964286
 27.11964286]
[-5.73704361e-04  0.00000000e+00 -4.08724239e-04  9.94262933e-01
  0.00000000e+00  0.00000000e+00]
[[            nan  2.83297817e-03  2.86378962e-03  5.22322750e-04
   2.83297817e-03  2.83297817e-03]
 [            nan             nan  7.58941521e-19  0.00000000e+00
   0.00000000e+00  0.00000000e+00]
 [            nan             nan             nan  1.35664887e-03
   2.29430687e-03  2.29430687e-03]
 [            nan             nan             nan             nan
  -1.23841943e-03 -1.23841943e-03]
 [            nan             nan             nan             nan
              nan  0.00000000e+00]
 [            nan             nan             nan             nan
              nan             nan]]
[3.49649782e-04 0.00000000e+00 2.90468234e-04 9.94300522e-01
 0.00000000e+00 0.00000000e+00]
{'S1': array([-5.73704361e-04,  0.00000000e+00, -4.08724239e-04,  9.94262933e-01,
        0.00000000e+00,  0.00000000e+00]), 'S1_conf': array([0.00145429, 0.        , 0.00149428, 0.1067629 , 0.        ,
       0.        ]), 'ST': array([3.49649782e-04, 0.00000000e+00, 2.90468234e-04, 9.94300522e-01,
       0.00000000e+00, 0.00000000e+00]), 'ST_conf': array([4.73123162e-05, 0.00000000e+00, 4.02770357e-05, 6.12173506e-02,
       0.00000000e+00, 0.00000000e+00]), 'S2': array([[            nan,  2.83297817e-03,  2.86378962e-03,
         5.22322750e-04,  2.83297817e-03,  2.83297817e-03],
       [            nan,             nan,  7.58941521e-19,
         0.00000000e+00,  0.00000000e+00,  0.00000000e+00],
       [            nan,             nan,             nan,
         1.35664887e-03,  2.29430687e-03,  2.29430687e-03],
       [            nan,             nan,             nan,
                    nan, -1.23841943e-03, -1.23841943e-03],
       [            nan,             nan,             nan,
                    nan,             nan,  0.00000000e+00],
       [            nan,             nan,             nan,
                    nan,             nan,             nan]]), 'S2_conf': array([[           nan, 2.56309749e-03, 2.56139291e-03, 3.75008228e-03,
        2.56309749e-03, 2.56309749e-03],
       [           nan,            nan, 3.49178783e-18, 3.14618265e-16,
        0.00000000e+00, 0.00000000e+00],
       [           nan,            nan,            nan, 2.86537757e-03,
        2.35350154e-03, 2.35350154e-03],
       [           nan,            nan,            nan,            nan,
        1.86281576e-01, 1.86281576e-01],
       [           nan,            nan,            nan,            nan,
                   nan, 0.00000000e+00],
       [           nan,            nan,            nan,            nan,
                   nan,            nan]])}