
'daytime_urban_boundary_height', 'nighttime_urban_boundary_height', 'circulation_coefficient', 'UCM_UBL_exchange_coefficient', 'day_heatflux_treshold', 'night_heatflux_treshold'
[ 1.50053401e-04  0.00000000e+00 -4.16301223e-04  9.97773701e-01  0.00000000e+00  0.00000000e+00]

[[            nan  1.01718689e-03  1.01618780e-03 -2.27926293e-04 1.01718689e-03  1.01718689e-03]
 [            nan             nan -1.68051337e-18  1.11022302e-16 0.00000000e+00  0.00000000e+00]
 [            nan             nan             nan  1.26283264e-03 1.41702071e-03  1.41702071e-03]
 [            nan             nan             nan             nan 1.25650371e-04  1.25650371e-04]
 [            nan             nan             nan             nan            nan  0.00000000e+00]
 [            nan             nan             nan             nan           nan             nan]]


[3.67096363e-04 0.00000000e+00 3.17142071e-04 9.99349829e-01 0.00000000e+00 0.00000000e+00]


{'S1': array([ 1.50053401e-04,  0.00000000e+00, -4.16301223e-04,  9.97773701e-01, 0.00000000e+00,  0.00000000e+00]),

 'S1_conf': array([0.00119124, 0.        , 0.00104121, 0.07541731, 0.        ,   0.        ]), 


'ST': array([3.67096363e-04, 0.00000000e+00, 3.17142071e-04, 9.99349829e-01,   0.00000000e+00, 0.00000000e+00]), 


'ST_conf': array([4.10704680e-05, 0.00000000e+00, 3.53989845e-05, 4.51472451e-02,  0.00000000e+00, 0.00000000e+00]), 

      [[            nan,  1.01718689e-03,  1.01618780e-03, -2.27926293e-04,  1.01718689e-03,  1.01718689e-03],
       [            nan,             nan, -1.68051337e-18,        1.11022302e-16,  0.00000000e+00,  0.00000000e+00],
       [            nan,             nan,             nan,        1.26283264e-03,  1.41702071e-03,  1.41702071e-03],
       [            nan,             nan,             nan,                   nan,  1.25650371e-04,  1.25650371e-04],
       [            nan,             nan,             nan,                   nan,             nan,  0.00000000e+00],
       [            nan,             nan,             nan,                    nan,             nan,             nan]]),



 'S2_conf': array([[           nan, 1.55710338e-03, 1.55492301e-03, 2.86544784e-03,
        1.55710338e-03, 1.55710338e-03],
       [           nan,            nan, 3.57799759e-18, 1.40033728e-16,
        0.00000000e+00, 0.00000000e+00],
       [           nan,            nan,            nan, 2.58889411e-03,
        1.38384454e-03, 1.38384454e-03],
       [           nan,            nan,            nan,            nan,
        1.27387498e-01, 1.27387498e-01],
       [           nan,            nan,            nan,            nan,
                   nan, 0.00000000e+00],
       [           nan,            nan,            nan,            nan,
                   nan,            nan]])}