512
 25.18938172 24.75134409]

[0.22609016 0.00083531 0.71717374]

[[        nan  0.02868114  0.14984564]
 [        nan         nan -0.00026605]
 [        nan         nan         nan]]

[2.87175879e-01 1.65339851e-04 8.67932085e-01]

{'S1': array([0.22609016, 0.00083531, 0.71717374]), 

'S1_conf': array([0.17081919, 0.00406716, 0.31656958]),
 
'ST': array([2.87175879e-01, 1.65339851e-04, 8.67932085e-01]), 

'ST_conf': array([1.67114929e), 'ST_conf': array([1.67114929e-01, 1.07677727e-04, 3.35497532e-01]), 
'S2': array([[        nan,  0.02868114,  0.14984564],

       [        nan,         nan, -0.00026605],
       [        nan,         nan,         nan]]), 

'S2_conf': array([[       nan, 0.26087271, 0.39510916],
       [       nan,        nan, 0.00587132],
       [       nan,        nan,        nan]])}