************ CURRENT ITERATION: 1008 / 1008 EXCEPTIONS: 0 ************
1008
daytime_urban_boundary_height', 'nighttime_urban_boundary_height', 'circulation_coefficient', 'UCM_UBL_exchange_coefficient', 'day_heatflux_treshold', 'night_heatflux_treshold'
[ 9.38025663e-05                          0.00000000e+00                -5.32157712e-04           8.76839380e-01                   0.00000000e+00         0.00000000e+00]
[[           nan 2.03019243e-04 1.95709638e-04 1.38207441e-03     2.03019243e-04 2.03019243e-04]
 [           nan            nan 2.16840434e-19 0.00000000e+00     0.00000000e+00 0.00000000e+00]
 [           nan            nan            nan 2.99180362e-03     1.60226208e-03 1.60226208e-03]
 [           nan            nan            nan            nan     1.74902527e-02 1.74902527e-02]
 [           nan            nan            nan            nan                nan 0.00000000e+00]
 [           nan            nan            nan            nan               nan            nan]]

[9.56123987e-05 0.00000000e+00 5.36670818e-05 8.88258798e-01 0.00000000e+00 0.00000000e+00]

{'S1': array([ 9.38025663e-05,  0.00000000e+00, -5.32157712e-04,  8.76839380e-01, 0.00000000e+00,  0.00000000e+00]),
 
'S1_conf': array([0.00298713, 0.        , 0.00231069, 0.49110257, 0.        ,   0.        ]), 

'ST': array([9.56123987e-05, 0.00000000e+00, 5.36670818e-05, 8.88258798e-01,  0.00000000e+00, 0.00000000e+00]), 

ST_conf': array([6.07530105e-05, 0.00000000e+00, 3.24935876e-05, 4.04903557e-01,
       0.00000000e+00, 0.00000000e+00]), 