11264

[ 0.1313937   0.40921521  0.00072233 -0.00096254  0.00118581  0.00860697  0.41315524  0.01583578  0.00339332 -0.00136932]


[[            nan  2.01733366e-02 -3.53337948e-03 -3.27598090e-03  -5.34742665e-03 -3.05228927e-03 -6.07059410e-03 -2.43790336e-03  -2.04874122e-03 -3.43838714e-03]
 [            nan             nan -1.99879532e-03 -8.95658530e-04  -2.23321189e-03 -4.09781949e-03  5.58680225e-03 -1.02677248e-02  -2.09225552e-03 -2.00952026e-03]
 [            nan             nan             nan  1.07249410e-04   7.20103183e-05  2.71187794e-04 -7.01717569e-04  3.44730247e-04   2.14498820e-04  1.22570754e-04]
 [            nan             nan             nan             nan   1.68386471e-03  1.79571052e-03  1.33453806e-03  1.82328894e-03   1.70225032e-03  1.64862562e-03]
 [            nan             nan             nan             nan              nan  2.86288296e-03  2.79393691e-03  2.19640448e-03   2.14277978e-03  2.52887765e-03]
 [            nan             nan             nan             nan              nan             nan -7.23216419e-04 -4.10463711e-03  -3.46880132e-03 -3.61741836e-03]
 [            nan             nan             nan             nan              nan             nan             nan  7.53115320e-03   7.29060810e-03  7.62767767e-03]
 [            nan             nan             nan             nan              nan             nan             nan             nan  -8.04814819e-04 -7.25143829e-04]
 [            nan             nan             nan             nan              nan             nan             nan             nan              nan  1.59159033e-03]
 [            nan             nan             nan             nan              nan             nan             nan             nan              nan             nan]]


[1.49837385e-01 4.29977441e-01 3.20216096e-04 2.58164652e-04 2.54334316e-03 6.87468719e-03 4.25888174e-01 1.62069180e-02 6.11398245e-03 4.26699439e-04]


{'S1': array([ 0.1313937 ,  0.40921521,  0.00072233, -0.00096254,  0.00118581,  0.00860697,  0.41315524,  0.01583578,  0.00339332, -0.00136932]), 


'ST': array([1.49837385e-01, 4.29977441e-01, 3.20216096e-04, 2.58164652e-04,  2.54334316e-03, 6.87468719e-03, 4.25888174e-01, 1.62069180e-02,    6.11398245e-03, 4.26699439e-04]),


'ST_conf': array([2.10373322e-02, 5.34534401e-02, 7.77792762e-05, 6.13272532e-05,    4.21009383e-04, 1.02583516e-03, 4.97307542e-02, 2.74724711e-03,   1.00885456e-03, 9.26725256e-05]),


 'S2': array([[            nan,  2.01733366e-02, -3.53337948e-03,
        -3.27598090e-03, -5.34742665e-03, -3.05228927e-03,
        -6.07059410e-03, -2.43790336e-03, -2.04874122e-03,
        -3.43838714e-03],
       [            nan,             nan, -1.99879532e-03,
        -8.95658530e-04, -2.23321189e-03, -4.09781949e-03,
         5.58680225e-03, -1.02677248e-02, -2.09225552e-03,
        -2.00952026e-03],
       [            nan,             nan,             nan,
         1.07249410e-04,  7.20103183e-05,  2.71187794e-04,
        -7.01717569e-04,  3.44730247e-04,  2.14498820e-04,
         1.22570754e-04],
       [            nan,             nan,             nan,
                    nan,  1.68386471e-03,  1.79571052e-03,
         1.33453806e-03,  1.82328894e-03,  1.70225032e-03,
         1.64862562e-03],
       [            nan,             nan,             nan,
                    nan,             nan,  2.86288296e-03,
         2.79393691e-03,  2.19640448e-03,  2.14277978e-03,
         2.52887765e-03],
       [            nan,             nan,             nan,
                    nan,             nan,             nan,
        -7.23216419e-04, -4.10463711e-03, -3.46880132e-03,
        -3.61741836e-03],
       [            nan,             nan,             nan,
                    nan,             nan,             nan,
                    nan,  7.53115320e-03,  7.29060810e-03,
         7.62767767e-03],
       [            nan,             nan,             nan,
                    nan,             nan,             nan,
                    nan,             nan, -8.04814819e-04,
        -7.25143829e-04],
       [            nan,             nan,             nan,
                    nan,             nan,             nan,
                    nan,             nan,             nan,
         1.59159033e-03],
       [            nan,             nan,             nan,
                    nan,             nan,             nan,
                    nan,             nan,             nan,
                    nan]]), 'S2_conf': array([[       nan, 0.08437422, 0.0706361 , 0.07063779, 0.07060913,
        0.07030798, 0.08275847, 0.07123032, 0.07077782, 0.07062661],
       [       nan,        nan, 0.09747993, 0.09768505, 0.09675913,
        0.09926889, 0.10645851, 0.09596945, 0.09866023, 0.09756397],
       [       nan,        nan,        nan, 0.00290324, 0.0029552 ,
        0.00289198, 0.00301731, 0.00287073, 0.00291512, 0.00288776],
       [       nan,        nan,        nan,        nan, 0.0023201 ,
        0.00231637, 0.00241176, 0.00232408, 0.00236043, 0.00231936],
       [       nan,        nan,        nan,        nan,        nan,
        0.00857886, 0.00971691, 0.0087087 , 0.00868886, 0.00848709],
       [       nan,        nan,        nan,        nan,        nan,
               nan, 0.01582306, 0.01448109, 0.01441219, 0.01421586],
       [       nan,        nan,        nan,        nan,        nan,
               nan,        nan, 0.10393562, 0.10305021, 0.10104809],
       [       nan,        nan,        nan,        nan,        nan,
               nan,        nan,        nan, 0.01969174, 0.01960214],
       [       nan,        nan,        nan,        nan,        nan,
               nan,        nan,        nan,        nan, 0.01187128],
       [       nan,        nan,        nan,        nan,        nan,
               nan,        nan,        nan,        nan,        nan]])}
11264 11264 11264