************ CURRENT ITERATION: 1728 / 1728 EXCEPTIONS: 0 ************
  bld_height',    'ver_to_hor',   'bld_density',  'waste_into_canyon', 'urban_area_length', 'road_albedo', 'sensible_anthropogenic_heat'
[ 5.01655543e-02  1.23435554e-02  4.54348342e-01  4.84937502e-01        3.48810321e-03     -2.87571523e-03      -4.45889752e-04]

[[        nan -0.02405209  0.00426285 -0.04824666 -0.02031163 -0.01860504 -0.02035236]
 [        nan         nan -0.01537029 -0.00870963 -0.02006668 -0.01773821 -0.01777719]
 [        nan         nan         nan  0.08704306  0.05980883  0.064947    0.06284553]
 [        nan         nan         nan         nan  0.02199481  0.01006633  0.00649497]
 [        nan         nan         nan         nan         nan  0.00105004  0.00112959]
 [        nan         nan         nan         nan         nan         nan  0.00975862]
 [        nan         nan         nan         nan         nan         nan         nan]]

[0.04185885 0.00673506 0.55651389 0.50000329 0.01744244 0.00753767 0.00876156]

{'S1': array([ 5.01655543e-02,  1.23435554e-02,  4.54348342e-01,  4.84937502e-01,3.48810321e-03, -2.87571523e-03, -4.45889752e-04]), 

'S1_conf': array([0.06522742, 0.0223183 , 0.18949091, 0.17327983, 0.03515439,
       0.02387544, 0.02975464]), 'ST': array([0.04185885, 0.00673506, 0.55651389, 0.50000329, 0.01744244,
       0.00753767, 0.00876156]), 'ST_conf': array([0.01105522, 0.0049856 , 0.16715208, 0.13883428, 0.00894171,
       0.00770339, 0.00815039]), 'S2': array([[        nan, -0.02405209,  0.00426285, -0.04824666, -0.02031163,
        -0.01860504, -0.02035236],
       [        nan,         nan, -0.01537029, -0.00870963, -0.02006668,
        -0.01773821, -0.01777719],
       [        nan,         nan,         nan,  0.08704306,  0.05980883,
         0.064947  ,  0.06284553],
       [        nan,         nan,         nan,         nan,  0.02199481,
         0.01006633,  0.00649497],
       [        nan,         nan,         nan,         nan,         nan,
         0.00105004,  0.00112959],
       [        nan,         nan,         nan,         nan,         nan,
                nan,  0.00975862],
       [        nan,         nan,         nan,         nan,         nan,
                nan,         nan]]), 'S2_conf': array([[       nan, 0.09856376, 0.12418685, 0.10161629, 0.09753191,
        0.09812732, 0.09853529],
       [       nan,        nan, 0.02914576, 0.03152155, 0.03097231,
        0.03086205, 0.03074155],
       [       nan,        nan,        nan, 0.3316583 , 0.26431082,
        0.26750658, 0.26634455],
       [       nan,        nan,        nan,        nan, 0.21026094,
        0.21199724, 0.21065187],
       [       nan,        nan,        nan,        nan,        nan,
        0.05031704, 0.05007589],
       [       nan,        nan,        nan,        nan,        nan,
               nan, 0.03110859],
       [       nan,        nan,        nan,        nan,        nan,
               nan,        nan]])}