************ CURRENT ITERATION: 14336 / 14336 EXCEPTIONS: 0 ************
14336
[27.29464286 27.29464286 27.29464286 ... 26.1        26.68809524
 26.37380952]

[ 0.01125818 -0.01104855 -0.00080771  0.57605355  0.12358678  0.10028937]

[[        nan  0.01132346  0.00107828 -0.02273596  0.0006072   0.00293933]
 [        nan         nan  0.01767563  0.01831191  0.01517799  0.02149846]
 [        nan         nan         nan -0.00391906 -0.00115686 -0.00042571]
 [        nan         nan         nan         nan  0.08853769  0.07191055]
 [        nan         nan         nan         nan         nan  0.0067673 ]
 [        nan         nan         nan         nan         nan         nan]]


[4.88186044e-02 2.65503168e-02 4.12803536e-04 6.88095223e-01 2.07897678e-01 1.75261009e-01]

{'S1': array([ 0.01125818, -0.01104855, -0.00080771,  0.57605355,  0.12358678,  0.10028937]), 

'S1_conf': array([0.01863686, 0.01726362, 0.00249738, 0.09521142, 0.03153391,  0.03143808]), 


'ST': array([4.88186044e-02, 2.65503168e-02, 4.12803536e-04, 6.88095223e-01,  2.07897678e-01, 1.75261009e-01]), 

'ST_conf': array([0.01124097, 0.00509373, 0.00010469, 0.09241449, 0.03580546,  0.0385506 ]),

 'S2': array([[        nan,  0.01132346,  0.00107828, -0.02273596,  0.0006072 ,    0.00293933],
       [        nan,         nan,  0.01767563,  0.01831191,  0.01517799,        0.02149846],
       [        nan,         nan,         nan, -0.00391906, -0.00115686,        -0.00042571],
       [        nan,         nan,         nan,         nan,  0.08853769,         0.07191055],
       [        nan,         nan,         nan,         nan,         nan,         0.0067673 ],
       [        nan,         nan,         nan,         nan,         nan,                nan]]), 


'S2_conf': array([[       nan, 0.03053495, 0.03160268, 0.03812117, 0.03717002,        0.03135333],
       [       nan,        nan, 0.01976264, 0.02603329, 0.02183577,        0.02417072],     
  [       nan,        nan,        nan, 0.00405158, 0.00256967,        0.00210127],
       [       nan,        nan,        nan,        nan, 0.22491191,        0.20827625],
       [       nan,        nan,        nan,        nan,        nan,        0.06626123],
       [       nan,        nan,        nan,        nan,        nan,               nan]])}