
[ 7.77777486e-02  3.18588861e-01  3.60941290e-04  3.36794751e-04 -2.63926034e-03  4.58632108e-04  5.67100378e-01  2.81070116e-02  9.07623261e-03 -5.14670944e-04]

[[        nan  0.00559082  0.00012518  0.00036153  0.0017501   0.00194214   0.00509842 -0.00324283 -0.00187888  0.00093764]
 [        nan         nan -0.01322049 -0.01296936 -0.01277733 -0.0165688  -0.01149709 -0.01908004 -0.01456966 -0.01423975]
 [        nan         nan         nan -0.0007622  -0.00066372 -0.00090992  -0.00192919 -0.00086561 -0.000516   -0.00074251]
 [        nan         nan         nan         nan  0.00186172  0.00177309   0.0011379   0.00192574  0.00154166  0.00160075]
 [        nan         nan         nan         nan         nan  0.00655844   0.00042315  0.0066323   0.00721826  0.00691297]
 [        nan         nan         nan         nan         nan         nan   0.00454195  0.00224245  0.00353746  0.00257236]
 [        nan         nan         nan         nan         nan         nan          nan  0.01161063  0.00720858  0.00671126]
 [        nan         nan         nan         nan         nan         nan          nan         nan  0.00395808  0.00296344]
 [        nan         nan         nan         nan         nan         nan          nan         nan         nan  0.00550816]
 [        nan         nan         nan         nan         nan         nan          nan         nan         nan         nan]]


[8.63249864e-02 3.25150965e-01 5.12095290e-04 1.69139166e-03 4.08199034e-03 6.71878869e-03 5.81043505e-01 3.31237021e-02 1.51215830e-02 2.19117696e-03]
{'S1': array([ 7.77777486e-02,  3.18588861e-01,  3.60941290e-04,  3.36794751e-04,       -2.63926034e-03,  4.58632108e-04,  5.67100378e-01,  2.81070116e-02,  9.07623261e-03, -5.14670944e-04]),



 'S1_conf': array([0.03650524, 0.07529099, 0.00288901, 0.00445823, 0.00932043,     0.00920405, 0.08587172, 0.01983674, 0.0144997 , 0.00641034]),

 'ST': array([8.63249864e-02, 3.25150965e-01, 5.12095290e-04, 1.69139166e-03,     4.08199034e-03, 6.71878869e-03, 5.81043505e-01, 3.31237021e-02,    1.51215830e-02, 2.19117696e-03]),


 'ST_conf': array([0.01330775, 0.0459282 , 0.0001125 , 0.00035649, 0.00078272,  0.00138243, 0.07321998, 0.00558254, 0.00305918, 0.0003911 ]),

 'S2': array([[        nan,  0.00559082,  0.00012518,  0.00036153,  0.0017501 ,         0.00194214,  0.00509842, -0.00324283, -0.00187888,  0.00093764],
       [        nan,         nan, -0.01322049, -0.01296936, -0.01277733,        -0.0165688 , -0.01149709, -0.01908004, -0.01456966, -0.01423975],
       [        nan,         nan,         nan, -0.0007622 , -0.00066372,        -0.00090992, -0.00192919, -0.00086561, -0.000516  , -0.00074251],
       [        nan,         nan,         nan,         nan,  0.00186172,         0.00177309,  0.0011379 ,  0.00192574,  0.00154166,  0.00160075],
       [        nan,         nan,         nan,         nan,         nan,         0.00655844,  0.00042315,  0.0066323 ,  0.00721826,  0.00691297],
       [        nan,         nan,         nan,         nan,         nan,                nan,  0.00454195,  0.00224245,  0.00353746,  0.00257236],
       [        nan,         nan,         nan,         nan,         nan,                nan,         nan,  0.01161063,  0.00720858,  0.00671126],
       [        nan,         nan,         nan,         nan,         nan,                nan,         nan,         nan,  0.00395808,  0.00296344],
       [        nan,         nan,         nan,         nan,         nan,                nan,         nan,         nan,         nan,  0.00550816],
       [        nan,         nan,         nan,         nan,         nan,                nan,         nan,         nan,         nan,         nan]]), 

'S2_conf': array([[       nan, 0.0550063 , 0.04860841, 0.0484649 , 0.04883326,        0.04789982, 0.06571798, 0.04880137, 0.04755349, 0.04820897],
       [       nan,        nan, 0.09509935, 0.09468113, 0.0949076 ,        0.0954977 , 0.11449135, 0.09603582, 0.09533951, 0.09534997],
       [       nan,        nan,        nan, 0.00451434, 0.00446912,        0.00454171, 0.00493018, 0.00438767, 0.00447854, 0.00445335],
       [       nan,        nan,        nan,        nan, 0.00636137,        0.00639999, 0.0071832 , 0.00632552, 0.00630541, 0.00628725],
       [       nan,        nan,        nan,        nan,        nan,        0.01138638, 0.01404928, 0.01119107, 0.01082306, 0.01127559],
       [       nan,        nan,        nan,        nan,        nan,               nan, 0.01471843, 0.01265347, 0.01258313, 0.01240458],
       [       nan,        nan,        nan,        nan,        nan,               nan,        nan, 0.10347823, 0.10378397, 0.10374088],
       [       nan,        nan,        nan,        nan,        nan,               nan,        nan,        nan, 0.03111918, 0.03119797],
       [       nan,        nan,        nan,        nan,        nan,               nan,        nan,        nan,        nan, 0.02166248],
       [       nan,        nan,        nan,        nan,        nan,               nan,        nan,        nan,        nan,        nan]])}