2.745833333333333215e+01
2.749345238095238031e+01
2.755416666666666714e+01
2.770238095238095255e+01
2.770357142857143273e+01
2.769702380952381304e+01
2.769702380952381304e+01
2.769107142857142989e+01
2.769523809523809632e+01
2.769523809523809632e+01
2.763869047619047592e+01
2.765059523809523512e+01
2.770178571428571246e+01
2.767857142857142705e+01
2.768511904761904319e+01
2.764702380952380878e+01
2.763035714285713951e+01
2.759940476190476488e+01
2.760416666666666785e+01
2.762619047619047663e+01
2.760059523809523441e+01
2.750952380952381304e+01
2.753333333333333144e+01
2.753511904761904461e+01
2.753511904761904461e+01
2.756607142857142989e+01
2.754404761904762111e+01
2.758749999999999858e+01
2.759345238095237818e+01
2.759107142857142847e+01
2.761071428571428399e+01
2.732500000000000284e+01
2.731964285714285978e+01
2.731309523809524009e+01
2.731309523809524009e+01
2.742738095238095397e+01
2.742976190476190368e+01
2.743333333333333357e+01
2.743690476190475991e+01
2.743571428571428328e+01
2.742380952380952763e+01
2.743750000000000000e+01
2.749761904761905029e+01
2.765773809523809490e+01
2.765297619047618838e+01
2.767619047619047734e+01
2.762440476190475991e+01
2.754880952380952763e+01
2.753630952380952479e+01
2.752380952380952550e+01
2.752440476190476559e+01
2.752440476190476559e+01
2.748035714285714093e+01
2.749345238095238031e+01
2.747916666666666785e+01
2.748273809523809774e+01
2.747142857142857153e+01
2.744047619047618980e+01
2.736190476190476417e+01
2.736785714285714377e+01
2.735178571428571814e+01
2.737857142857142989e+01
2.738035714285714661e+01
2.737678571428571672e+01
2.737202380952381020e+01
2.723035714285714803e+01
2.726845238095238244e+01
2.726845238095238244e+01
2.726785714285714235e+01
2.726547619047618554e+01
2.727619047619047521e+01
2.727499999999999858e+01
2.727499999999999858e+01
2.727559523809523512e+01
2.728392857142857508e+01
2.744999999999999574e+01
2.742738095238094687e+01
2.742619047619047734e+01
2.745714285714285197e+01
2.751309523809524293e+01
2.751130952380952266e+01
2.775833333333333641e+01
2.778928571428571814e+01
2.781666666666666998e+01
2.784285714285714519e+01
2.783273809523809206e+01
2.788630952380952266e+01
2.787559523809524009e+01
2.792321428571428399e+01
2.791964285714285765e+01
2.777797619047618838e+01
2.766190476190476488e+01
2.769345238095237960e+01
2.773749999999999716e+01
2.773749999999999716e+01
2.773690476190475707e+01
2.773630952380952408e+01
2.780238095238094687e+01
2.746011904761904177e+01
2.747083333333333499e+01
2.747797619047619122e+01
2.746607142857142847e+01
2.746726190476190510e+01
2.746071428571428186e+01
2.745892857142857224e+01
2.745357142857142918e+01
2.746785714285714519e+01
2.743690476190475991e+01
2.761785714285715088e+01
2.760714285714285765e+01
2.760773809523809774e+01
2.760595238095237747e+01
2.759345238095238528e+01
2.759226190476190510e+01
2.761190476190476417e+01
2.761249999999999716e+01
2.760535714285714093e+01
2.758928571428571530e+01
2.755892857142857011e+01
2.755238095238094687e+01
2.756190476190475991e+01
2.751845238095238244e+01
2.753452380952380452e+01
2.749940476190476346e+01
2.741785714285714093e+01
2.741964285714285765e+01
2.741785714285714093e+01
2.741785714285714093e+01
2.741785714285714093e+01
2.741785714285714093e+01
2.757619047619047237e+01
2.755654761904762040e+01
2.755654761904762040e+01
2.755892857142857011e+01
2.754821428571428754e+01
2.765535714285714519e+01
2.769642857142857295e+01
2.769880952380952266e+01
2.776488095238095255e+01
2.751250000000000284e+01
2.749583333333333357e+01
2.751726190476190936e+01
2.744821428571428612e+01
2.744821428571428612e+01
2.742261904761904745e+01
2.742261904761904745e+01
2.742738095238094687e+01
2.742916666666666714e+01
2.742619047619047734e+01
2.742321428571428754e+01
2.736190476190476417e+01
2.759047619047619548e+01
2.756904761904761969e+01
2.756845238095237960e+01
2.755238095238095397e+01
2.755119047619047734e+01
2.763690476190476275e+01
2.763452380952381304e+01
2.764345238095238244e+01
2.763511904761904603e+01
2.762083333333333357e+01
2.762797619047618980e+01
2.745833333333333215e+01
2.747261904761904461e+01
2.747321428571428470e+01
2.747261904761904461e+01
2.748749999999999716e+01
2.747261904761904461e+01
2.747261904761904461e+01
2.747440476190476133e+01
2.747559523809524151e+01
2.749226190476191078e+01
2.749226190476191078e+01
2.749345238095238031e+01
2.749464285714286049e+01
2.756309523809524009e+01
2.754821428571428754e+01
2.758988095238095539e+01
2.758035714285714235e+01
2.758452380952380878e+01
2.757440476190476275e+01
2.758928571428571530e+01
2.760833333333333783e+01
2.762083333333333357e+01
2.789999999999999858e+01
2.789880952380952550e+01
2.793333333333333357e+01
2.794404761904761969e+01
2.814523809523809206e+01
2.759226190476190510e+01
2.759047619047618838e+01
2.762678571428570962e+01
2.778511904761904461e+01
2.771428571428571530e+01
2.771547619047619548e+01
2.772857142857142776e+01
2.770833333333333215e+01
2.766309523809523441e+01
2.765892857142857153e+01
2.764702380952380878e+01
2.761428571428571388e+01
2.761309523809523725e+01
2.760178571428571814e+01
2.746845238095237818e+01
2.746845238095238528e+01
2.751964285714285197e+01
2.751666666666666927e+01
2.753690476190476133e+01
2.752797619047618838e+01
2.753273809523809490e+01
2.753273809523809490e+01
2.753214285714285481e+01
2.752202380952380878e+01
2.753750000000000142e+01
2.754285714285714803e+01
2.753333333333333499e+01
2.751309523809523583e+01
2.751547619047619264e+01
2.749642857142857011e+01
2.747738095238095823e+01
2.749880952380952337e+01
2.749107142857142705e+01
2.760119047619047450e+01
2.758869047619047521e+01
2.757619047619047592e+01
2.759761904761904461e+01
2.753511904761904461e+01
2.753511904761904461e+01
2.753511904761904461e+01
2.761547619047618696e+01
2.761547619047618696e+01
2.748630952380952408e+01
2.748630952380952408e+01
2.748630952380952408e+01
2.748630952380952408e+01
2.748630952380952408e+01
2.748630952380952408e+01
2.748630952380952408e+01
2.748630952380952408e+01
2.748630952380952408e+01
2.748630952380952408e+01
2.748630952380952408e+01
2.748630952380952408e+01
2.783928571428571530e+01
2.783690476190476559e+01
2.784404761904762182e+01
2.785178571428571814e+01
2.791190476190476133e+01
2.793095238095238031e+01
2.805238095238095397e+01
2.803392857142857153e+01
2.805297619047619406e+01
2.795357142857142918e+01
2.792976190476191078e+01
2.780773809523810058e+01
2.780952380952381020e+01
2.780952380952381020e+01
2.780357142857142705e+01
2.755714285714285339e+01
2.758630952380952550e+01
2.759642857142857153e+01
2.763035714285713951e+01
2.763035714285713951e+01
2.756369047619048018e+01
2.754880952380952408e+01
2.754821428571428754e+01
2.754285714285714093e+01
2.752916666666666501e+01
2.751964285714285197e+01
2.753273809523809490e+01
2.754226190476190794e+01
2.753928571428571814e+01
2.750535714285713951e+01
2.748214285714285765e+01
2.749107142857142705e+01
2.737619047619048018e+01
2.739404761904762253e+01
2.738273809523808922e+01
2.743809523809523654e+01
2.743750000000000000e+01
2.745000000000000284e+01
2.745000000000000284e+01
2.745000000000000284e+01
2.728511904761904461e+01
2.727976190476190510e+01
2.727976190476190510e+01
2.728035714285714519e+01
2.728214285714285481e+01
2.728214285714285481e+01
2.726726190476190936e+01
2.727321428571428186e+01
2.727261904761904177e+01
2.728035714285714519e+01
2.726547619047619264e+01
2.726547619047619264e+01
2.735119047619047450e+01
2.733869047619047521e+01
2.757083333333333286e+01
2.756309523809524009e+01
2.756666666666666998e+01
2.760178571428571814e+01
2.760238095238095823e+01
2.760059523809523441e+01
2.761190476190475707e+01
2.761190476190475707e+01
2.761190476190475707e+01
2.749107142857142705e+01
2.748630952380952408e+01
2.745178571428571246e+01
2.745238095238095255e+01
2.745297619047619264e+01
2.754166666666666785e+01
2.756547619047618980e+01
2.759345238095238528e+01
2.760059523809523441e+01
2.766309523809523441e+01
2.761488095238095397e+01
2.761249999999999716e+01
2.760595238095238102e+01
2.760416666666666785e+01
2.759166666666666501e+01
2.758511904761904887e+01
2.758511904761904887e+01
2.772023809523809490e+01
2.765357142857143558e+01
2.763511904761904603e+01
2.760476190476190794e+01
2.760476190476190794e+01
2.760892857142857082e+01
2.753690476190476133e+01
2.760952380952380736e+01
2.761071428571428754e+01
2.761071428571428754e+01
2.761309523809523725e+01
2.765892857142857508e+01
2.753095238095237818e+01
2.753750000000000142e+01
2.752023809523809206e+01
2.751309523809524293e+01
2.752559523809523867e+01
2.752738095238095539e+01
2.748273809523809774e+01
2.748214285714285765e+01
2.747440476190476488e+01
2.747916666666666785e+01
2.749345238095238031e+01
2.749345238095238386e+01
2.753750000000000142e+01
2.752261904761904887e+01
2.750595238095237960e+01
2.753035714285714519e+01
2.771309523809523867e+01
2.768035714285714022e+01
2.770059523809524293e+01
2.769761904761904603e+01
2.767678571428571743e+01
2.767261904761904745e+01
2.778750000000000142e+01
2.778750000000000142e+01
2.778750000000000142e+01
2.778750000000000142e+01
2.778750000000000142e+01
2.778750000000000142e+01
2.778750000000000142e+01
2.778750000000000142e+01
2.778750000000000142e+01
2.754821428571428754e+01
2.754821428571428754e+01
2.753035714285714519e+01
2.752797619047619548e+01
2.754226190476190794e+01
2.753333333333333499e+01
2.752976190476190510e+01
2.752261904761904887e+01
2.751904761904761898e+01
2.758511904761904887e+01
2.755238095238095397e+01
2.756726190476189942e+01
2.784345238095238528e+01
2.776904761904761898e+01
2.778095238095237818e+01
2.766964285714285765e+01
2.769047619047618980e+01
2.771904761904762182e+01
2.772738095238095113e+01
2.772797619047618767e+01
2.778511904761904461e+01
2.781369047619048018e+01
2.778214285714286191e+01
2.778214285714286191e+01
2.784166666666666501e+01
2.781666666666666998e+01
2.781369047619048018e+01
2.780535714285714022e+01
2.784107142857142847e+01
2.784583333333333499e+01
2.766130952380952479e+01
2.766071428571428470e+01
2.766190476190475422e+01
2.757083333333333286e+01
2.756785714285713951e+01
2.756547619047618980e+01
2.751011904761904603e+01
2.751309523809523583e+01
2.748154761904761756e+01
2.750952380952381304e+01
2.751964285714285197e+01
2.751964285714285197e+01
2.768214285714286049e+01
2.768333333333333357e+01
2.766964285714285765e+01
2.765595238095237818e+01
2.765892857142857508e+01
2.774047619047618696e+01
2.774642857142857011e+01
2.774226190476191078e+01
2.775952380952381304e+01
2.774404761904762040e+01
2.773452380952380736e+01
2.773333333333333783e+01
2.775000000000000000e+01
2.775000000000000000e+01
2.771369047619047521e+01
2.784702380952380452e+01
2.774285714285714022e+01
2.772142857142857508e+01
2.770059523809523583e+01
2.773214285714285765e+01
2.771190476190475849e+01
2.772619047619047450e+01
2.765535714285714519e+01
2.764226190476190226e+01
