2.408202247191011480e+01
2.408539325842696499e+01
2.408202247191011480e+01
2.408202247191011480e+01
2.408202247191011480e+01
2.408146067415730229e+01
2.408258426966292021e+01
2.408146067415730229e+01
2.407865168539325751e+01
2.408146067415730229e+01
2.408202247191011480e+01
2.407865168539325751e+01
2.408202247191011480e+01
2.408539325842696499e+01
2.408258426966292021e+01
2.408202247191011480e+01
2.408202247191011480e+01
2.408202247191011480e+01
2.407528089887640732e+01
2.408314606741573272e+01
2.408314606741573272e+01
2.408314606741573272e+01
2.408202247191011480e+01
2.408258426966292376e+01
2.408483146067415959e+01
2.408932584269662769e+01
2.408483146067415959e+01
2.408314606741573272e+01
2.408426966292134708e+01
2.408314606741573272e+01
2.408033707865169148e+01
2.408258426966292376e+01
2.408314606741573272e+01
2.408314606741573272e+01
2.408314606741573272e+01
2.408314606741573272e+01
