[{'S1': array([ 0.21363687,  0.45774476,  0.1539136 ,  0.12896108, -0.00372836,
       -0.00575093, -0.00282912]), 'S1_conf': array([0.03936499, 0.076958  , 0.02835601, 0.03287011, 0.00589555,
       0.01073765, 0.01317124]), 'ST': array([0.31698708, 0.55392869, 0.2132122 , 0.15242348, 0.01020122,
       0.02806989, 0.0440217 ]), 'ST_conf': array([0.05837999, 0.07885431, 0.03299584, 0.02182771, 0.00652655,
       0.02021929, 0.01670008]), 'S2': array([[        nan,  0.00480238, -0.01648139, -0.0205795 , -0.01546788,
        -0.01454249, -0.01313239],
       [        nan,         nan, -0.01676668, -0.00059454,  0.01020157,
         0.01496067,  0.01491661],
       [        nan,         nan,         nan, -0.01643356, -0.00867799,
        -0.00259691, -0.00850172],
       [        nan,         nan,         nan,         nan,  0.00179036,
         0.00262761,  0.00862055],
       [        nan,         nan,         nan,         nan,         nan,
         0.00011645, -0.00036827],
       [        nan,         nan,         nan,         nan,         nan,
                nan,  0.0042317 ],
       [        nan,         nan,         nan,         nan,         nan,
                nan,         nan]]), 'S2_conf': array([[       nan, 0.10901859, 0.07367029, 0.05400046, 0.05430391,
        0.05474454, 0.05338723],
       [       nan,        nan, 0.13264006, 0.12689034, 0.13209198,
        0.1377221 , 0.12805584],
       [       nan,        nan,        nan, 0.04515221, 0.04691762,
        0.04854632, 0.04727717],
       [       nan,        nan,        nan,        nan, 0.03883051,
        0.0398316 , 0.04013519],
       [       nan,        nan,        nan,        nan,        nan,
        0.00807066, 0.00814047],
       [       nan,        nan,        nan,        nan,        nan,
               nan, 0.01513675],
       [       nan,        nan,        nan,        nan,        nan,
               nan,        nan]])}, {'S1': array([ 0.21448135,  0.42877875,  0.13811426,  0.11291449,  0.00164714,
       -0.00171463,  0.00511775]), 'S1_conf': array([0.04386702, 0.07226795, 0.02999832, 0.02700206, 0.00422874,
       0.01194377, 0.01310628]), 'ST': array([0.37612798, 0.54096085, 0.23319722, 0.13063297, 0.00800951,
       0.0328886 , 0.04251065]), 'ST_conf': array([0.06126586, 0.08460199, 0.04585411, 0.0187364 , 0.0055236 ,
       0.01544197, 0.01443884]), 'S2': array([[            nan,  2.07123755e-02, -1.04797304e-03,
        -1.69606709e-02,  4.58703578e-03,  2.56693828e-03,
        -9.10847534e-05],
       [            nan,             nan, -6.11431050e-03,
         1.01173501e-02,  5.26202807e-03,  2.19189724e-02,
        -1.40074966e-03],
       [            nan,             nan,             nan,
         1.16961035e-02,  1.93866501e-02,  1.86069634e-02,
         1.77563960e-02],
       [            nan,             nan,             nan,
                    nan, -1.04295634e-02, -5.36159951e-03,
        -7.45257763e-03],
       [            nan,             nan,             nan,
                    nan,             nan, -4.47225032e-04,
        -1.63702575e-04],
       [            nan,             nan,             nan,
                    nan,             nan,             nan,
         9.55366889e-03],
       [            nan,             nan,             nan,
                    nan,             nan,             nan,
                    nan]]), 'S2_conf': array([[       nan, 0.11973848, 0.07302648, 0.06368493, 0.05866952,
        0.05814601, 0.05945011],
       [       nan,        nan, 0.11017815, 0.11067984, 0.10831854,
        0.11100085, 0.1040399 ],
       [       nan,        nan,        nan, 0.04204926, 0.04221925,
        0.04167672, 0.04079641],
       [       nan,        nan,        nan,        nan, 0.04251904,
        0.04510584, 0.04191563],
       [       nan,        nan,        nan,        nan,        nan,
        0.00645632, 0.00614686],
       [       nan,        nan,        nan,        nan,        nan,
               nan, 0.02080805],
       [       nan,        nan,        nan,        nan,        nan,
               nan,        nan]])}, {'S1': array([0.29309832, 0.36738193, 0.14108456, 0.09882991, 0.00377126,
       0.02041983, 0.03240655]), 'S1_conf': array([0.05866465, 0.07115691, 0.04353499, 0.03120132, 0.00840575,
       0.03593052, 0.03329741]), 'ST': array([0.44688445, 0.54769542, 0.31499631, 0.14392692, 0.01537982,
       0.09715239, 0.11120684]), 'ST_conf': array([0.06479581, 0.0696098 , 0.06838335, 0.02831829, 0.0130434 ,
       0.03194114, 0.03280587]), 'S2': array([[        nan, -0.02128324, -0.02432055, -0.04616154, -0.05579809,
        -0.03740858, -0.06085106],
       [        nan,         nan, -0.01417292,  0.00057182, -0.00881621,
        -0.00293488,  0.00128973],
       [        nan,         nan,         nan, -0.01648231, -0.01673082,
        -0.02929422, -0.01833231],
       [        nan,         nan,         nan,         nan,  0.00170008,
        -0.00100588,  0.00037471],
       [        nan,         nan,         nan,         nan,         nan,
        -0.00470727, -0.00589458],
       [        nan,         nan,         nan,         nan,         nan,
                nan, -0.03517906],
       [        nan,         nan,         nan,         nan,         nan,
                nan,         nan]]), 'S2_conf': array([[       nan, 0.10992049, 0.10462588, 0.08894323, 0.08028606,
        0.10129633, 0.08423134],
       [       nan,        nan, 0.1010863 , 0.09122568, 0.0864446 ,
        0.0940175 , 0.09562952],
       [       nan,        nan,        nan, 0.05115224, 0.04591269,
        0.05247589, 0.05271302],
       [       nan,        nan,        nan,        nan, 0.04007537,
        0.0396971 , 0.03889499],
       [       nan,        nan,        nan,        nan,        nan,
        0.00941949, 0.00911233],
       [       nan,        nan,        nan,        nan,        nan,
               nan, 0.05005028],
       [       nan,        nan,        nan,        nan,        nan,
               nan,        nan]])}, {'S1': array([ 0.28595004,  0.30623384,  0.10967257,  0.08147002, -0.000822  ,
        0.00496048,  0.00405218]), 'S1_conf': array([0.05794436, 0.05967459, 0.04400502, 0.02742734, 0.00418736,
       0.03132232, 0.02382414]), 'ST': array([0.56208773, 0.50551358, 0.30241643, 0.15198985, 0.01094297,
       0.1443677 , 0.11656163]), 'ST_conf': array([0.07847387, 0.06609538, 0.05957963, 0.02777887, 0.00953598,
       0.0358686 , 0.031883  ]), 'S2': array([[        nan,  0.0544462 ,  0.00205313,  0.02775016,  0.03527981,
         0.05825728,  0.05230016],
       [        nan,         nan, -0.04295986, -0.01844685, -0.02529199,
        -0.02851106, -0.04109132],
       [        nan,         nan,         nan,  0.01843028,  0.01165914,
         0.01519272,  0.01870779],
       [        nan,         nan,         nan,         nan,  0.011886  ,
         0.01895315, -0.00328431],
       [        nan,         nan,         nan,         nan,         nan,
        -0.00306054, -0.00167301],
       [        nan,         nan,         nan,         nan,         nan,
                nan, -0.01256687],
       [        nan,         nan,         nan,         nan,         nan,
                nan,         nan]]), 'S2_conf': array([[       nan, 0.124585  , 0.09743557, 0.09742416, 0.10059499,
        0.10621562, 0.11038478],
       [       nan,        nan, 0.09378772, 0.09050386, 0.08776551,
        0.08537446, 0.08839596],
       [       nan,        nan,        nan, 0.06678148, 0.05844851,
        0.0657627 , 0.05420396],
       [       nan,        nan,        nan,        nan, 0.03686852,
        0.03926392, 0.03405865],
       [       nan,        nan,        nan,        nan,        nan,
        0.00827431, 0.00849791],
       [       nan,        nan,        nan,        nan,        nan,
               nan, 0.03788701],
       [       nan,        nan,        nan,        nan,        nan,
               nan,        nan]])}, {'S1': array([ 0.32567976,  0.27417535,  0.07249146,  0.06152169, -0.00325086,
        0.03295809,  0.03875952]), 'S1_conf': array([0.06376871, 0.05572726, 0.04635254, 0.03452226, 0.00682255,
       0.02997048, 0.03384461]), 'ST': array([0.58441816, 0.52196458, 0.33103761, 0.14708305, 0.01529182,
       0.20201216, 0.18297191]), 'ST_conf': array([0.06426872, 0.06383532, 0.04516937, 0.01956966, 0.0093428 ,
       0.03526073, 0.03220006]), 'S2': array([[        nan,  0.01063687, -0.04044996, -0.00681899, -0.01207452,
        -0.05697838, -0.06418817],
       [        nan,         nan,  0.00547849,  0.00431918, -0.00159881,
        -0.02132913,  0.00226555],
       [        nan,         nan,         nan,  0.0178749 , -0.00048633,
        -0.01177026, -0.00998161],
       [        nan,         nan,         nan,         nan,  0.01321802,
         0.00762022,  0.00245302],
       [        nan,         nan,         nan,         nan,         nan,
        -0.00325747, -0.00163444],
       [        nan,         nan,         nan,         nan,         nan,
                nan, -0.02951583],
       [        nan,         nan,         nan,         nan,         nan,
                nan,         nan]]), 'S2_conf': array([[       nan, 0.10332614, 0.08459756, 0.09737206, 0.09341738,
        0.10117559, 0.09333145],
       [       nan,        nan, 0.0901415 , 0.08686581, 0.08771141,
        0.08854995, 0.09632295],
       [       nan,        nan,        nan, 0.06028042, 0.05777301,
        0.06237965, 0.06527047],
       [       nan,        nan,        nan,        nan, 0.04359063,
        0.04242506, 0.04683114],
       [       nan,        nan,        nan,        nan,        nan,
        0.01348251, 0.01389786],
       [       nan,        nan,        nan,        nan,        nan,
               nan, 0.04094793],
       [       nan,        nan,        nan,        nan,        nan,
               nan,        nan]])}, {'S1': array([ 0.31948512,  0.29346361,  0.10439801,  0.05310454,  0.00413249,
        0.01586279, -0.00862645]), 'S1_conf': array([0.05097258, 0.05821319, 0.05370362, 0.03100706, 0.01114604,
       0.044554  , 0.03813009]), 'ST': array([0.61133264, 0.58798434, 0.39181708, 0.15160379, 0.01987404,
       0.30618904, 0.24547572]), 'ST_conf': array([0.05612178, 0.05442046, 0.03687817, 0.02367154, 0.00984682,
       0.03135383, 0.02981636]), 'S2': array([[        nan,  0.0037957 , -0.04299946, -0.04088745, -0.02180189,
        -0.00402579,  0.00041648],
       [        nan,         nan, -0.02842783, -0.02687198, -0.02159899,
        -0.00271759, -0.00711762],
       [        nan,         nan,         nan,  0.01591883,  0.02383888,
         0.00262019,  0.03412438],
       [        nan,         nan,         nan,         nan, -0.02285451,
        -0.01251269, -0.0202849 ],
       [        nan,         nan,         nan,         nan,         nan,
        -0.00853774, -0.00751693],
       [        nan,         nan,         nan,         nan,         nan,
                nan, -0.00374258],
       [        nan,         nan,         nan,         nan,         nan,
                nan,         nan]]), 'S2_conf': array([[       nan, 0.08466803, 0.07789653, 0.08644674, 0.07704584,
        0.08588163, 0.07472032],
       [       nan,        nan, 0.07382866, 0.07323541, 0.06577096,
        0.07548766, 0.07038689],
       [       nan,        nan,        nan, 0.07674582, 0.07367755,
        0.0794632 , 0.07189324],
       [       nan,        nan,        nan,        nan, 0.03940233,
        0.04401712, 0.04261142],
       [       nan,        nan,        nan,        nan,        nan,
        0.0152663 , 0.01575996],
       [       nan,        nan,        nan,        nan,        nan,
               nan, 0.06795438],
       [       nan,        nan,        nan,        nan,        nan,
               nan,        nan]])}, {'S1': array([ 0.28035769,  0.27600485,  0.0744309 ,  0.04721953,  0.0030659 ,
        0.01990835, -0.01396983]), 'S1_conf': array([0.05712809, 0.05347628, 0.04537831, 0.02637602, 0.01208442,
       0.04174325, 0.04146727]), 'ST': array([0.56535934, 0.57875035, 0.40592355, 0.16318722, 0.01834303,
       0.31157752, 0.2650744 ]), 'ST_conf': array([0.04098777, 0.04325214, 0.03708214, 0.0198718 , 0.00677919,
       0.03009686, 0.02966759]), 'S2': array([[        nan,  0.00748901, -0.01220078, -0.03903151, -0.04300566,
        -0.02178468, -0.03189057],
       [        nan,         nan,  0.07442356,  0.03939397,  0.04824011,
         0.04059805,  0.05172706],
       [        nan,         nan,         nan,  0.00225718,  0.00901532,
         0.03716149,  0.04935538],
       [        nan,         nan,         nan,         nan,  0.01684824,
         0.00335979,  0.01878311],
       [        nan,         nan,         nan,         nan,         nan,
        -0.00286536,  0.00117143],
       [        nan,         nan,         nan,         nan,         nan,
                nan,  0.01701792],
       [        nan,         nan,         nan,         nan,         nan,
                nan,         nan]]), 'S2_conf': array([[       nan, 0.06855701, 0.07504478, 0.07083166, 0.06483439,
        0.07267993, 0.07265406],
       [       nan,        nan, 0.07609451, 0.06787756, 0.06508338,
        0.07401533, 0.076195  ],
       [       nan,        nan,        nan, 0.06175654, 0.06242834,
        0.06784884, 0.06807534],
       [       nan,        nan,        nan,        nan, 0.0378963 ,
        0.04402649, 0.04257443],
       [       nan,        nan,        nan,        nan,        nan,
        0.01612657, 0.01565611],
       [       nan,        nan,        nan,        nan,        nan,
               nan, 0.06994513],
       [       nan,        nan,        nan,        nan,        nan,
               nan,        nan]])}, {'S1': array([ 0.13026827,  0.32112395,  0.11200676,  0.35438956,  0.00038812,
       -0.00234658,  0.03715253]), 'S1_conf': array([0.02711293, 0.0438243 , 0.02922012, 0.04526452, 0.00225673,
       0.00897926, 0.01653179]), 'ST': array([0.15792443, 0.3651368 , 0.16189493, 0.38475048, 0.00143296,
       0.01343403, 0.05878132]), 'ST_conf': array([0.01623637, 0.03102204, 0.01412244, 0.03052852, 0.00042745,
       0.00213066, 0.00594208]), 'S2': array([[        nan, -0.00975332,  0.00702429, -0.01124599, -0.00432   ,
        -0.00575296, -0.01118628],
       [        nan,         nan,  0.01771185,  0.01741332,  0.00362105,
         0.00947232,  0.00803936],
       [        nan,         nan,         nan,  0.00761275,  0.01519551,
         0.01501639,  0.00988161],
       [        nan,         nan,         nan,         nan,  0.00482444,
         0.007153  ,  0.00345118],
       [        nan,         nan,         nan,         nan,         nan,
         0.00160011,  0.00142099],
       [        nan,         nan,         nan,         nan,         nan,
                nan,  0.00627226],
       [        nan,         nan,         nan,         nan,         nan,
                nan,         nan]]), 'S2_conf': array([[       nan, 0.0468703 , 0.04749643, 0.04933108, 0.04298201,
        0.04355108, 0.04274848],
       [       nan,        nan, 0.06995795, 0.07480514, 0.0645882 ,
        0.06580154, 0.06913184],
       [       nan,        nan,        nan, 0.04524315, 0.03917987,
        0.03912338, 0.04015053],
       [       nan,        nan,        nan,        nan, 0.07312518,
        0.071512  , 0.07083889],
       [       nan,        nan,        nan,        nan,        nan,
        0.0031131 , 0.00307379],
       [       nan,        nan,        nan,        nan,        nan,
               nan, 0.01258027],
       [       nan,        nan,        nan,        nan,        nan,
               nan,        nan]])}, {'S1': array([ 0.16500188,  0.35518909,  0.16661378,  0.22594373, -0.00213944,
        0.00318718,  0.00969417]), 'S1_conf': array([0.03509008, 0.05022796, 0.03822984, 0.04012903, 0.00299418,
       0.00845713, 0.01418795]), 'ST': array([0.21253174, 0.41594228, 0.21929534, 0.26803194, 0.0021257 ,
       0.01534372, 0.03729644]), 'ST_conf': array([0.02209413, 0.03573016, 0.01884066, 0.0237921 , 0.00067571,
       0.00232881, 0.00388942]), 'S2': array([[        nan, -0.01346786, -0.00187311, -0.0113808 , -0.01091701,
        -0.01083971, -0.01764197],
       [        nan,         nan,  0.02758965,  0.03346432,  0.02302904,
         0.02295175,  0.02395662],
       [        nan,         nan,         nan,  0.00250469,  0.00327768,
         0.00521013,  0.0067561 ],
       [        nan,         nan,         nan,         nan,  0.00221528,
         0.00097851, -0.00103125],
       [        nan,         nan,         nan,         nan,         nan,
         0.00087007,  0.00079277],
       [        nan,         nan,         nan,         nan,         nan,
                nan, -0.00283073],
       [        nan,         nan,         nan,         nan,         nan,
                nan,         nan]]), 'S2_conf': array([[       nan, 0.04980355, 0.04955745, 0.04925077, 0.04650585,
        0.0473871 , 0.04794551],
       [       nan,        nan, 0.07301323, 0.07638405, 0.06895005,
        0.06739494, 0.06905344],
       [       nan,        nan,        nan, 0.05606075, 0.05268735,
        0.05174909, 0.05301935],
       [       nan,        nan,        nan,        nan, 0.06315746,
        0.06296163, 0.06285791],
       [       nan,        nan,        nan,        nan,        nan,
        0.004789  , 0.00479506],
       [       nan,        nan,        nan,        nan,        nan,
               nan, 0.01320017],
       [       nan,        nan,        nan,        nan,        nan,
               nan,        nan]])}, {'S1': array([0.22875022, 0.40105308, 0.21309462, 0.07965065, 0.00678501,
       0.01248399, 0.01492921]), 'S1_conf': array([0.03721294, 0.05645574, 0.04544666, 0.02403867, 0.00566706,
       0.01026289, 0.01366635]), 'ST': array([0.28648355, 0.47972501, 0.28714172, 0.11798962, 0.00596749,
       0.02391385, 0.03729683]), 'ST_conf': array([0.0251263 , 0.03225019, 0.0279474 , 0.01281015, 0.00108521,
       0.00386153, 0.004352  ]), 'S2': array([[            nan, -1.39204939e-04,  2.49351258e-03,
        -8.82717277e-03, -2.42089346e-03, -8.41262945e-04,
        -2.85967971e-03],
       [            nan,             nan,  3.86889632e-02,
         1.28883315e-02,  1.53455345e-02,  1.54332918e-02,
         2.04354551e-02],
       [            nan,             nan,             nan,
         6.50788575e-03,  8.43854527e-03, -2.49422561e-04,
         1.09835055e-02],
       [            nan,             nan,             nan,
                    nan, -4.71146740e-04,  7.57454771e-04,
        -3.23604862e-05],
       [            nan,             nan,             nan,
                    nan,             nan, -6.51742935e-03,
        -5.55209959e-03],
       [            nan,             nan,             nan,
                    nan,             nan,             nan,
        -7.64686517e-03],
       [            nan,             nan,             nan,
                    nan,             nan,             nan,
                    nan]]), 'S2_conf': array([[       nan, 0.05716744, 0.05818589, 0.05592061, 0.05393483,
        0.05428533, 0.05369235],
       [       nan,        nan, 0.07587057, 0.07080833, 0.06700833,
        0.06778221, 0.06748709],
       [       nan,        nan,        nan, 0.05944498, 0.05635854,
        0.05660646, 0.05793041],
       [       nan,        nan,        nan,        nan, 0.03561776,
        0.03535087, 0.03666721],
       [       nan,        nan,        nan,        nan,        nan,
        0.00816735, 0.00844304],
       [       nan,        nan,        nan,        nan,        nan,
               nan, 0.01500437],
       [       nan,        nan,        nan,        nan,        nan,
               nan,        nan]])}, {'S1': array([ 0.28106345,  0.30850553,  0.19151127,  0.03120258, -0.00074007,
        0.00646053,  0.01005634]), 'S1_conf': array([0.05087391, 0.04544039, 0.04209194, 0.02347678, 0.00822374,
       0.01303584, 0.02245479]), 'ST': array([0.38244823, 0.37896406, 0.31300795, 0.09204686, 0.01182997,
       0.03338319, 0.06255297]), 'ST_conf': array([0.03542586, 0.02943975, 0.03141097, 0.01054637, 0.00294212,
       0.00507428, 0.00783118]), 'S2': array([[        nan,  0.02103752,  0.02298217,  0.00353565,  0.00402181,
         0.00564236,  0.01277275],
       [        nan,         nan,  0.0182393 ,  0.00381647, -0.00217954,
        -0.00655501,  0.00543701],
       [        nan,         nan,         nan,  0.02766273,  0.03301053,
         0.0228011 ,  0.03041766],
       [        nan,         nan,         nan,         nan,  0.00635707,
         0.00781556,  0.01154281],
       [        nan,         nan,         nan,         nan,         nan,
         0.006782  ,  0.00321681],
       [        nan,         nan,         nan,         nan,         nan,
                nan,  0.00492657],
       [        nan,         nan,         nan,         nan,         nan,
                nan,         nan]]), 'S2_conf': array([[       nan, 0.0902864 , 0.08590516, 0.07958681, 0.07695784,
        0.07844293, 0.07754217],
       [       nan,        nan, 0.07124219, 0.06193888, 0.05801914,
        0.05677129, 0.05795738],
       [       nan,        nan,        nan, 0.05984735, 0.05799224,
        0.06002781, 0.06028447],
       [       nan,        nan,        nan,        nan, 0.03238443,
        0.0324578 , 0.03242919],
       [       nan,        nan,        nan,        nan,        nan,
        0.01065777, 0.01064533],
       [       nan,        nan,        nan,        nan,        nan,
               nan, 0.01801857],
       [       nan,        nan,        nan,        nan,        nan,
               nan,        nan]])}, {'S1': array([ 0.24307808,  0.25529083,  0.16714012,  0.00323724, -0.00382873,
       -0.0010525 ,  0.02121822]), 'S1_conf': array([0.05082756, 0.05301824, 0.04189399, 0.02148745, 0.00916828,
       0.01561287, 0.02610319]), 'ST': array([0.44881648, 0.40457078, 0.36127223, 0.08524401, 0.0170488 ,
       0.03761561, 0.07929046]), 'ST_conf': array([0.05860214, 0.05373063, 0.05055438, 0.01578865, 0.00368583,
       0.0065176 , 0.01492514]), 'S2': array([[        nan, -0.00082659,  0.06899232, -0.00975691, -0.00461521,
        -0.00488583, -0.01273369],
       [        nan,         nan,  0.01875779,  0.01902841,  0.00658007,
        -0.00045594,  0.00035591],
       [        nan,         nan,         nan,  0.01033414,  0.01845262,
         0.02170001,  0.01493462],
       [        nan,         nan,         nan,         nan,  0.00597892,
        -0.00078648, -0.0029514 ],
       [        nan,         nan,         nan,         nan,         nan,
         0.01121051,  0.00715127],
       [        nan,         nan,         nan,         nan,         nan,
                nan,  0.00323773],
       [        nan,         nan,         nan,         nan,         nan,
                nan,         nan]]), 'S2_conf': array([[       nan, 0.08085824, 0.10926091, 0.08128292, 0.07779557,
        0.07833863, 0.07525286],
       [       nan,        nan, 0.08322295, 0.06885608, 0.0704794 ,
        0.07134998, 0.07248819],
       [       nan,        nan,        nan, 0.06289692, 0.05955842,
        0.06000637, 0.05852618],
       [       nan,        nan,        nan,        nan, 0.02782154,
        0.02879531, 0.02796226],
       [       nan,        nan,        nan,        nan,        nan,
        0.01386461, 0.01351928],
       [       nan,        nan,        nan,        nan,        nan,
               nan, 0.02302076],
       [       nan,        nan,        nan,        nan,        nan,
               nan,        nan]])}, {'S1': array([ 0.28309043,  0.23232141,  0.2121279 ,  0.0144159 , -0.00928335,
        0.01141058,  0.02616468]), 'S1_conf': array([0.04416991, 0.04912898, 0.04273448, 0.02075676, 0.00982614,
       0.01783349, 0.02611954]), 'ST': array([0.42388729, 0.40226892, 0.37670908, 0.0660495 , 0.02018511,
       0.05637498, 0.09710351]), 'ST_conf': array([0.03467443, 0.03941697, 0.03980876, 0.01042856, 0.00429906,
       0.00906519, 0.01163553]), 'S2': array([[        nan,  0.01593395,  0.00542336, -0.00938701,  0.00805101,
        -0.0053261 ,  0.01569507],
       [        nan,         nan,  0.08149144,  0.02726635,  0.04350999,
         0.04327111,  0.03634368],
       [        nan,         nan,         nan,  0.0148506 ,  0.03300526,
         0.02201691,  0.0356329 ],
       [        nan,         nan,         nan,         nan,  0.00550003,
         0.00717217,  0.00167799],
       [        nan,         nan,         nan,         nan,         nan,
         0.01629991,  0.01606104],
       [        nan,         nan,         nan,         nan,         nan,
                nan,  0.01437719],
       [        nan,         nan,         nan,         nan,         nan,
                nan,         nan]]), 'S2_conf': array([[       nan, 0.06868288, 0.06760688, 0.06302564, 0.06272082,
        0.06156271, 0.06540516],
       [       nan,        nan, 0.0684565 , 0.06030734, 0.05971714,
        0.05936817, 0.06003082],
       [       nan,        nan,        nan, 0.06884554, 0.0645318 ,
        0.06538587, 0.06628781],
       [       nan,        nan,        nan,        nan, 0.02649254,
        0.02651931, 0.02627925],
       [       nan,        nan,        nan,        nan,        nan,
        0.01330811, 0.01345333],
       [       nan,        nan,        nan,        nan,        nan,
               nan, 0.027675  ],
       [       nan,        nan,        nan,        nan,        nan,
               nan,        nan]])}, {'S1': array([ 0.33109674,  0.22557822,  0.22849496, -0.00085057,  0.00161153,
        0.01185795,  0.02992328]), 'S1_conf': array([0.04741277, 0.04242125, 0.04283611, 0.01292139, 0.00871152,
       0.01902886, 0.02101552]), 'ST': array([0.48805724, 0.35165613, 0.35060982, 0.03500391, 0.01617028,
       0.06782008, 0.07181509]), 'ST_conf': array([0.04429015, 0.02681119, 0.03269691, 0.00521323, 0.00385351,
       0.01076045, 0.01036569]), 'S2': array([[        nan,  0.03269903,  0.03859643,  0.03878667,  0.02965522,
         0.03593309,  0.03384047],
       [        nan,         nan,  0.02007857,  0.01075687,  0.00828377,
         0.0187469 ,  0.01513236],
       [        nan,         nan,         nan,  0.00537594,  0.00880024,
         0.01431716,  0.01013191],
       [        nan,         nan,         nan,         nan,  0.00071615,
         0.00223806, -0.00708364],
       [        nan,         nan,         nan,         nan,         nan,
         0.00202135, -0.00083223],
       [        nan,         nan,         nan,         nan,         nan,
                nan,  0.00863201],
       [        nan,         nan,         nan,         nan,         nan,
                nan,         nan]]), 'S2_conf': array([[       nan, 0.06447151, 0.0702136 , 0.06564267, 0.06552751,
        0.06611904, 0.06894651],
       [       nan,        nan, 0.05381222, 0.04552729, 0.04497883,
        0.04888504, 0.04666492],
       [       nan,        nan,        nan, 0.05322734, 0.05408157,
        0.05468101, 0.0555114 ],
       [       nan,        nan,        nan,        nan, 0.02017993,
        0.01988065, 0.02080185],
       [       nan,        nan,        nan,        nan,        nan,
        0.01319714, 0.01227446],
       [       nan,        nan,        nan,        nan,        nan,
               nan, 0.02697152],
       [       nan,        nan,        nan,        nan,        nan,
               nan,        nan]])}, {'S1': array([0.36071549, 0.15790157, 0.23927055, 0.01474075, 0.00580531,
       0.06432761, 0.04378387]), 'S1_conf': array([0.05025552, 0.04143854, 0.04614685, 0.01544529, 0.01006439,
       0.02431559, 0.02521896]), 'ST': array([0.49897379, 0.30404011, 0.38293064, 0.04408934, 0.0182236 ,
       0.11545529, 0.10569685]), 'ST_conf': array([0.05352728, 0.02795201, 0.03734656, 0.00452372, 0.00382788,
       0.01364093, 0.0127808 ]), 'S2': array([[        nan,  0.00504319, -0.01635484, -0.00694911, -0.00553825,
        -0.01988198, -0.01517912],
       [        nan,         nan, -0.02237639, -0.04001213, -0.04377442,
        -0.04918271, -0.03554441],
       [        nan,         nan,         nan,  0.02890728,  0.02114756,
         0.01856098,  0.01385812],
       [        nan,         nan,         nan,         nan,  0.00903118,
         0.00526889,  0.0080906 ],
       [        nan,         nan,         nan,         nan,         nan,
         0.00943764,  0.0108485 ],
       [        nan,         nan,         nan,         nan,         nan,
                nan, -0.00115682],
       [        nan,         nan,         nan,         nan,         nan,
                nan,         nan]]), 'S2_conf': array([[       nan, 0.07758261, 0.08173098, 0.06691184, 0.07053095,
        0.0679777 , 0.06752374],
       [       nan,        nan, 0.06549016, 0.05942731, 0.05985479,
        0.06165884, 0.06094556],
       [       nan,        nan,        nan, 0.06298987, 0.06391324,
        0.06847224, 0.06727373],
       [       nan,        nan,        nan,        nan, 0.02072933,
        0.02029125, 0.02010961],
       [       nan,        nan,        nan,        nan,        nan,
        0.01689305, 0.01549816],
       [       nan,        nan,        nan,        nan,        nan,
               nan, 0.03492112],
       [       nan,        nan,        nan,        nan,        nan,
               nan,        nan]])}, {'S1': array([ 0.45482139,  0.20682946,  0.2185063 , -0.00316613, -0.00089851,
        0.03532533,  0.01093632]), 'S1_conf': array([0.0587798 , 0.04297621, 0.0442743 , 0.00806019, 0.00652139,
       0.02171856, 0.01454842]), 'ST': array([0.52056515, 0.274627  , 0.31101862, 0.01202574, 0.00958915,
       0.08182218, 0.03434803]), 'ST_conf': array([0.04345743, 0.02855437, 0.03316689, 0.00222427, 0.0022718 ,
       0.00951885, 0.00536556]), 'S2': array([[        nan, -0.02719527, -0.01807771, -0.03112525, -0.02986765,
        -0.03112525, -0.03615562],
       [        nan,         nan,  0.00262632, -0.00177526, -0.00822042,
        -0.00287565, -0.00774883],
       [        nan,         nan,         nan, -0.00664666, -0.00727546,
        -0.00806146, -0.00979065],
       [        nan,         nan,         nan,         nan,  0.0047836 ,
         0.00289721,  0.00572679],
       [        nan,         nan,         nan,         nan,         nan,
         0.00366125,  0.00586204],
       [        nan,         nan,         nan,         nan,         nan,
                nan,  0.00190913],
       [        nan,         nan,         nan,         nan,         nan,
                nan,         nan]]), 'S2_conf': array([[       nan, 0.09224811, 0.08824464, 0.08423821, 0.08308733,
        0.08590679, 0.08466618],
       [       nan,        nan, 0.06173937, 0.05833751, 0.05914457,
        0.05868373, 0.05882063],
       [       nan,        nan,        nan, 0.0598947 , 0.05984841,
        0.06244226, 0.06038159],
       [       nan,        nan,        nan,        nan, 0.01003672,
        0.01007287, 0.00987833],
       [       nan,        nan,        nan,        nan,        nan,
        0.01018819, 0.01012254],
       [       nan,        nan,        nan,        nan,        nan,
               nan, 0.03396493],
       [       nan,        nan,        nan,        nan,        nan,
               nan,        nan]])}, {'S1': array([ 4.22391059e-01,  2.32032999e-01,  1.66362208e-01, -1.50599152e-03,
       -3.07975390e-04,  8.13727786e-03,  6.95986535e-03]), 'S1_conf': array([0.06580647, 0.04262074, 0.04419914, 0.00838478, 0.00521645,
       0.02407055, 0.01414585]), 'ST': array([0.57908004, 0.36649319, 0.32970026, 0.02069912, 0.01119139,
       0.11617255, 0.05244106]), 'ST_conf': array([0.08057647, 0.04979301, 0.05018977, 0.00408137, 0.0064925 ,
       0.0269059 , 0.01745834]), 'S2': array([[        nan,  0.00171342,  0.03687221,  0.00141631, -0.0113597 ,
         0.02062984, -0.02175878],
       [        nan,         nan,  0.02790461,  0.02394306,  0.02255652,
         0.05038643,  0.02265556],
       [        nan,         nan,         nan,  0.02684495,  0.01971416,
         0.03318344,  0.0198132 ],
       [        nan,         nan,         nan,         nan,  0.00913198,
         0.00625986,  0.00923102],
       [        nan,         nan,         nan,         nan,         nan,
         0.00513916,  0.00454493],
       [        nan,         nan,         nan,         nan,         nan,
                nan,  0.01078869],
       [        nan,         nan,         nan,         nan,         nan,
                nan,         nan]]), 'S2_conf': array([[       nan, 0.13067191, 0.13706866, 0.11330965, 0.11340522,
        0.11208761, 0.10042754],
       [       nan,        nan, 0.07976149, 0.06767435, 0.06778183,
        0.07641537, 0.07000255],
       [       nan,        nan,        nan, 0.06387786, 0.06108736,
        0.06739452, 0.06233523],
       [       nan,        nan,        nan,        nan, 0.01300137,
        0.01477217, 0.01302703],
       [       nan,        nan,        nan,        nan,        nan,
        0.01073512, 0.01208591],
       [       nan,        nan,        nan,        nan,        nan,
               nan, 0.02961855],
       [       nan,        nan,        nan,        nan,        nan,
               nan,        nan]])}, {'S1': array([4.05384153e-01, 3.18361670e-01, 1.42498966e-01, 1.40475546e-02,
       2.21873881e-04, 1.63768467e-02, 1.62435690e-02]), 'S1_conf': array([0.05910485, 0.05627767, 0.03426149, 0.01197324, 0.00587802,
       0.01637599, 0.0119831 ]), 'ST': array([0.51997835, 0.41727763, 0.26251044, 0.03610339, 0.01103988,
       0.07868152, 0.02933028]), 'ST_conf': array([0.06706538, 0.05674921, 0.04752447, 0.00644114, 0.00443823,
       0.01618824, 0.00709105]), 'S2': array([[        nan, -0.02585571,  0.03584826, -0.01648673, -0.02251391,
         0.00911385, -0.03241997],
       [        nan,         nan, -0.0047694 , -0.01855434, -0.02619274,
        -0.03311504, -0.02911681],
       [        nan,         nan,         nan,  0.00470053,  0.00398443,
         0.01215991, -0.00055087],
       [        nan,         nan,         nan,         nan,  0.00074002,
        -0.00027445, -0.0025421 ],
       [        nan,         nan,         nan,         nan,         nan,
        -0.00704848, -0.00669043],
       [        nan,         nan,         nan,         nan,         nan,
                nan,  0.00018915],
       [        nan,         nan,         nan,         nan,         nan,
                nan,         nan]]), 'S2_conf': array([[       nan, 0.12693416, 0.1543949 , 0.11795273, 0.11497631,
        0.12046147, 0.11207182],
       [       nan,        nan, 0.09760935, 0.0925995 , 0.09138326,
        0.08686664, 0.08943563],
       [       nan,        nan,        nan, 0.04372048, 0.04237508,
        0.0466753 , 0.04413411],
       [       nan,        nan,        nan,        nan, 0.01922287,
        0.01838649, 0.01901869],
       [       nan,        nan,        nan,        nan,        nan,
        0.01289888, 0.01607639],
       [       nan,        nan,        nan,        nan,        nan,
               nan, 0.02414022],
       [       nan,        nan,        nan,        nan,        nan,
               nan,        nan]])}, {'S1': array([ 0.41965272,  0.28625188,  0.11503871, -0.01217637, -0.01184358,
        0.04210227, -0.00247266]), 'S1_conf': array([0.05033469, 0.0466929 , 0.04004413, 0.01489626, 0.01085317,
       0.02461308, 0.02338779]), 'ST': array([0.55628551, 0.45686541, 0.25490649, 0.04032102, 0.02115375,
       0.15077039, 0.1219285 ]), 'ST_conf': array([0.04645317, 0.0370506 , 0.02365164, 0.00571572, 0.0040951 ,
       0.01500265, 0.01351718]), 'S2': array([[        nan,  0.00069095,  0.00712047, -0.00091643, -0.0007749 ,
        -0.02592689, -0.01318915],
       [        nan,         nan,  0.02517406,  0.03990333,  0.03267517,
         0.03094648,  0.02638717],
       [        nan,         nan,         nan,  0.01770405,  0.01965515,
         0.03075519,  0.02123221],
       [        nan,         nan,         nan,         nan,  0.01777265,
         0.02166474,  0.01821746],
       [        nan,         nan,         nan,         nan,         nan,
         0.02080669,  0.02054385],
       [        nan,         nan,         nan,         nan,         nan,
                nan, -0.00497965],
       [        nan,         nan,         nan,         nan,         nan,
                nan,         nan]]), 'S2_conf': array([[       nan, 0.07379889, 0.0820085 , 0.07802287, 0.07744029,
        0.07846905, 0.08005421],
       [       nan,        nan, 0.07451354, 0.06433313, 0.06567871,
        0.0702031 , 0.06747813],
       [       nan,        nan,        nan, 0.05352282, 0.05293976,
        0.0527513 , 0.05464448],
       [       nan,        nan,        nan,        nan, 0.01926056,
        0.02055748, 0.01945722],
       [       nan,        nan,        nan,        nan,        nan,
        0.01430949, 0.01499855],
       [       nan,        nan,        nan,        nan,        nan,
               nan, 0.03788302],
       [       nan,        nan,        nan,        nan,        nan,
               nan,        nan]])}, {'S1': array([0.36560529, 0.3960957 , 0.14579981, 0.01447784, 0.01184568,
       0.03288792, 0.01705913]), 'S1_conf': array([0.05098461, 0.05718012, 0.03748817, 0.01962266, 0.01172222,
       0.02444141, 0.02334268]), 'ST': array([0.47411333, 0.51229117, 0.23109032, 0.06856595, 0.02384609,
       0.1166917 , 0.08906877]), 'ST_conf': array([0.03994858, 0.04335117, 0.02311987, 0.00720535, 0.00442144,
       0.01116756, 0.00922974]), 'S2': array([[        nan, -0.03067626, -0.04630388, -0.03715083, -0.02621535,
        -0.04218019, -0.0362548 ],
       [        nan,         nan, -0.04383868, -0.03748935, -0.03077391,
        -0.05098769, -0.03919471],
       [        nan,         nan,         nan, -0.02742463, -0.02986223,
        -0.04528752, -0.0263648 ],
       [        nan,         nan,         nan,         nan, -0.02486909,
        -0.02078394, -0.0180862 ],
       [        nan,         nan,         nan,         nan,         nan,
        -0.01161839, -0.0147497 ],
       [        nan,         nan,         nan,         nan,         nan,
                nan, -0.01562433],
       [        nan,         nan,         nan,         nan,         nan,
                nan,         nan]]), 'S2_conf': array([[       nan, 0.06737817, 0.07206425, 0.06598194, 0.06517418,
        0.06689369, 0.06419387],
       [       nan,        nan, 0.08277997, 0.08004239, 0.08356694,
        0.0835318 , 0.08184272],
       [       nan,        nan,        nan, 0.05287256, 0.05167626,
        0.05503269, 0.05257328],
       [       nan,        nan,        nan,        nan, 0.02901855,
        0.02874112, 0.02945269],
       [       nan,        nan,        nan,        nan,        nan,
        0.01557726, 0.01601004],
       [       nan,        nan,        nan,        nan,        nan,
               nan, 0.03534288],
       [       nan,        nan,        nan,        nan,        nan,
               nan,        nan]])}, {'S1': array([ 0.34536072,  0.41877579,  0.09683949,  0.01418691, -0.00866577,
        0.00324097, -0.01243278]), 'S1_conf': array([0.04097843, 0.0531982 , 0.02629331, 0.01965124, 0.01107937,
       0.01772921, 0.01820476]), 'ST': array([0.4282763 , 0.50812291, 0.16485634, 0.0700294 , 0.01947778,
       0.05803619, 0.05817603]), 'ST_conf': array([0.04077076, 0.04003511, 0.01518592, 0.0073991 , 0.00377965,
       0.00698363, 0.00664867]), 'S2': array([[        nan,  0.01323386,  0.00012188,  0.01306605,  0.00807633,
         0.00651006,  0.01060475],
       [        nan,         nan,  0.00847212, -0.00705641,  0.0101279 ,
        -0.01044628,  0.0082148 ],
       [        nan,         nan,         nan,  0.00220929, -0.0032615 ,
        -0.00394395,  0.00091151],
       [        nan,         nan,         nan,         nan,  0.01314137,
         0.01835484,  0.01703469],
       [        nan,         nan,         nan,         nan,         nan,
        -0.00336966, -0.00222851],
       [        nan,         nan,         nan,         nan,         nan,
                nan, -0.00587067],
       [        nan,         nan,         nan,         nan,         nan,
                nan,         nan]]), 'S2_conf': array([[       nan, 0.06798585, 0.0588062 , 0.05844175, 0.05325892,
        0.05500183, 0.05664853],
       [       nan,        nan, 0.09492756, 0.08656834, 0.08383252,
        0.08802844, 0.08517904],
       [       nan,        nan,        nan, 0.04638414, 0.04526758,
        0.04677159, 0.04630824],
       [       nan,        nan,        nan,        nan, 0.02794319,
        0.02670955, 0.02755246],
       [       nan,        nan,        nan,        nan,        nan,
        0.01426471, 0.01408359],
       [       nan,        nan,        nan,        nan,        nan,
               nan, 0.02570145],
       [       nan,        nan,        nan,        nan,        nan,
               nan,        nan]])}, {'S1': array([ 2.11588257e-01,  4.58492579e-01,  1.08471424e-01,  4.30172334e-02,
        3.42872205e-03, -1.80805223e-04, -8.78269632e-03]), 'S1_conf': array([0.04819744, 0.07507256, 0.03839142, 0.02151555, 0.00587755,
       0.01425075, 0.0114523 ]), 'ST': array([0.35951148, 0.59613651, 0.18088719, 0.09454409, 0.01216507,
       0.04414251, 0.03231447]), 'ST_conf': array([0.04116463, 0.06912544, 0.02599485, 0.01134331, 0.00417306,
       0.00783445, 0.00612812]), 'S2': array([[        nan,  0.0763336 ,  0.00258889,  0.00876772,  0.01318117,
         0.00934548,  0.01903902],
       [        nan,         nan,  0.02079291,  0.02700384,  0.00983151,
         0.00914141,  0.02945932],
       [        nan,         nan,         nan, -0.01663947, -0.0249207 ,
        -0.02426269, -0.01840484],
       [        nan,         nan,         nan,         nan,  0.01281706,
         0.01021714,  0.01525649],
       [        nan,         nan,         nan,         nan,         nan,
        -0.00154893, -0.00090698],
       [        nan,         nan,         nan,         nan,         nan,
                nan,  0.00027624],
       [        nan,         nan,         nan,         nan,         nan,
                nan,         nan]]), 'S2_conf': array([[       nan, 0.09714029, 0.06804442, 0.06761427, 0.06459561,
        0.06253534, 0.06558004],
       [       nan,        nan, 0.11847547, 0.11731972, 0.11027574,
        0.11563325, 0.11147214],
       [       nan,        nan,        nan, 0.05596023, 0.05377008,
        0.05249259, 0.05450736],
       [       nan,        nan,        nan,        nan, 0.03136474,
        0.03004524, 0.03234547],
       [       nan,        nan,        nan,        nan,        nan,
        0.01000777, 0.01001409],
       [       nan,        nan,        nan,        nan,        nan,
               nan, 0.01816937],
       [       nan,        nan,        nan,        nan,        nan,
               nan,        nan]])}, {'S1': array([ 2.28041907e-01,  4.35589585e-01,  1.23283429e-01,  9.90430474e-02,
        5.07416664e-03, -2.48138417e-04,  4.97294676e-04]), 'S1_conf': array([0.04147454, 0.08563109, 0.03031926, 0.03291989, 0.00572063,
       0.01132726, 0.01113595]), 'ST': array([0.35416287, 0.59629158, 0.18733558, 0.13157467, 0.01346345,
       0.02739657, 0.03132459]), 'ST_conf': array([0.06884991, 0.09625809, 0.03857992, 0.02051068, 0.00687052,
       0.0084512 , 0.00926716]), 'S2': array([[        nan,  0.07760866, -0.00650235, -0.00638849, -0.00815326,
        -0.01065809, -0.00288743],
       [        nan,         nan, -0.00352981, -0.00019953, -0.01010499,
        -0.01098737, -0.00816944],
       [        nan,         nan,         nan, -0.02143586, -0.01716626,
        -0.02328601, -0.02174896],
       [        nan,         nan,         nan,         nan,  0.00551295,
         0.00793239,  0.01015258],
       [        nan,         nan,         nan,         nan,         nan,
        -0.00436681, -0.00371214],
       [        nan,         nan,         nan,         nan,         nan,
                nan, -0.00255418],
       [        nan,         nan,         nan,         nan,         nan,
                nan,         nan]]), 'S2_conf': array([[       nan, 0.10159235, 0.06394496, 0.06068062, 0.05615927,
        0.05526952, 0.05497324],
       [       nan,        nan, 0.15898418, 0.13814086, 0.13679161,
        0.13721537, 0.13455682],
       [       nan,        nan,        nan, 0.05032942, 0.04997749,
        0.05101597, 0.04833146],
       [       nan,        nan,        nan,        nan, 0.04154687,
        0.04088509, 0.04268416],
       [       nan,        nan,        nan,        nan,        nan,
        0.01008609, 0.00984315],
       [       nan,        nan,        nan,        nan,        nan,
               nan, 0.01581027],
       [       nan,        nan,        nan,        nan,        nan,
               nan,        nan]])}, {'S1': array([2.24800619e-01, 3.74361867e-01, 1.21278696e-01, 1.85922375e-01,
       1.20149099e-03, 3.83766485e-03, 3.41128605e-04]), 'S1_conf': array([0.0405167 , 0.08295967, 0.03290635, 0.03605735, 0.00536627,
       0.00945653, 0.01508707]), 'ST': array([0.35211732, 0.53932726, 0.19502587, 0.21306261, 0.01399995,
       0.0210715 , 0.0409978 ]), 'ST_conf': array([0.06422223, 0.0773912 , 0.03597719, 0.02930337, 0.00848433,
       0.00762569, 0.01183627]), 'S2': array([[            nan,  4.79790545e-02, -4.52791027e-03,
        -8.02073999e-03, -4.18435325e-03, -7.84896147e-03,
        -2.81012517e-03],
       [            nan,             nan,  1.72289756e-02,
         9.15538562e-03,  1.03578352e-02, -4.12881920e-03,
         1.31062914e-02],
       [            nan,             nan,             nan,
        -2.58273592e-02, -1.85554022e-02, -2.17619344e-02,
        -1.18560403e-02],
       [            nan,             nan,             nan,
                    nan, -2.92406902e-03, -6.10938453e-05,
         2.34380530e-03],
       [            nan,             nan,             nan,
                    nan,             nan,  4.23745888e-03,
         2.92049030e-03],
       [            nan,             nan,             nan,
                    nan,             nan,             nan,
        -8.76204606e-03],
       [            nan,             nan,             nan,
                    nan,             nan,             nan,
                    nan]]), 'S2_conf': array([[       nan, 0.08176737, 0.06147363, 0.05738878, 0.05363471,
        0.05136137, 0.05573684],
       [       nan,        nan, 0.14862913, 0.13260705, 0.14293059,
        0.13377175, 0.13572855],
       [       nan,        nan,        nan, 0.04375215, 0.03993754,
        0.03977811, 0.04116199],
       [       nan,        nan,        nan,        nan, 0.04968796,
        0.04811126, 0.05156858],
       [       nan,        nan,        nan,        nan,        nan,
        0.01080158, 0.01008469],
       [       nan,        nan,        nan,        nan,        nan,
               nan, 0.01379848],
       [       nan,        nan,        nan,        nan,        nan,
               nan,        nan]])}]
------------
{'S1': array([nan, nan, nan, nan, nan, nan, nan]), 'S1_conf': array([nan, nan, nan, nan, nan, nan, nan]), 'ST': array([nan, nan, nan, nan, nan, nan, nan]), 'ST_conf': array([nan, nan, nan, nan, nan, nan, nan]), 'S2': array([[nan, nan, nan, nan, nan, nan, nan],
       [nan, nan, nan, nan, nan, nan, nan],
       [nan, nan, nan, nan, nan, nan, nan],
       [nan, nan, nan, nan, nan, nan, nan],
       [nan, nan, nan, nan, nan, nan, nan],
       [nan, nan, nan, nan, nan, nan, nan],
       [nan, nan, nan, nan, nan, nan, nan]]), 'S2_conf': array([[nan, nan, nan, nan, nan, nan, nan],
       [nan, nan, nan, nan, nan, nan, nan],
       [nan, nan, nan, nan, nan, nan, nan],
       [nan, nan, nan, nan, nan, nan, nan],
       [nan, nan, nan, nan, nan, nan, nan],
       [nan, nan, nan, nan, nan, nan, nan],
       [nan, nan, nan, nan, nan, nan, nan]])}
------------
{'S1': array([ 3.67626619e-01,  4.13479160e-01,  1.57463357e-01,  6.03649700e-02,
       -1.47321466e-05,  1.32724096e-02,  4.70088333e-03]), 'S1_conf': array([0.04529814, 0.0561843 , 0.03178909, 0.02042528, 0.00259563,
       0.00964544, 0.00747026]), 'ST': array([0.37887447, 0.43002828, 0.1722562 , 0.06733648, 0.00134909,
       0.0197642 , 0.01195217]), 'ST_conf': array([0.0333639 , 0.03555474, 0.01593501, 0.00742321, 0.00042835,
       0.00212584, 0.00143451]), 'S2': array([[        nan, -0.01219677, -0.01570176, -0.01034744, -0.01016299,
        -0.01155472, -0.01167355],
       [        nan,         nan,  0.00476792,  0.00567013,  0.00320509,
         0.00399032,  0.00429079],
       [        nan,         nan,         nan,  0.0045934 ,  0.00404151,
         0.00476574,  0.00814344],
       [        nan,         nan,         nan,         nan,  0.00453306,
         0.00610104,  0.0052196 ],
       [        nan,         nan,         nan,         nan,         nan,
         0.00014823, -0.00011344],
       [        nan,         nan,         nan,         nan,         nan,
                nan, -0.00175262],
       [        nan,         nan,         nan,         nan,         nan,
                nan,         nan]]), 'S2_conf': array([[       nan, 0.07934083, 0.07527572, 0.07586852, 0.07208657,
        0.07288907, 0.07259563],
       [       nan,        nan, 0.09417028, 0.08250696, 0.08079519,
        0.08241222, 0.0815622 ],
       [       nan,        nan,        nan, 0.04620518, 0.04442331,
        0.04510558, 0.04495026],
       [       nan,        nan,        nan,        nan, 0.02667028,
        0.02660638, 0.0267557 ],
       [       nan,        nan,        nan,        nan,        nan,
        0.00397538, 0.00416609],
       [       nan,        nan,        nan,        nan,        nan,
               nan, 0.01537571],
       [       nan,        nan,        nan,        nan,        nan,
               nan,        nan]])}
------------
{'S1': array([ 3.67626619e-01,  4.13479160e-01,  1.57463357e-01,  6.03649700e-02,
       -1.47321466e-05,  1.32724096e-02,  4.70088333e-03]), 'S1_conf': array([0.04721129, 0.05533056, 0.03067311, 0.01807976, 0.00245611,
       0.01068457, 0.00635199]), 'ST': array([0.37887447, 0.43002828, 0.1722562 , 0.06733648, 0.00134909,
       0.0197642 , 0.01195217]), 'ST_conf': array([0.03492964, 0.04172058, 0.0166144 , 0.00734507, 0.00031937,
       0.00224976, 0.00155396]), 'S2': array([[        nan, -0.01219677, -0.01570176, -0.01034744, -0.01016299,
        -0.01155472, -0.01167355],
       [        nan,         nan,  0.00476792,  0.00567013,  0.00320509,
         0.00399032,  0.00429079],
       [        nan,         nan,         nan,  0.0045934 ,  0.00404151,
         0.00476574,  0.00814344],
       [        nan,         nan,         nan,         nan,  0.00453306,
         0.00610104,  0.0052196 ],
       [        nan,         nan,         nan,         nan,         nan,
         0.00014823, -0.00011344],
       [        nan,         nan,         nan,         nan,         nan,
                nan, -0.00175262],
       [        nan,         nan,         nan,         nan,         nan,
                nan,         nan]]), 'S2_conf': array([[       nan, 0.08179584, 0.06791439, 0.06945689, 0.06560555,
        0.06727083, 0.06561116],
       [       nan,        nan, 0.08753696, 0.08141036, 0.07870866,
        0.08179146, 0.08026404],
       [       nan,        nan,        nan, 0.04916431, 0.04877822,
        0.04969718, 0.04935185],
       [       nan,        nan,        nan,        nan, 0.026327  ,
        0.02670848, 0.02653672],
       [       nan,        nan,        nan,        nan,        nan,
        0.00366262, 0.0037451 ],
       [       nan,        nan,        nan,        nan,        nan,
               nan, 0.01529523],
       [       nan,        nan,        nan,        nan,        nan,
               nan,        nan]])}
------------
