2.112499999999999822e+00
2.122619047619047628e+00
2.064880952380952372e+00
2.142857142857142794e+00
2.080357142857142794e+00
2.112499999999999822e+00
2.113690476190476453e+00
2.111309523809524080e+00
2.060714285714285499e+00
2.120833333333333570e+00
2.044047619047618891e+00
2.104166666666666519e+00
2.070833333333333304e+00
2.069642857142857562e+00
2.070833333333333304e+00
2.070238095238095433e+00
2.213095238095237782e+00
2.223214285714285587e+00
2.179761904761904567e+00
2.180952380952380754e+00
2.243452380952380754e+00
2.213095238095237782e+00
2.213690476190476097e+00
2.213095238095237782e+00
2.173809523809523636e+00
2.215476190476190599e+00
2.216071428571428470e+00
2.160714285714285587e+00
2.183333333333333570e+00
2.182142857142857384e+00
2.184523809523809312e+00
2.183928571428571441e+00
2.049404761904761951e+00
2.077976190476190421e+00
2.176785714285714324e+00
2.052380952380952639e+00
2.046428571428571708e+00
2.048809523809523636e+00
2.050595238095238138e+00
2.048809523809523636e+00
2.179166666666666696e+00
2.082142857142857295e+00
2.189880952380952372e+00
2.194642857142857117e+00
2.194642857142857117e+00
2.193452380952380931e+00
2.194047619047619246e+00
2.194047619047619246e+00
2.148214285714285410e+00
2.153571428571428470e+00
2.118452380952380754e+00
2.149999999999999911e+00
2.136309523809523547e+00
2.148214285714285410e+00
2.141071428571428292e+00
2.147619047619047539e+00
2.095833333333333215e+00
2.136904761904761862e+00
2.098809523809523458e+00
2.114285714285714324e+00
2.099404761904761330e+00
2.106547619047618891e+00
2.100595238095237960e+00
2.099404761904761330e+00
2.114285714285714768e+00
2.133333333333333304e+00
2.269047619047618980e+00
2.076785714285714235e+00
2.139880952380952550e+00
2.113690476190476453e+00
2.114285714285714768e+00
2.126190476190476186e+00
2.263095238095238049e+00
2.138095238095238493e+00
2.331547619047619424e+00
2.254166666666666874e+00
2.276190476190476097e+00
2.276190476190476097e+00
2.264285714285714235e+00
2.276785714285714413e+00
2.208333333333333481e+00
2.190476190476190688e+00
2.177976190476190510e+00
2.260714285714285676e+00
2.173809523809523636e+00
2.208333333333333481e+00
2.211309523809523725e+00
2.192857142857142616e+00
2.182142857142857384e+00
2.192857142857142616e+00
2.113095238095238138e+00
2.190476190476190688e+00
2.155952380952381287e+00
2.154761904761904656e+00
2.170238095238095521e+00
2.155357142857142971e+00
2.136904761904761862e+00
2.120833333333333570e+00
2.098809523809523458e+00
2.138690476190475920e+00
2.133928571428571619e+00
2.136904761904761862e+00
2.144642857142857295e+00
2.188095238095238315e+00
2.160714285714285587e+00
2.175595238095238138e+00
2.141666666666666607e+00
2.147023809523809668e+00
2.142857142857142794e+00
2.135119047619047805e+00
2.087499999999999911e+00
2.142857142857142794e+00
2.244642857142857384e+00
2.251190476190476186e+00
2.190476190476190688e+00
2.245833333333333126e+00
2.233928571428571708e+00
2.244642857142857384e+00
2.242261904761904567e+00
2.243452380952380754e+00
2.182738095238095699e+00
2.244642857142857384e+00
2.193452380952380931e+00
2.202976190476190421e+00
2.194642857142857562e+00
2.197023809523809490e+00
2.194642857142857562e+00
2.194642857142857562e+00
2.042857142857142705e+00
2.066666666666666430e+00
2.248214285714285499e+00
2.035119047619047272e+00
2.068452380952380931e+00
2.042857142857142705e+00
2.036904761904761774e+00
2.069047619047618802e+00
2.270833333333333481e+00
2.093452380952381287e+00
2.306547619047619513e+00
2.264880952380952550e+00
2.288690476190476275e+00
2.292857142857142705e+00
2.266666666666666607e+00
2.288690476190476275e+00
2.142261904761904479e+00
2.130952380952380931e+00
2.127380952380952372e+00
2.112499999999999822e+00
2.154761904761904656e+00
2.144047619047619424e+00
2.142857142857142794e+00
2.127380952380952372e+00
2.103571428571428648e+00
2.107142857142857206e+00
2.117857142857142438e+00
2.084523809523809668e+00
2.092261904761904656e+00
2.091666666666666785e+00
2.103571428571428648e+00
2.092261904761904656e+00
2.240476190476190510e+00
2.186904761904761685e+00
2.215476190476190599e+00
2.166666666666666519e+00
2.167857142857143149e+00
2.240476190476190510e+00
2.240476190476190510e+00
2.261309523809523547e+00
2.097023809523809401e+00
2.080357142857142794e+00
2.114285714285714324e+00
2.135119047619047805e+00
2.064880952380952372e+00
2.064880952380952372e+00
2.043452380952381020e+00
2.064880952380952372e+00
2.190476190476190688e+00
2.192857142857143060e+00
2.179166666666666696e+00
2.211309523809523725e+00
2.205952380952381109e+00
2.189880952380952372e+00
2.191071428571428559e+00
2.180952380952380754e+00
2.197023809523809490e+00
2.214880952380952728e+00
2.181547619047619069e+00
2.189285714285714501e+00
2.201785714285714235e+00
2.200000000000000178e+00
2.212499999999999911e+00
2.201785714285714235e+00
2.098809523809523903e+00
2.095833333333333659e+00
2.014285714285714235e+00
2.100000000000000089e+00
2.073809523809523547e+00
2.097619047619047716e+00
2.094047619047619158e+00
2.102380952380952461e+00
1.997619047619047850e+00
2.073214285714285676e+00
1.990476190476190288e+00
2.011904761904761862e+00
1.993452380952381198e+00
1.997023809523809534e+00
1.986904761904761729e+00
1.992261904761905011e+00
2.266666666666666607e+00
2.260714285714285232e+00
2.208333333333333481e+00
2.268452380952381109e+00
2.244047619047619069e+00
2.267261904761904479e+00
2.269642857142857295e+00
2.270238095238095166e+00
2.194047619047619246e+00
2.245833333333333570e+00
2.186904761904761685e+00
2.210714285714285410e+00
2.188690476190476186e+00
2.186904761904761685e+00
2.185119047619047628e+00
2.188690476190476186e+00
2.061904761904761685e+00
2.082142857142857295e+00
2.160119047619047272e+00
2.097023809523809401e+00
2.105357142857142705e+00
2.061904761904761685e+00
2.060714285714285499e+00
2.049404761904761507e+00
2.224404761904761774e+00
2.144642857142857295e+00
2.206547619047619424e+00
2.205952380952381109e+00
2.252380952380952372e+00
2.254166666666666430e+00
2.267261904761904479e+00
2.253571428571428559e+00
2.214285714285714413e+00
2.225595238095237960e+00
2.165476190476190332e+00
2.181547619047619069e+00
2.197619047619047361e+00
2.214285714285714413e+00
2.214285714285714413e+00
2.192261904761904745e+00
2.099404761904761774e+00
2.161309523809523903e+00
2.142857142857142794e+00
2.126190476190476630e+00
2.107142857142857206e+00
2.107142857142857206e+00
2.125000000000000000e+00
2.106547619047618891e+00
2.075595238095238049e+00
2.098809523809523458e+00
2.108928571428571708e+00
2.132142857142857117e+00
2.074404761904761862e+00
2.075595238095238049e+00
2.076785714285714235e+00
2.076785714285714235e+00
2.173809523809524080e+00
2.170833333333333393e+00
2.136904761904761862e+00
2.211309523809523725e+00
2.208928571428571352e+00
2.206547619047619424e+00
2.207738095238095166e+00
2.208928571428571352e+00
2.210119047619047539e+00
2.205357142857142794e+00
2.253571428571428559e+00
2.199404761904761862e+00
2.208928571428571352e+00
2.210119047619047539e+00
2.213690476190476097e+00
2.211904761904762040e+00
2.232738095238095521e+00
2.191666666666666874e+00
2.247023809523809312e+00
2.235714285714285765e+00
2.226785714285714590e+00
2.226190476190476275e+00
2.225595238095237960e+00
2.226785714285714590e+00
2.151785714285714413e+00
2.129166666666666430e+00
2.178571428571428381e+00
2.136904761904761862e+00
2.178571428571428381e+00
2.152976190476190599e+00
2.150595238095237782e+00
2.155952380952381287e+00
2.191071428571428559e+00
2.149404761904762040e+00
2.186904761904761685e+00
2.148809523809523725e+00
2.173809523809523636e+00
2.176190476190476453e+00
2.168452380952380576e+00
2.173809523809523636e+00
2.272023809523809668e+00
2.283928571428571530e+00
2.127976190476190688e+00
2.239880952380952639e+00
2.238095238095238138e+00
2.273214285714285410e+00
2.277380952380952728e+00
2.273214285714285854e+00
2.076190476190476364e+00
2.217857142857142971e+00
2.111904761904761951e+00
2.119642857142857384e+00
2.086904761904762040e+00
2.082142857142857295e+00
2.084523809523809668e+00
2.086904761904762040e+00
2.140476190476190421e+00
2.125595238095238315e+00
2.172619047619047450e+00
2.127380952380952372e+00
2.154166666666666341e+00
2.140476190476190421e+00
2.137499999999999734e+00
2.117857142857142438e+00
2.142261904761904479e+00
2.103571428571428648e+00
2.141071428571428736e+00
2.119642857142857384e+00
2.129166666666666874e+00
2.130357142857142616e+00
2.154761904761904656e+00
2.129166666666666874e+00
2.147619047619047539e+00
2.124404761904761685e+00
1.983928571428571264e+00
2.220833333333333659e+00
2.168452380952381020e+00
2.147619047619047539e+00
2.145833333333333481e+00
2.154761904761904656e+00
2.063690476190476630e+00
2.210119047619047539e+00
1.978571428571428426e+00
1.995833333333333348e+00
2.023214285714285410e+00
2.025595238095238226e+00
2.011904761904761862e+00
2.023214285714285410e+00
2.104761904761904834e+00
2.107142857142857206e+00
2.167857142857143149e+00
2.091666666666666341e+00
2.086904761904762040e+00
2.104761904761904834e+00
2.102976190476190332e+00
2.099404761904761774e+00
2.125595238095237871e+00
2.068452380952380931e+00
2.144642857142857295e+00
2.148214285714285854e+00
2.127380952380952372e+00
2.129166666666666874e+00
2.135119047619047361e+00
2.127380952380952372e+00
2.112499999999999822e+00
2.112499999999999822e+00
2.147619047619047539e+00
2.091666666666666341e+00
2.174404761904761951e+00
2.112499999999999822e+00
2.115476190476190510e+00
2.143452380952381109e+00
2.216071428571428470e+00
2.195238095238094989e+00
2.236904761904761507e+00
2.157738095238095344e+00
2.217261904761904656e+00
2.212499999999999911e+00
2.186904761904761685e+00
2.217857142857142971e+00
2.141071428571428736e+00
2.136904761904761862e+00
2.155357142857142971e+00
2.133928571428571619e+00
2.205357142857142794e+00
2.141071428571428736e+00
2.146428571428571352e+00
2.125000000000000000e+00
2.189285714285714057e+00
2.176785714285714768e+00
2.193452380952380931e+00
2.130357142857142616e+00
2.188690476190476186e+00
2.185714285714285499e+00
2.208333333333333481e+00
2.188690476190476186e+00
2.251785714285714501e+00
2.250595238095238315e+00
2.066666666666666430e+00
2.241071428571428381e+00
2.239285714285714324e+00
2.251785714285714501e+00
2.247619047619047628e+00
2.263095238095238049e+00
2.055357142857142883e+00
2.236904761904761507e+00
2.058928571428571441e+00
2.063690476190476630e+00
2.051785714285714768e+00
2.057738095238095699e+00
2.041666666666666519e+00
2.052976190476190510e+00
2.130952380952380931e+00
2.123214285714285943e+00
2.146428571428571352e+00
2.123809523809523814e+00
2.120238095238095255e+00
2.131547619047619246e+00
2.130952380952380931e+00
2.108333333333333393e+00
2.105357142857142705e+00
2.083928571428571352e+00
2.105357142857142705e+00
2.110119047619047450e+00
2.098809523809523903e+00
2.100595238095237960e+00
2.125000000000000000e+00
2.100595238095237960e+00
2.146428571428571352e+00
2.146428571428571352e+00
2.157142857142857473e+00
2.225000000000000089e+00
2.134523809523809490e+00
2.146428571428571352e+00
2.146428571428571352e+00
2.159523809523809401e+00
2.245833333333333126e+00
2.227976190476190332e+00
2.158333333333333659e+00
2.258333333333333304e+00
2.244642857142856940e+00
2.244642857142856940e+00
2.228571428571428648e+00
2.244642857142856940e+00
2.120833333333333570e+00
2.155357142857142971e+00
2.186309523809523814e+00
2.098214285714285587e+00
2.048809523809524080e+00
2.120833333333333570e+00
2.124404761904761685e+00
2.127380952380952372e+00
2.088095238095237782e+00
2.059523809523809312e+00
2.152380952380952728e+00
2.194047619047619246e+00
2.116666666666666696e+00
2.107142857142857206e+00
2.104761904761904834e+00
2.116071428571428381e+00
2.205952380952381109e+00
2.191071428571428559e+00
2.275000000000000355e+00
2.174404761904761951e+00
2.208333333333333481e+00
2.205357142857142794e+00
2.204761904761904923e+00
2.207142857142857295e+00
2.246428571428571441e+00
2.174404761904761507e+00
2.270833333333333481e+00
2.227976190476190332e+00
2.233928571428571708e+00
2.236309523809524080e+00
2.227380952380952017e+00
2.234523809523809579e+00
2.157738095238095344e+00
2.149999999999999911e+00
2.197023809523809490e+00
2.195238095238095433e+00
2.162500000000000089e+00
2.157142857142857473e+00
2.156547619047619158e+00
2.135119047619047361e+00
2.230952380952380576e+00
2.171428571428571708e+00
2.173809523809524080e+00
2.211309523809523725e+00
2.218452380952380842e+00
2.220238095238095344e+00
2.236904761904761507e+00
2.218452380952380842e+00
2.192857142857142616e+00
2.203571428571428736e+00
2.085119047619047539e+00
2.168452380952380576e+00
2.194642857142857562e+00
2.192261904761904745e+00
2.191071428571428559e+00
2.180357142857142438e+00
2.061309523809523370e+00
2.175595238095238138e+00
2.097619047619047272e+00
2.072023809523809490e+00
2.078571428571428292e+00
2.079166666666666607e+00
2.087499999999999911e+00
2.078571428571428292e+00
2.094047619047618713e+00
2.113690476190476453e+00
2.269047619047618980e+00
2.078571428571428292e+00
2.086309523809523725e+00
2.095238095238095344e+00
2.096428571428571530e+00
2.089880952380952728e+00
2.227380952380952461e+00
2.084523809523809668e+00
2.276785714285714413e+00
2.257142857142857117e+00
2.249404761904761685e+00
2.245833333333333570e+00
2.251785714285714501e+00
2.250000000000000000e+00
2.180952380952380754e+00
2.167261904761904834e+00
2.160119047619047272e+00
2.171428571428571708e+00
2.173214285714285765e+00
2.180952380952380754e+00
2.176785714285714768e+00
2.179166666666666696e+00
2.139285714285714235e+00
2.148214285714285410e+00
2.133333333333333304e+00
2.132738095238095433e+00
2.127380952380952372e+00
2.130357142857142616e+00
2.127380952380952372e+00
2.126785714285714501e+00
2.114880952380952639e+00
2.096428571428571530e+00
2.085714285714285410e+00
2.076190476190475920e+00
2.190476190476190688e+00
2.113690476190476453e+00
2.116666666666666696e+00
2.112500000000000266e+00
2.120238095238095255e+00
2.140476190476190421e+00
2.147619047619047983e+00
2.032142857142857029e+00
2.105357142857143149e+00
2.103571428571428648e+00
2.107142857142857206e+00
2.104761904761904834e+00
2.167857142857142705e+00
2.180357142857142883e+00
2.136904761904761862e+00
2.191071428571428559e+00
2.160714285714285587e+00
2.167261904761904834e+00
2.171428571428571708e+00
2.166071428571428648e+00
2.160119047619047272e+00
2.204166666666666607e+00
2.154166666666666341e+00
2.181547619047619069e+00
2.175595238095238138e+00
2.172023809523809579e+00
2.176785714285714324e+00
2.175595238095238138e+00
2.149404761904762040e+00
2.150000000000000355e+00
2.042857142857142705e+00
2.154761904761904656e+00
2.157738095238095344e+00
2.150000000000000355e+00
2.152380952380952728e+00
2.139285714285714235e+00
2.049404761904761951e+00
2.155952380952380842e+00
2.043452380952381020e+00
2.039285714285714590e+00
2.049404761904761507e+00
2.047619047619047450e+00
2.058333333333333126e+00
2.049999999999999822e+00
2.251190476190476630e+00
2.255357142857143060e+00
2.175595238095238138e+00
2.286309523809523903e+00
2.260119047619047361e+00
2.251785714285714501e+00
2.249404761904762129e+00
2.274999999999999911e+00
2.234523809523809579e+00
2.318452380952381375e+00
2.206547619047618980e+00
2.224999999999999645e+00
2.239285714285714324e+00
2.244047619047619069e+00
2.213690476190476097e+00
2.238095238095238138e+00
2.126190476190476186e+00
2.126190476190476186e+00
2.209523809523809668e+00
2.165476190476190332e+00
2.062500000000000000e+00
2.125595238095238315e+00
2.126190476190476186e+00
2.090476190476190599e+00
2.156547619047619158e+00
2.066071428571428559e+00
2.111904761904761951e+00
2.220238095238095344e+00
2.156547619047619158e+00
2.157738095238095344e+00
2.187500000000000000e+00
2.157738095238095344e+00
2.166666666666666519e+00
2.167261904761904834e+00
2.107142857142857206e+00
2.142857142857142794e+00
2.176785714285714768e+00
2.166666666666666519e+00
2.166071428571428648e+00
2.173809523809523636e+00
2.097619047619047272e+00
2.155952380952380842e+00
2.117261904761905011e+00
2.087500000000000355e+00
2.097023809523809401e+00
2.098214285714285587e+00
2.093452380952380842e+00
2.097619047619047272e+00
2.070238095238095433e+00
2.072619047619047805e+00
2.028571428571428470e+00
2.097619047619047272e+00
2.086904761904762040e+00
2.070238095238095433e+00
2.071428571428571619e+00
2.049404761904761507e+00
2.062500000000000000e+00
2.108333333333333393e+00
2.034523809523809401e+00
2.045238095238095521e+00
2.066666666666666430e+00
2.063690476190476186e+00
2.083333333333333481e+00
2.066666666666666430e+00
2.202976190476190421e+00
2.208333333333333481e+00
2.176785714285714768e+00
2.155952380952380842e+00
2.162500000000000089e+00
2.202976190476190421e+00
2.204761904761904479e+00
2.217261904761904656e+00
2.114285714285714768e+00
2.139880952380952550e+00
2.162499999999999645e+00
2.156547619047619158e+00
2.118452380952380754e+00
2.116071428571428381e+00
2.102976190476190332e+00
2.118452380952380754e+00
2.051190476190476453e+00
2.016071428571428292e+00
2.236904761904761951e+00
2.051190476190476453e+00
2.045238095238095521e+00
2.051190476190476453e+00
2.047619047619047450e+00
2.032738095238095344e+00
2.204166666666666607e+00
1.987499999999999822e+00
2.179761904761904567e+00
2.185119047619047628e+00
2.179761904761904567e+00
2.181547619047619069e+00
2.194047619047619246e+00
2.179761904761904567e+00
2.211309523809523725e+00
2.200000000000000178e+00
2.185119047619047628e+00
2.211309523809523725e+00
2.192857142857142616e+00
2.211309523809523725e+00
2.212499999999999911e+00
2.223809523809523458e+00
2.183928571428571441e+00
2.199999999999999734e+00
2.177380952380952195e+00
2.192857142857142616e+00
2.176190476190476453e+00
2.174999999999999822e+00
2.163095238095237960e+00
2.176190476190476453e+00
2.144642857142857295e+00
2.150595238095237782e+00
2.299999999999999822e+00
2.111904761904761507e+00
2.117857142857142883e+00
2.144642857142857295e+00
2.144642857142857295e+00
2.122619047619047628e+00
2.216071428571428470e+00
2.076785714285714235e+00
2.259523809523809490e+00
2.242857142857142883e+00
2.219047619047618713e+00
2.219047619047618713e+00
2.245238095238095699e+00
2.219047619047618713e+00
2.158928571428571530e+00
2.127976190476190688e+00
2.130952380952380931e+00
2.188095238095238315e+00
2.204761904761904479e+00
2.158928571428571530e+00
2.159523809523809401e+00
2.148809523809523725e+00
2.207738095238095610e+00
2.198809523809523991e+00
2.153571428571428470e+00
2.124404761904761685e+00
2.181547619047619069e+00
2.181547619047619069e+00
2.186904761904761685e+00
2.181547619047619069e+00
2.190476190476190688e+00
2.183333333333333570e+00
2.166071428571428648e+00
2.189285714285714501e+00
2.202976190476190421e+00
2.190476190476190688e+00
2.189285714285714501e+00
2.204166666666666607e+00
2.179166666666666696e+00
2.197619047619047805e+00
2.170833333333333393e+00
2.161904761904761774e+00
2.169642857142857206e+00
2.174404761904761507e+00
2.157142857142857029e+00
2.169642857142857206e+00
2.160119047619047272e+00
2.179166666666666696e+00
2.134523809523809490e+00
2.159523809523809401e+00
2.174999999999999822e+00
2.160119047619047272e+00
2.166666666666666519e+00
2.169047619047618891e+00
2.157142857142857029e+00
2.200000000000000178e+00
2.174404761904761951e+00
2.158333333333333215e+00
2.173809523809523636e+00
2.169642857142857206e+00
2.164285714285714146e+00
2.173809523809523636e+00
2.164285714285714590e+00
2.171428571428571708e+00
2.189880952380952372e+00
2.200000000000000178e+00
2.114880952380952195e+00
2.164880952380952461e+00
2.160714285714285587e+00
2.163690476190476275e+00
2.180357142857142883e+00
2.158333333333333659e+00
2.144047619047619424e+00
2.236904761904761507e+00
2.189285714285714501e+00
2.194642857142857117e+00
2.193452380952380931e+00
2.190476190476190688e+00
2.185714285714285499e+00
2.189880952380952372e+00
2.063690476190476186e+00
2.230357142857142705e+00
2.203571428571428292e+00
2.184523809523809312e+00
2.186309523809523814e+00
2.180357142857142883e+00
2.111904761904761507e+00
2.250595238095238315e+00
2.086309523809523725e+00
2.098809523809523903e+00
2.120833333333333570e+00
2.116666666666666252e+00
2.126190476190476630e+00
2.121428571428571441e+00
2.130357142857142616e+00
2.116666666666666696e+00
2.169047619047618891e+00
2.093452380952380842e+00
2.173809523809524080e+00
2.129761904761904301e+00
2.126785714285714501e+00
2.123809523809523370e+00
2.167857142857143149e+00
2.115476190476190510e+00
2.186309523809523814e+00
2.113690476190476453e+00
2.158333333333333659e+00
2.158333333333333659e+00
2.165476190476190332e+00
2.158333333333333659e+00
2.146428571428571352e+00
2.137500000000000178e+00
2.179761904761904567e+00
2.174404761904761951e+00
2.167857142857143149e+00
2.147023809523809668e+00
2.144047619047619424e+00
2.142261904761904923e+00
2.221428571428571530e+00
2.180952380952380754e+00
2.186309523809523814e+00
2.196428571428571619e+00
2.213690476190476097e+00
2.216071428571428470e+00
2.217857142857142971e+00
2.214285714285714413e+00
1.979166666666666741e+00
1.986904761904761951e+00
2.080357142857142794e+00
1.992261904761904789e+00
2.034523809523809401e+00
1.979761904761904834e+00
1.976190476190476275e+00
2.012499999999999734e+00
2.186309523809523370e+00
2.085119047619047983e+00
2.180952380952380754e+00
2.132142857142857117e+00
2.189285714285714057e+00
2.189880952380952372e+00
2.150000000000000355e+00
2.189285714285714057e+00
2.192261904761904745e+00
2.164285714285714146e+00
2.316666666666666874e+00
2.213095238095238226e+00
2.184523809523809312e+00
2.192261904761904745e+00
2.197619047619047361e+00
2.191071428571428559e+00
2.327976190476190421e+00
2.170833333333333393e+00
2.280357142857142971e+00
2.304166666666666696e+00
2.298214285714285765e+00
2.291071428571428648e+00
2.299404761904761951e+00
2.298214285714285765e+00
2.106547619047618891e+00
2.099404761904761774e+00
2.170833333333333393e+00
2.116666666666666696e+00
2.095833333333333659e+00
2.105952380952380576e+00
2.103571428571428648e+00
2.113690476190476009e+00
2.178571428571428381e+00
2.104166666666666519e+00
2.161904761904761774e+00
2.180952380952380754e+00
2.170833333333333393e+00
2.172023809523809579e+00
2.156547619047619158e+00
2.170833333333333393e+00
2.250595238095237871e+00
2.281547619047618713e+00
2.169047619047618891e+00
2.183333333333333570e+00
2.240476190476190510e+00
2.252380952380952372e+00
2.248809523809523814e+00
2.229761904761904834e+00
2.082142857142857295e+00
2.174404761904761951e+00
2.169642857142857206e+00
2.114285714285714768e+00
2.102976190476190332e+00
2.104761904761904834e+00
2.122023809523809312e+00
2.102976190476190332e+00
2.096428571428571530e+00
2.113095238095238138e+00
2.128571428571428559e+00
2.107142857142857206e+00
2.095238095238095344e+00
2.096428571428571530e+00
2.099404761904762218e+00
2.115476190476190510e+00
2.160119047619047272e+00
2.146428571428571352e+00
2.166071428571428648e+00
2.182738095238095699e+00
2.180952380952380754e+00
2.178571428571428381e+00
2.158333333333333659e+00
2.180952380952380754e+00
2.213690476190476097e+00
2.203571428571428292e+00
2.267857142857142794e+00
2.138690476190475920e+00
2.209523809523809668e+00
2.213690476190476097e+00
2.214285714285714413e+00
2.208928571428571352e+00
2.164285714285714590e+00
2.116071428571428381e+00
2.237499999999999822e+00
2.160714285714285587e+00
2.155357142857142971e+00
2.155357142857142971e+00
2.166071428571428648e+00
2.155357142857142971e+00
2.165476190476190332e+00
2.151785714285714413e+00
2.192857142857142616e+00
2.178571428571428381e+00
2.128571428571428559e+00
2.164880952380952461e+00
2.170238095238095521e+00
2.191071428571428559e+00
2.201785714285714235e+00
2.163095238095237960e+00
2.177380952380952195e+00
2.221428571428571530e+00
2.187500000000000000e+00
2.184523809523809312e+00
2.160714285714285587e+00
2.187500000000000000e+00
2.268452380952381109e+00
2.298809523809524080e+00
2.117857142857142438e+00
2.286904761904761774e+00
2.295238095238095521e+00
2.268452380952381109e+00
2.266071428571428736e+00
2.255952380952380931e+00
2.150000000000000355e+00
2.336904761904762040e+00
2.169642857142857206e+00
2.166071428571428648e+00
2.188690476190476186e+00
2.189880952380952372e+00
2.201785714285714235e+00
2.188690476190476186e+00
2.149999999999999911e+00
2.155952380952381287e+00
2.182738095238095255e+00
2.088690476190476097e+00
2.147023809523809668e+00
2.149999999999999911e+00
2.149999999999999911e+00
2.136309523809523547e+00
2.098809523809523903e+00
2.072619047619047805e+00
2.168452380952381020e+00
2.103571428571428648e+00
2.100000000000000089e+00
2.102380952380952461e+00
2.110714285714285765e+00
2.100595238095237960e+00
2.273809523809523725e+00
2.277380952380952728e+00
2.133333333333333304e+00
2.288095238095237960e+00
2.262500000000000178e+00
2.274404761904761596e+00
2.273809523809523725e+00
2.255357142857143060e+00
2.108333333333333393e+00
2.255952380952380931e+00
2.105952380952380576e+00
2.127976190476190688e+00
2.111904761904762395e+00
2.114285714285714768e+00
2.127976190476190688e+00
2.112500000000000266e+00
2.058928571428571441e+00
2.060119047619047628e+00
2.104166666666666519e+00
2.066666666666666874e+00
2.084523809523809668e+00
2.058928571428571441e+00
2.063095238095238315e+00
2.064285714285714057e+00
2.153571428571428470e+00
2.106547619047618891e+00
2.145833333333333481e+00
2.127976190476190688e+00
2.155952380952381287e+00
2.151190476190476097e+00
2.149404761904762040e+00
2.155952380952381287e+00
2.146428571428571352e+00
2.149999999999999467e+00
2.174404761904761507e+00
2.162500000000000089e+00
2.110714285714285765e+00
2.146428571428571352e+00
2.145833333333333481e+00
2.152380952380952728e+00
2.167857142857143149e+00
2.138095238095238049e+00
2.152380952380952728e+00
2.200595238095238493e+00
2.170238095238095521e+00
2.170238095238095521e+00
2.163690476190476275e+00
2.170238095238095521e+00
2.073809523809523547e+00
2.075000000000000178e+00
2.142261904761904479e+00
2.087500000000000355e+00
2.111309523809524080e+00
2.073214285714285232e+00
2.072619047619047361e+00
2.075000000000000178e+00
2.194047619047619246e+00
2.125595238095238315e+00
2.179761904761904567e+00
2.158928571428571530e+00
2.195833333333333304e+00
2.196428571428571619e+00
2.193452380952380931e+00
2.195833333333333304e+00
2.136309523809523547e+00
2.136904761904761862e+00
2.055357142857142438e+00
2.156547619047619158e+00
2.111904761904761951e+00
2.136309523809523547e+00
2.135714285714285232e+00
2.141071428571428292e+00
2.054166666666666696e+00
2.138690476190475920e+00
2.041666666666666519e+00
2.076190476190475920e+00
2.054166666666666696e+00
2.055357142857142438e+00
2.049999999999999822e+00
2.054166666666666696e+00
2.183333333333333570e+00
2.183333333333333570e+00
2.176190476190476009e+00
2.118452380952380754e+00
2.186904761904762129e+00
2.183333333333333570e+00
2.186904761904761685e+00
2.185714285714285499e+00
2.129166666666666430e+00
2.137500000000000178e+00
2.189880952380952372e+00
2.123214285714285499e+00
2.129761904761904745e+00
2.120238095238095699e+00
2.126785714285714057e+00
2.129761904761904745e+00
2.234523809523809579e+00
2.234523809523809579e+00
2.219642857142857029e+00
2.249404761904761685e+00
2.249404761904761685e+00
2.234523809523809579e+00
2.233928571428571708e+00
2.236904761904761507e+00
2.247023809523809312e+00
2.267857142857142794e+00
2.235714285714285321e+00
2.234523809523809579e+00
2.247619047619047628e+00
2.248214285714285499e+00
2.245833333333333126e+00
2.247023809523809312e+00
2.185714285714285499e+00
2.197619047619047805e+00
2.176785714285714324e+00
2.192261904761904745e+00
2.122023809523809312e+00
2.185119047619047628e+00
2.184523809523809312e+00
2.159523809523809401e+00
2.098214285714285587e+00
2.125595238095238315e+00
2.104761904761904390e+00
2.177976190476190510e+00
2.120238095238095255e+00
2.120833333333333570e+00
2.145238095238095166e+00
2.119047619047619069e+00
2.229761904761904834e+00
2.208928571428571352e+00
2.214880952380952728e+00
2.261309523809523547e+00
2.252976190476190688e+00
2.229761904761904834e+00
2.229166666666666519e+00
2.239285714285714324e+00
2.280952380952381287e+00
2.269047619047618980e+00
2.233928571428571264e+00
2.237499999999999822e+00
2.256547619047619246e+00
2.258333333333333304e+00
2.247619047619047628e+00
2.256547619047619246e+00
2.089285714285714413e+00
2.075000000000000178e+00
2.177976190476190510e+00
2.102380952380952461e+00
2.082142857142857295e+00
2.089880952380952728e+00
2.091666666666666341e+00
2.084523809523809668e+00
2.178571428571428381e+00
2.076785714285714235e+00
2.151785714285714413e+00
2.173809523809523636e+00
2.166666666666666519e+00
2.165476190476190332e+00
2.170833333333333393e+00
2.167261904761904390e+00
2.183928571428571441e+00
2.197023809523809490e+00
2.026190476190476097e+00
2.113690476190476453e+00
2.167857142857142705e+00
2.183928571428571441e+00
2.174999999999999822e+00
2.214285714285714413e+00
1.994642857142857384e+00
2.138690476190475920e+00
2.063690476190476186e+00
2.020238095238095166e+00
2.010714285714285676e+00
2.014285714285714235e+00
1.974999999999999645e+00
2.010119047619047805e+00
2.148809523809523725e+00
2.181547619047618625e+00
2.138095238095238049e+00
2.160119047619047272e+00
2.102976190476190332e+00
2.148809523809523725e+00
2.148214285714285410e+00
2.118452380952380754e+00
2.083928571428571352e+00
2.127380952380952372e+00
2.101785714285714590e+00
2.162499999999999645e+00
2.117261904761905011e+00
2.119642857142857384e+00
2.149404761904762040e+00
2.117261904761905011e+00
2.288095238095237960e+00
2.280952380952380842e+00
2.274404761904762040e+00
2.217261904761904656e+00
2.260714285714285676e+00
2.288095238095237960e+00
2.291666666666666519e+00
2.308333333333333570e+00
2.197619047619047361e+00
2.202380952380952550e+00
2.258928571428571619e+00
2.220238095238095344e+00
2.192261904761904301e+00
2.191071428571428559e+00
2.178571428571428381e+00
2.192261904761904301e+00
2.081547619047618980e+00
2.052380952380952195e+00
2.151785714285714413e+00
2.094642857142857029e+00
2.116666666666666252e+00
2.081547619047618980e+00
2.079166666666666607e+00
2.064285714285714501e+00
2.182142857142857384e+00
2.080952380952381109e+00
2.138690476190476364e+00
2.118452380952380754e+00
2.149404761904762040e+00
2.152380952380952728e+00
2.170238095238095521e+00
2.149999999999999911e+00
2.185119047619047628e+00
2.194047619047619246e+00
2.086309523809523725e+00
2.205952380952381109e+00
2.162500000000000089e+00
2.185119047619047628e+00
2.183928571428571441e+00
2.196428571428571619e+00
2.086904761904762040e+00
2.200595238095238049e+00
2.080357142857142794e+00
2.119642857142857384e+00
2.095833333333333659e+00
2.097023809523809401e+00
2.085119047619047539e+00
2.095833333333333659e+00
2.027380952380952728e+00
2.017261904761904923e+00
2.201785714285714235e+00
2.004166666666666874e+00
2.052976190476190510e+00
2.026785714285714413e+00
2.021428571428571352e+00
2.032738095238095344e+00
2.195238095238094989e+00
2.024999999999999911e+00
2.227380952380952461e+00
2.165476190476190332e+00
2.189285714285714501e+00
2.192261904761904301e+00
2.183333333333333570e+00
2.188690476190476630e+00
2.102976190476190332e+00
2.095238095238095344e+00
2.060714285714285499e+00
2.137500000000000178e+00
2.131547619047619246e+00
2.102380952380952461e+00
2.104761904761904834e+00
2.110714285714285321e+00
2.127380952380952372e+00
2.166666666666666519e+00
2.088095238095237782e+00
2.085119047619047539e+00
2.114880952380952639e+00
2.111309523809524080e+00
2.107738095238095521e+00
2.114880952380952639e+00
2.154761904761904656e+00
2.165476190476190332e+00
2.179761904761905011e+00
2.204166666666666607e+00
2.110714285714285765e+00
2.155952380952381287e+00
2.154761904761904656e+00
2.144642857142857295e+00
2.188690476190476186e+00
2.167261904761904834e+00
2.142261904761904479e+00
2.238095238095238138e+00
2.198214285714285676e+00
2.198214285714285676e+00
2.207738095238095166e+00
2.198214285714285676e+00
2.125000000000000000e+00
2.128571428571428559e+00
2.171428571428571264e+00
2.167857142857142705e+00
2.148214285714285410e+00
2.125000000000000000e+00
2.125000000000000000e+00
2.110714285714285765e+00
2.218452380952380842e+00
2.177380952380952639e+00
2.180952380952380754e+00
2.203571428571428292e+00
2.225595238095237960e+00
2.226190476190476275e+00
2.241071428571428381e+00
2.226190476190476275e+00
2.125000000000000000e+00
2.151785714285714413e+00
2.212499999999999911e+00
2.128571428571428559e+00
2.123809523809523814e+00
2.123214285714285499e+00
2.122619047619047628e+00
2.138690476190476364e+00
2.230357142857142705e+00
2.165476190476190332e+00
2.250595238095237871e+00
2.261904761904761862e+00
2.261309523809523547e+00
2.259523809523809490e+00
2.242261904761904567e+00
2.258333333333333304e+00
2.174404761904761951e+00
2.170833333333333393e+00
2.113095238095238138e+00
2.175595238095238138e+00
2.172619047619047450e+00
2.174404761904761951e+00
2.174404761904761951e+00
2.178571428571428381e+00
2.120238095238095255e+00
2.171428571428571708e+00
2.108333333333333393e+00
2.110714285714285765e+00
2.109523809523809579e+00
2.110119047619047450e+00
2.104761904761904834e+00
2.109523809523809579e+00
2.104761904761904834e+00
2.073809523809523547e+00
2.144642857142857295e+00
2.076785714285714235e+00
2.067857142857142616e+00
2.105357142857143149e+00
2.100595238095237960e+00
2.113095238095238138e+00
2.076785714285714679e+00
2.016666666666666607e+00
2.074404761904761862e+00
2.087500000000000355e+00
2.046428571428571264e+00
2.050595238095238138e+00
2.042261904761904834e+00
2.047023809523809579e+00
2.136904761904761862e+00
2.142857142857142794e+00
2.146428571428571352e+00
2.172619047619047450e+00
2.170833333333333393e+00
2.136309523809523547e+00
2.139880952380952550e+00
2.149404761904762040e+00
2.224404761904761774e+00
2.221428571428571530e+00
2.194642857142857117e+00
2.198214285714285676e+00
2.231547619047618891e+00
2.228571428571428648e+00
2.221428571428571530e+00
2.230357142857143149e+00
2.074999999999999734e+00
2.066666666666666430e+00
2.085119047619047539e+00
2.075595238095238049e+00
2.072023809523809490e+00
2.074999999999999734e+00
2.077976190476190421e+00
2.077976190476190421e+00
2.091666666666666341e+00
2.074404761904761862e+00
2.083928571428571352e+00
2.086309523809523725e+00
2.085119047619047539e+00
2.080952380952381109e+00
2.080357142857142794e+00
2.085119047619047539e+00
2.266071428571428292e+00
2.235119047619047450e+00
2.276190476190476542e+00
2.267261904761904923e+00
2.263690476190476364e+00
2.267261904761904923e+00
2.270238095238095166e+00
2.235714285714285765e+00
2.251190476190476186e+00
2.210119047619047539e+00
2.213095238095238226e+00
2.220238095238095344e+00
2.216071428571428470e+00
2.211309523809523725e+00
2.247023809523809312e+00
2.214880952380952728e+00
2.065476190476190688e+00
2.075595238095238049e+00
2.172619047619047450e+00
2.110714285714285765e+00
2.100595238095237960e+00
2.065476190476190688e+00
2.063095238095238315e+00
2.088095238095238226e+00
2.280952380952381287e+00
2.179166666666666696e+00
2.232738095238095521e+00
2.265476190476190421e+00
2.294642857142857206e+00
2.297619047619047450e+00
2.274404761904762040e+00
2.295238095238095521e+00
2.223214285714285587e+00
2.227380952380952461e+00
2.155952380952381287e+00
2.180952380952381198e+00
2.183333333333333570e+00
2.223809523809523458e+00
2.225595238095238404e+00
2.212500000000000355e+00
2.067261904761904745e+00
2.139285714285714235e+00
2.111904761904761951e+00
2.110119047619047450e+00
2.072023809523809490e+00
2.067261904761904745e+00
2.080357142857142794e+00
2.072023809523809490e+00
2.060119047619047628e+00
2.060119047619047628e+00
2.082142857142857295e+00
2.097023809523809401e+00
2.021428571428571352e+00
2.060119047619047628e+00
2.061309523809523370e+00
2.069642857142857562e+00
2.089880952380952728e+00
2.069642857142857117e+00
2.048809523809523192e+00
2.128571428571428559e+00
2.088095238095237782e+00
2.082738095238095166e+00
2.078571428571428736e+00
2.088690476190476097e+00
2.186309523809523370e+00
2.185714285714285499e+00
2.196428571428571619e+00
2.160714285714285587e+00
2.203571428571428292e+00
2.186309523809523370e+00
2.184523809523809312e+00
2.161309523809523903e+00
2.164285714285714146e+00
2.150595238095238226e+00
2.182738095238095255e+00
2.141071428571428736e+00
2.162500000000000089e+00
2.167261904761904834e+00
2.185714285714285499e+00
2.161904761904761774e+00
2.132142857142857117e+00
2.129761904761904301e+00
2.219047619047618713e+00
2.139285714285714679e+00
2.158333333333333659e+00
2.132142857142857117e+00
2.130952380952380931e+00
2.144642857142857295e+00
2.266666666666667052e+00
2.171428571428571708e+00
2.250595238095238315e+00
2.238095238095238138e+00
2.261309523809523547e+00
2.261904761904761862e+00
2.251190476190476630e+00
2.261904761904761862e+00
2.187500000000000000e+00
2.186309523809523370e+00
2.122619047619047628e+00
2.215476190476190599e+00
2.226190476190476275e+00
2.187500000000000000e+00
2.186904761904761685e+00
2.162500000000000089e+00
2.157142857142857029e+00
2.227380952380952461e+00
2.129166666666666430e+00
2.122023809523809312e+00
2.156547619047618713e+00
2.157142857142857029e+00
2.180357142857142438e+00
2.156547619047618713e+00
2.119047619047619069e+00
2.136904761904761862e+00
2.167261904761904834e+00
2.079166666666666607e+00
2.186904761904761685e+00
2.119047619047619069e+00
2.119642857142857384e+00
2.131547619047619246e+00
2.198809523809523991e+00
2.174404761904761951e+00
2.264285714285714235e+00
2.147023809523809668e+00
2.211904761904762040e+00
2.210714285714285410e+00
2.200000000000000178e+00
2.212499999999999911e+00
2.250595238095238315e+00
2.234523809523809579e+00
2.129761904761904745e+00
2.277976190476190599e+00
2.239880952380952639e+00
2.251190476190476186e+00
2.245238095238095699e+00
2.260714285714285232e+00
2.152380952380952728e+00
2.261904761904761862e+00
2.108333333333333393e+00
2.141666666666666607e+00
2.133333333333333304e+00
2.138095238095238493e+00
2.119642857142857384e+00
2.133333333333333304e+00
2.141071428571428736e+00
2.117857142857142883e+00
2.081547619047618980e+00
2.127380952380952372e+00
2.131547619047619246e+00
2.141071428571428736e+00
2.142857142857142794e+00
2.134523809523809490e+00
2.054166666666666252e+00
2.089880952380952284e+00
2.041071428571428648e+00
2.038095238095237960e+00
2.030357142857142527e+00
2.028571428571428470e+00
2.034523809523809401e+00
2.030357142857142527e+00
2.203571428571428292e+00
2.217261904761904656e+00
2.180952380952380754e+00
2.200000000000000178e+00
2.189285714285714057e+00
2.204166666666666607e+00
2.205952380952381109e+00
2.197023809523809490e+00
2.154761904761904656e+00
2.190476190476190688e+00
2.172023809523809579e+00
2.181547619047619069e+00
2.166666666666666519e+00
2.163690476190476275e+00
2.172619047619047450e+00
2.166666666666666519e+00
2.113095238095238138e+00
2.129166666666666430e+00
2.096428571428571530e+00
2.148809523809523725e+00
2.133333333333333304e+00
2.113095238095238138e+00
2.116666666666666696e+00
2.115476190476190510e+00
2.157738095238095344e+00
2.190476190476190688e+00
2.139285714285714679e+00
2.160714285714285587e+00
2.174404761904761951e+00
2.170238095238095521e+00
2.173809523809523636e+00
2.174404761904761951e+00
2.233928571428571708e+00
2.223809523809523903e+00
2.200595238095238049e+00
2.204761904761904479e+00
2.258928571428571619e+00
2.233333333333333393e+00
2.231547619047619335e+00
2.245238095238095699e+00
2.192857142857142616e+00
2.222619047619047272e+00
2.213095238095237782e+00
2.169642857142857206e+00
2.185714285714285943e+00
2.186904761904761685e+00
2.179761904761905011e+00
2.185714285714285943e+00
2.121428571428571441e+00
2.110714285714285765e+00
2.174404761904762395e+00
2.080952380952381109e+00
2.073809523809523547e+00
2.121428571428571441e+00
2.117261904761904567e+00
2.131547619047619246e+00
2.088690476190476097e+00
2.035119047619047716e+00
2.123809523809523370e+00
2.131547619047619246e+00
2.082142857142856851e+00
2.084523809523809668e+00
2.076190476190476364e+00
2.082142857142856851e+00
2.206547619047619424e+00
2.236904761904761951e+00
2.092261904761904656e+00
2.173809523809523636e+00
2.222023809523809401e+00
2.206547619047619424e+00
2.202976190476190421e+00
2.210119047619047539e+00
2.082142857142857739e+00
2.204761904761904479e+00
2.138690476190475920e+00
2.088690476190476097e+00
2.102380952380952461e+00
2.104761904761904834e+00
2.097619047619047272e+00
2.102380952380952461e+00
2.060714285714285499e+00
2.057142857142857384e+00
2.169642857142857206e+00
2.054166666666666696e+00
2.047023809523809579e+00
2.060714285714285499e+00
2.064285714285714057e+00
2.080952380952381109e+00
2.169047619047618891e+00
2.059523809523809312e+00
2.174404761904761951e+00
2.180952380952380754e+00
2.166666666666666519e+00
2.162500000000000089e+00
2.146428571428571352e+00
2.166666666666666519e+00
2.189285714285714057e+00
2.185714285714285943e+00
2.140476190476190421e+00
2.266071428571428292e+00
2.158333333333333659e+00
2.189285714285714057e+00
2.189285714285714057e+00
2.178571428571428381e+00
2.167857142857142705e+00
2.211904761904761596e+00
2.092261904761904656e+00
2.181547619047619069e+00
2.154761904761904656e+00
2.155952380952380842e+00
2.163095238095237960e+00
2.154761904761904656e+00
2.136309523809523547e+00
2.134523809523809490e+00
2.161309523809523903e+00
2.126190476190476186e+00
2.195238095238095433e+00
2.136309523809523547e+00
2.136904761904761862e+00
2.140476190476190421e+00
2.208928571428571352e+00
2.185714285714285943e+00
2.214880952380952284e+00
2.144642857142856851e+00
2.202380952380952550e+00
2.202380952380952550e+00
2.199404761904761862e+00
2.202380952380952550e+00
2.208928571428571352e+00
2.203571428571428292e+00
2.248809523809523814e+00
2.198214285714285232e+00
2.195238095238094989e+00
2.208333333333333481e+00
2.208928571428571352e+00
2.172619047619047450e+00
2.187500000000000000e+00
2.142261904761904479e+00
2.194047619047618802e+00
2.199404761904761862e+00
2.184523809523809312e+00
2.183928571428571441e+00
2.219047619047619158e+00
2.184523809523809312e+00
2.130952380952380931e+00
2.135714285714285676e+00
2.210714285714285410e+00
2.108333333333333393e+00
2.096428571428571530e+00
2.131547619047619246e+00
2.129166666666666430e+00
2.144047619047619424e+00
2.170833333333333393e+00
2.086904761904762040e+00
2.191666666666666430e+00
2.205357142857142794e+00
2.172619047619047450e+00
2.173809523809523636e+00
2.161904761904761774e+00
2.172619047619047450e+00
2.176190476190476453e+00
2.179166666666666696e+00
2.099404761904761774e+00
2.149999999999999911e+00
2.208333333333333481e+00
2.175595238095238138e+00
2.175595238095238138e+00
2.158333333333333659e+00
2.092857142857142971e+00
2.164285714285714590e+00
2.119047619047619069e+00
2.063095238095238315e+00
2.097023809523809401e+00
2.098809523809523903e+00
2.116071428571428381e+00
2.097023809523809401e+00
2.185119047619047628e+00
2.158928571428571530e+00
2.185714285714285499e+00
2.163095238095237960e+00
2.185119047619047628e+00
2.184523809523809312e+00
2.184523809523809312e+00
2.195833333333333748e+00
2.175595238095238138e+00
2.154166666666666785e+00
2.167261904761904834e+00
2.154761904761904656e+00
2.154761904761904656e+00
2.155952380952380842e+00
2.145238095238095166e+00
2.154761904761904656e+00
2.185714285714285499e+00
2.178571428571428381e+00
2.186904761904761685e+00
2.241071428571428381e+00
2.185714285714285499e+00
2.185714285714285499e+00
2.191071428571428559e+00
2.157738095238095344e+00
2.224404761904761774e+00
2.210714285714285410e+00
2.158928571428571530e+00
2.213690476190476097e+00
2.213095238095237782e+00
2.206547619047618980e+00
2.239285714285714768e+00
2.213690476190476097e+00
2.072023809523809490e+00
2.079761904761904479e+00
2.073214285714285232e+00
2.057738095238095255e+00
2.111309523809523636e+00
2.072619047619047361e+00
2.073214285714285232e+00
2.068452380952380931e+00
2.095833333333333659e+00
2.103571428571428648e+00
2.122023809523809312e+00
2.065476190476190688e+00
2.103571428571428648e+00
2.103571428571428648e+00
2.106547619047618891e+00
2.104166666666666519e+00
2.280357142857142971e+00
2.258928571428571619e+00
2.283333333333333659e+00
2.234523809523809579e+00
2.244642857142857384e+00
2.280952380952381287e+00
2.282142857142857473e+00
2.279166666666666341e+00
2.185119047619047628e+00
2.167857142857142705e+00
2.210119047619047539e+00
2.211309523809523725e+00
2.170833333333333393e+00
2.168452380952380576e+00
2.174404761904761951e+00
2.169642857142857206e+00
2.002976190476190688e+00
2.000595238095237871e+00
2.116666666666666696e+00
2.048214285714285765e+00
2.002976190476190688e+00
2.002976190476190688e+00
2.000595238095237871e+00
2.018452380952381109e+00
2.190476190476190688e+00
2.050595238095238138e+00
2.123214285714285943e+00
2.183928571428571441e+00
2.184523809523809312e+00
2.188690476190476630e+00
2.170238095238095521e+00
2.183928571428571441e+00
2.178571428571428381e+00
2.214285714285714413e+00
2.057738095238095255e+00
2.158928571428571530e+00
2.178571428571428381e+00
2.178571428571428381e+00
2.181547619047619069e+00
2.195238095238094989e+00
2.070238095238095433e+00
2.214880952380952284e+00
2.123809523809523814e+00
2.106547619047619335e+00
2.106547619047619335e+00
2.101785714285714590e+00
2.091666666666666785e+00
2.106547619047619335e+00
2.036309523809523903e+00
2.049404761904761951e+00
2.071428571428571619e+00
2.074404761904761862e+00
2.072023809523809490e+00
2.036309523809523903e+00
2.034523809523809401e+00
2.036309523809523903e+00
2.134523809523809490e+00
2.120833333333333570e+00
2.109523809523809579e+00
2.113095238095238138e+00
2.148809523809523725e+00
2.154166666666666785e+00
2.148809523809523725e+00
2.148809523809523725e+00
2.194642857142857117e+00
2.231547619047619335e+00
2.204166666666666607e+00
2.170833333333333393e+00
2.171428571428571264e+00
2.194642857142857117e+00
2.198809523809523547e+00
2.194642857142857117e+00
2.156547619047619158e+00
2.179166666666666696e+00
2.221428571428571530e+00
2.210714285714285410e+00
2.187500000000000000e+00
2.182738095238095699e+00
2.187500000000000000e+00
2.187500000000000000e+00
2.104761904761904834e+00
2.101190476190476275e+00
2.185119047619047628e+00
2.111309523809523636e+00
2.073809523809523547e+00
2.104761904761904834e+00
2.107142857142857206e+00
2.104761904761904834e+00
2.162499999999999645e+00
2.080357142857142794e+00
2.150595238095238226e+00
2.189880952380952372e+00
2.158333333333333659e+00
2.157142857142857029e+00
2.158333333333333659e+00
2.158333333333333659e+00
2.234523809523809579e+00
2.231547619047618891e+00
2.174999999999999822e+00
2.241071428571428381e+00
2.184523809523809312e+00
2.234523809523809579e+00
2.234523809523809579e+00
2.234523809523809579e+00
2.129166666666666430e+00
2.192261904761904745e+00
2.121428571428571441e+00
2.177976190476190510e+00
2.126785714285714501e+00
2.126190476190476186e+00
2.126785714285714501e+00
2.126785714285714501e+00
2.222619047619047272e+00
2.229166666666666519e+00
2.272619047619047539e+00
2.167261904761904834e+00
2.176190476190476009e+00
2.222619047619047272e+00
2.212500000000000355e+00
2.214285714285714413e+00
2.147619047619047539e+00
2.107142857142857206e+00
2.212499999999999911e+00
2.197619047619047805e+00
2.153571428571428470e+00
2.160714285714285587e+00
2.163690476190476275e+00
2.153571428571428470e+00
2.226785714285714146e+00
2.200000000000000178e+00
2.120833333333333570e+00
2.256547619047619246e+00
2.245238095238095699e+00
2.226190476190476275e+00
2.227380952380952461e+00
2.252976190476190688e+00
2.190476190476190688e+00
2.266666666666666607e+00
2.132738095238095433e+00
2.133333333333333304e+00
2.151190476190476097e+00
2.150000000000000355e+00
2.123809523809523814e+00
2.150595238095238226e+00
2.144047619047619424e+00
2.132738095238095433e+00
2.044642857142857206e+00
2.133928571428571619e+00
2.177380952380952195e+00
2.144047619047619424e+00
2.144642857142857295e+00
2.116071428571428381e+00
2.037500000000000089e+00
2.120833333333333570e+00
2.033928571428571530e+00
2.000000000000000000e+00
2.023809523809523725e+00
2.023214285714285410e+00
2.054166666666666252e+00
2.023214285714285410e+00
2.124404761904762129e+00
2.146428571428571352e+00
2.107142857142857206e+00
2.112499999999999822e+00
2.148214285714285410e+00
2.125000000000000000e+00
2.126190476190476186e+00
2.134523809523809490e+00
2.114285714285714768e+00
2.151190476190476097e+00
2.150595238095237782e+00
2.111904761904761507e+00
2.133333333333333304e+00
2.133333333333333304e+00
2.122619047619047628e+00
2.133333333333333304e+00
2.132142857142857117e+00
2.145238095238095166e+00
2.197023809523809490e+00
2.139285714285714235e+00
2.142857142857142794e+00
2.133333333333333304e+00
2.131547619047618802e+00
2.115476190476190510e+00
2.201190476190475920e+00
2.143452380952381109e+00
2.204761904761904479e+00
2.199999999999999734e+00
2.208333333333333481e+00
2.208333333333333481e+00
2.223214285714285587e+00
2.208333333333333481e+00
2.193452380952380931e+00
2.185714285714285499e+00
2.118452380952380754e+00
2.201190476190475920e+00
2.230357142857142705e+00
2.193452380952380931e+00
2.193452380952380931e+00
2.210119047619047539e+00
2.177976190476190510e+00
2.244047619047619069e+00
2.154166666666666341e+00
2.126190476190476630e+00
2.158333333333333659e+00
2.158928571428571530e+00
2.148214285714285410e+00
2.158333333333333659e+00
2.135119047619047361e+00
2.102976190476190776e+00
2.106547619047619335e+00
2.096428571428571530e+00
2.176785714285714768e+00
2.135119047619047361e+00
2.136904761904761862e+00
2.101190476190476275e+00
2.097619047619047272e+00
2.097023809523809401e+00
2.100595238095237960e+00
2.030357142857142971e+00
2.076785714285714235e+00
2.072619047619047361e+00
2.100595238095237960e+00
2.075595238095238049e+00
2.169642857142857206e+00
2.180357142857142883e+00
2.161309523809523458e+00
2.226785714285714590e+00
2.149999999999999911e+00
2.169642857142857206e+00
2.166071428571428648e+00
2.192261904761904745e+00
2.226190476190476275e+00
2.254761904761904745e+00
2.180357142857142438e+00
2.264285714285714235e+00
2.247619047619047628e+00
2.252380952380952372e+00
2.214285714285714413e+00
2.248214285714285943e+00
2.097619047619047272e+00
2.100595238095237960e+00
2.088095238095238226e+00
2.111904761904761951e+00
2.092261904761904656e+00
2.098214285714285587e+00
2.098809523809523903e+00
2.088095238095238226e+00
2.088690476190476097e+00
2.103571428571428648e+00
2.079761904761904479e+00
2.097023809523809401e+00
2.092857142857142971e+00
2.089285714285714413e+00
2.101190476190476275e+00
2.092857142857142971e+00
2.172023809523809579e+00
2.187500000000000000e+00
2.166666666666666519e+00
2.180357142857142438e+00
2.165476190476190332e+00
2.172023809523809579e+00
2.173214285714285765e+00
2.163095238095237960e+00
2.157738095238095344e+00
2.178571428571428381e+00
2.161904761904762218e+00
2.175595238095238138e+00
2.170238095238095077e+00
2.167857142857142705e+00
2.180952380952380754e+00
2.170238095238095077e+00
2.176190476190476453e+00
2.181547619047619069e+00
2.254166666666666874e+00
2.216666666666666341e+00
2.139285714285714235e+00
2.176190476190476453e+00
2.179166666666666696e+00
2.188690476190476186e+00
2.268452380952381109e+00
2.192857142857142616e+00
2.224999999999999645e+00
2.314880952380952372e+00
2.271428571428571352e+00
2.270833333333333481e+00
2.264880952380952550e+00
2.271428571428571352e+00
2.274404761904762040e+00
2.281547619047619158e+00
2.131547619047619246e+00
2.238690476190476453e+00
2.303571428571428381e+00
2.274404761904762040e+00
2.269047619047619424e+00
2.285119047619047716e+00
2.144047619047618980e+00
2.282142857142857029e+00
2.175595238095238138e+00
2.119642857142857384e+00
2.151190476190476542e+00
2.158333333333333659e+00
2.141071428571428292e+00
2.151190476190476542e+00
