[{'S1': array([ 6.52148870e-01,  1.62509368e-01,  1.37167579e-01, -4.00685888e-03,
       -3.16525669e-03, -4.52159993e-04,  6.25342835e-05]), 'S1_conf': array([0.0621195 , 0.03492524, 0.03178698, 0.0086949 , 0.0028094 ,
       0.00596911, 0.00593381]), 'ST': array([6.98798758e-01, 1.99414975e-01, 1.82716456e-01, 1.15129772e-02,
       6.85136333e-04, 7.21408257e-03, 7.67084012e-03]), 'ST_conf': array([0.05058863, 0.01649877, 0.02112738, 0.00149479, 0.00020515,
       0.00117719, 0.00187244]), 'S2': array([[        nan, -0.02324481, -0.02270745, -0.01967135, -0.02289552,
        -0.02144465, -0.02289552],
       [        nan,         nan, -0.00057802,  0.00119527, -0.00382906,
        -0.0013572 , -0.00208264],
       [        nan,         nan,         nan,  0.01676167,  0.01388679,
         0.0134569 ,  0.01641239],
       [        nan,         nan,         nan,         nan,  0.00700768,
         0.00706142,  0.00647032],
       [        nan,         nan,         nan,         nan,         nan,
         0.00422962,  0.00428336],
       [        nan,         nan,         nan,         nan,         nan,
                nan,  0.00344654],
       [        nan,         nan,         nan,         nan,         nan,
                nan,         nan]]), 'S2_conf': array([[       nan, 0.10243957, 0.11508128, 0.10093456, 0.09998496,
        0.09896587, 0.10045504],
       [       nan,        nan, 0.04848312, 0.04628171, 0.0457564 ,
        0.04592406, 0.04567222],
       [       nan,        nan,        nan, 0.0453888 , 0.04516216,
        0.04507183, 0.04463579],
       [       nan,        nan,        nan,        nan, 0.01128403,
        0.01145126, 0.01137592],
       [       nan,        nan,        nan,        nan,        nan,
        0.00308153, 0.00309037],
       [       nan,        nan,        nan,        nan,        nan,
               nan, 0.00917975],
       [       nan,        nan,        nan,        nan,        nan,
               nan,        nan]])}, {'S1': array([6.38377571e-01, 1.33511870e-01, 1.64930063e-01, 5.26632631e-03,
       5.35158403e-04, 3.21612203e-03, 7.67281033e-03]), 'S1_conf': array([0.0902364 , 0.03250397, 0.03022003, 0.01224488, 0.00247674,
       0.00685971, 0.01285762]), 'ST': array([0.7352791 , 0.1867076 , 0.21800206, 0.03480288, 0.00110879,
       0.01064111, 0.03129446]), 'ST_conf': array([0.09233795, 0.02206549, 0.03030226, 0.00629311, 0.00043082,
       0.00191823, 0.00561551]), 'S2': array([[        nan, -0.0502342 , -0.01233663, -0.03345335, -0.0325266 ,
        -0.03881528, -0.04027161],
       [        nan,         nan, -0.00063067, -0.01012989, -0.01003059,
        -0.01072566, -0.0139031 ],
       [        nan,         nan,         nan,  0.00552848,  0.0072496 ,
         0.00817635,  0.00628974],
       [        nan,         nan,         nan,         nan, -0.01514606,
        -0.01368973, -0.01378902],
       [        nan,         nan,         nan,         nan,         nan,
        -0.001183  , -0.0012492 ],
       [        nan,         nan,         nan,         nan,         nan,
                nan, -0.01070488],
       [        nan,         nan,         nan,         nan,         nan,
                nan,         nan]]), 'S2_conf': array([[       nan, 0.14020111, 0.17153257, 0.13871142, 0.13858671,
        0.13850591, 0.13621567],
       [       nan,        nan, 0.04917064, 0.04383098, 0.0416174 ,
        0.04274667, 0.0432247 ],
       [       nan,        nan,        nan, 0.04320804, 0.0434006 ,
        0.04446642, 0.04340355],
       [       nan,        nan,        nan,        nan, 0.01741174,
        0.01779254, 0.01860649],
       [       nan,        nan,        nan,        nan,        nan,
        0.00291614, 0.00291592],
       [       nan,        nan,        nan,        nan,        nan,
               nan, 0.01100537],
       [       nan,        nan,        nan,        nan,        nan,
               nan,        nan]])}, {'S1': array([ 0.57104252,  0.131961  ,  0.17252566,  0.00399902, -0.00060662,
       -0.00098291, -0.00420788]), 'S1_conf': array([0.10372381, 0.03184399, 0.03903085, 0.01789142, 0.00223331,
       0.00850354, 0.01817195]), 'ST': array([0.6936224 , 0.23068987, 0.25195397, 0.05622929, 0.00111436,
       0.01320785, 0.03523921]), 'ST_conf': array([0.09989435, 0.02759632, 0.03965246, 0.00912581, 0.00040868,
       0.00235518, 0.00652847]), 'S2': array([[        nan, -0.06622722, -0.02885064, -0.04379396, -0.05135696,
        -0.04649764, -0.04277095],
       [        nan,         nan,  0.00074244,  0.00998611,  0.0106803 ,
         0.01111873,  0.01141102],
       [        nan,         nan,         nan,  0.01401995,  0.01102398,
         0.01259504,  0.01573716],
       [        nan,         nan,         nan,         nan,  0.01148802,
         0.00951507,  0.00787094],
       [        nan,         nan,         nan,         nan,         nan,
         0.00088441,  0.00132284],
       [        nan,         nan,         nan,         nan,         nan,
                nan,  0.00839205],
       [        nan,         nan,         nan,         nan,         nan,
                nan,         nan]]), 'S2_conf': array([[       nan, 0.15662217, 0.1794269 , 0.16382854, 0.15812203,
        0.15785248, 0.15698575],
       [       nan,        nan, 0.04954525, 0.05035418, 0.04882868,
        0.0513482 , 0.0502245 ],
       [       nan,        nan,        nan, 0.05294545, 0.0536347 ,
        0.05299215, 0.0510574 ],
       [       nan,        nan,        nan,        nan, 0.0251231 ,
        0.02504076, 0.02468325],
       [       nan,        nan,        nan,        nan,        nan,
        0.00245259, 0.00250098],
       [       nan,        nan,        nan,        nan,        nan,
               nan, 0.01303554],
       [       nan,        nan,        nan,        nan,        nan,
               nan,        nan]])}, {'S1': array([ 5.56572561e-01,  1.41072748e-01,  1.87392977e-01, -2.65058687e-03,
       -1.06200153e-04, -2.27038932e-03, -1.72018604e-03]), 'S1_conf': array([0.08107358, 0.03421792, 0.03339293, 0.01716386, 0.00245071,
       0.00987561, 0.01267084]), 'ST': array([0.69082437, 0.25697447, 0.25125067, 0.05953767, 0.00114135,
       0.02241819, 0.03260518]), 'ST_conf': array([0.07427456, 0.03283677, 0.04216127, 0.00926182, 0.00064928,
       0.00574395, 0.00607783]), 'S2': array([[        nan, -0.04770697, -0.04215353, -0.0447088 , -0.05506614,
        -0.0540781 , -0.04368669],
       [        nan,         nan,  0.01477918,  0.01440441,  0.0213888 ,
         0.02711259,  0.02421662],
       [        nan,         nan,         nan,  0.00472959,  0.00946534,
         0.00966977,  0.00633089],
       [        nan,         nan,         nan,         nan,  0.00615112,
         0.00693473,  0.00812719],
       [        nan,         nan,         nan,         nan,         nan,
         0.00210764,  0.00149438],
       [        nan,         nan,         nan,         nan,         nan,
                nan,  0.00415223],
       [        nan,         nan,         nan,         nan,         nan,
                nan,         nan]]), 'S2_conf': array([[       nan, 0.1268129 , 0.13842282, 0.11360047, 0.1155198 ,
        0.11779867, 0.11931122],
       [       nan,        nan, 0.05260951, 0.05458474, 0.0551147 ,
        0.05404309, 0.05539262],
       [       nan,        nan,        nan, 0.04859352, 0.04900326,
        0.04705271, 0.04973513],
       [       nan,        nan,        nan,        nan, 0.02612076,
        0.02590573, 0.0265474 ],
       [       nan,        nan,        nan,        nan,        nan,
        0.00386651, 0.00377586],
       [       nan,        nan,        nan,        nan,        nan,
               nan, 0.01450781],
       [       nan,        nan,        nan,        nan,        nan,
               nan,        nan]])}, {'S1': array([ 0.55254922,  0.14326721,  0.16520673, -0.00499532, -0.0013868 ,
        0.01382818, -0.00569325]), 'S1_conf': array([0.08008058, 0.03817889, 0.03029419, 0.015095  , 0.0025731 ,
       0.01246095, 0.01007543]), 'ST': array([0.66818319, 0.23387893, 0.23780137, 0.04938322, 0.00091712,
       0.03566879, 0.0161977 ]), 'ST_conf': array([0.08017619, 0.03149233, 0.04362735, 0.00711955, 0.0006849 ,
       0.00542992, 0.0027441 ]), 'S2': array([[        nan, -0.04201341, -0.00459504, -0.01190375, -0.02310669,
        -0.03002034, -0.02573106],
       [        nan,         nan,  0.03070455,  0.0313818 ,  0.04309268,
         0.03962174,  0.03945243],
       [        nan,         nan,         nan,  0.0083374 ,  0.00929685,
         0.01341682,  0.00836562],
       [        nan,         nan,         nan,         nan, -0.00047856,
         0.00070664,  0.00011404],
       [        nan,         nan,         nan,         nan,         nan,
         0.0014703 ,  0.00107523],
       [        nan,         nan,         nan,         nan,         nan,
                nan,  0.00634927],
       [        nan,         nan,         nan,         nan,         nan,
                nan,         nan]]), 'S2_conf': array([[       nan, 0.13108664, 0.15673699, 0.12776235, 0.13184997,
        0.13025913, 0.12760874],
       [       nan,        nan, 0.05672693, 0.05581384, 0.05508203,
        0.05726331, 0.05435363],
       [       nan,        nan,        nan, 0.04727737, 0.04765411,
        0.04787952, 0.04771926],
       [       nan,        nan,        nan,        nan, 0.02429075,
        0.02460115, 0.02411596],
       [       nan,        nan,        nan,        nan,        nan,
        0.00338237, 0.00329272],
       [       nan,        nan,        nan,        nan,        nan,
               nan, 0.02025972],
       [       nan,        nan,        nan,        nan,        nan,
               nan,        nan]])}, {'S1': array([ 5.65364244e-01,  1.25376795e-01,  1.26196224e-01, -2.69133080e-03,
        4.45103677e-04,  1.08308535e-02, -2.38881100e-04]), 'S1_conf': array([0.08024203, 0.03743422, 0.03145632, 0.01353739, 0.00232299,
       0.01593833, 0.01104225]), 'ST': array([0.71841484, 0.24228754, 0.21980805, 0.05090781, 0.00157014,
       0.05371636, 0.02020169]), 'ST_conf': array([0.10717982, 0.03750641, 0.04279545, 0.0096311 , 0.00160464,
       0.00817192, 0.00404827]), 'S2': array([[        nan, -0.0593777 , -0.02485681, -0.0445388 , -0.05482209,
        -0.0593777 , -0.05329618],
       [        nan,         nan,  0.03161311,  0.03389092,  0.03968494,
         0.03559374,  0.03291788],
       [        nan,         nan,         nan,  0.01931534,  0.01759041,
         0.01750195,  0.0178779 ],
       [        nan,         nan,         nan,         nan,  0.00422411,
         0.00508657,  0.00486543],
       [        nan,         nan,         nan,         nan,         nan,
         0.00205893,  0.00210316],
       [        nan,         nan,         nan,         nan,         nan,
                nan,  0.00143361],
       [        nan,         nan,         nan,         nan,         nan,
                nan,         nan]]), 'S2_conf': array([[       nan, 0.13249179, 0.17446226, 0.13501617, 0.13496499,
        0.12856686, 0.13491926],
       [       nan,        nan, 0.05334556, 0.05151921, 0.04923846,
        0.04867927, 0.05008797],
       [       nan,        nan,        nan, 0.04123727, 0.04120885,
        0.04169685, 0.04155637],
       [       nan,        nan,        nan,        nan, 0.01834576,
        0.01806676, 0.01919182],
       [       nan,        nan,        nan,        nan,        nan,
        0.0039622 , 0.00394388],
       [       nan,        nan,        nan,        nan,        nan,
               nan, 0.02384225],
       [       nan,        nan,        nan,        nan,        nan,
               nan,        nan]])}, {'S1': array([6.92591473e-01, 1.43884722e-01, 1.04591656e-01, 1.80040411e-03,
       4.44979852e-04, 2.29790794e-02, 1.96416913e-03]), 'S1_conf': array([0.12710163, 0.03148918, 0.02717731, 0.01191636, 0.00238223,
       0.01410201, 0.00738921]), 'ST': array([8.10899459e-01, 2.19162795e-01, 2.03616371e-01, 2.62877207e-02,
       7.78041610e-04, 4.31380848e-02, 1.48260151e-02]), 'ST_conf': array([0.11441078, 0.04182063, 0.04950477, 0.00431289, 0.00047828,
       0.00916032, 0.00812488]), 'S2': array([[        nan, -0.11074606, -0.03596762, -0.09563188, -0.11063079,
        -0.10011282, -0.11034263],
       [        nan,         nan, -0.00426904, -0.00850504, -0.00970092,
        -0.01418187, -0.00834655],
       [        nan,         nan,         nan,  0.01435586,  0.01429822,
         0.0147881 ,  0.00883752],
       [        nan,         nan,         nan,         nan,  0.00068148,
         0.00118576,  0.0012578 ],
       [        nan,         nan,         nan,         nan,         nan,
         0.00108698,  0.00114461],
       [        nan,         nan,         nan,         nan,         nan,
                nan, -0.00209319],
       [        nan,         nan,         nan,         nan,         nan,
                nan,         nan]]), 'S2_conf': array([[       nan, 0.22899851, 0.2242354 , 0.20379157, 0.20481837,
        0.21336374, 0.20629771],
       [       nan,        nan, 0.05073147, 0.05294121, 0.04816641,
        0.05209624, 0.04822842],
       [       nan,        nan,        nan, 0.04014681, 0.04131435,
        0.03913551, 0.03893378],
       [       nan,        nan,        nan,        nan, 0.01557462,
        0.0154807 , 0.01550769],
       [       nan,        nan,        nan,        nan,        nan,
        0.00267327, 0.00263384],
       [       nan,        nan,        nan,        nan,        nan,
               nan, 0.02184167],
       [       nan,        nan,        nan,        nan,        nan,
               nan,        nan]])}, {'S1': array([ 0.05804998, -0.00293292,  0.10260769,  0.64189149, -0.00134617,
        0.00395139,  0.03015649]), 'S1_conf': array([0.03562143, 0.02691473, 0.02800654, 0.06037777, 0.00352971,
       0.02068589, 0.02081261]), 'ST': array([0.2207472 , 0.15543876, 0.18739158, 0.76698449, 0.00167557,
       0.08097311, 0.08159658]), 'ST_conf': array([0.02437282, 0.01430699, 0.02084287, 0.05403376, 0.00048364,
       0.01147439, 0.00799544]), 'S2': array([[        nan,  0.03811922,  0.01567431, -0.0144081 ,  0.0124011 ,
         0.01793439,  0.01107622],
       [        nan,         nan,  0.02005169,  0.00945271,  0.02823473,
         0.03322249,  0.02488358],
       [        nan,         nan,         nan, -0.00482705,  0.03234733,
         0.03982896,  0.02478776],
       [        nan,         nan,         nan,         nan, -0.01003798,
        -0.03092421, -0.01549334],
       [        nan,         nan,         nan,         nan,         nan,
         0.00255536,  0.00239949],
       [        nan,         nan,         nan,         nan,         nan,
                nan,  0.03124173],
       [        nan,         nan,         nan,         nan,         nan,
                nan,         nan]]), 'S2_conf': array([[       nan, 0.04913747, 0.04928791, 0.04922611, 0.04707285,
        0.04705821, 0.04608562],
       [       nan,        nan, 0.03436787, 0.03906616, 0.03216292,
        0.03267871, 0.03321391],
       [       nan,        nan,        nan, 0.05247311, 0.04303319,
        0.04284131, 0.04632083],
       [       nan,        nan,        nan,        nan, 0.07134198,
        0.07512664, 0.07253072],
       [       nan,        nan,        nan,        nan,        nan,
        0.00449854, 0.00461638],
       [       nan,        nan,        nan,        nan,        nan,
               nan, 0.02853434],
       [       nan,        nan,        nan,        nan,        nan,
               nan,        nan]])}, {'S1': array([0.31368616, 0.10519869, 0.20921657, 0.26353179, 0.00259958,
       0.01623244, 0.02156402]), 'S1_conf': array([0.04697136, 0.03028967, 0.03133291, 0.04211432, 0.00320442,
       0.01162439, 0.01815479]), 'ST': array([0.38903547, 0.15250151, 0.28844514, 0.32006919, 0.00238672,
       0.02511029, 0.05554098]), 'ST_conf': array([0.03465086, 0.01517143, 0.02670956, 0.02783092, 0.00066683,
       0.00353526, 0.00631009]), 'S2': array([[        nan,  0.00451337,  0.0324579 , -0.00205011,  0.00391669,
         0.00511006, -0.00035951],
       [        nan,         nan,  0.0105014 ,  0.0105014 ,  0.00533017,
         0.00115341,  0.01079974],
       [        nan,         nan,         nan,  0.01019245,  0.01526423,
         0.01695482,  0.02023656],
       [        nan,         nan,         nan,         nan, -0.0020219 ,
        -0.00381194,  0.00424324],
       [        nan,         nan,         nan,         nan,         nan,
        -0.00179702, -0.0023937 ],
       [        nan,         nan,         nan,         nan,         nan,
                nan, -0.00884015],
       [        nan,         nan,         nan,         nan,         nan,
                nan,         nan]]), 'S2_conf': array([[       nan, 0.0611252 , 0.05931443, 0.07386486, 0.06094985,
        0.06179328, 0.06402275],
       [       nan,        nan, 0.04655647, 0.0465374 , 0.04491491,
        0.04579981, 0.04608191],
       [       nan,        nan,        nan, 0.05407839, 0.05155316,
        0.05124013, 0.05015384],
       [       nan,        nan,        nan,        nan, 0.0635132 ,
        0.06094789, 0.06479305],
       [       nan,        nan,        nan,        nan,        nan,
        0.00540247, 0.00489906],
       [       nan,        nan,        nan,        nan,        nan,
               nan, 0.01741444],
       [       nan,        nan,        nan,        nan,        nan,
               nan,        nan]])}, {'S1': array([0.36807145, 0.12599399, 0.27124721, 0.11514657, 0.00274558,
       0.01483712, 0.04251234]), 'S1_conf': array([0.05157804, 0.03589505, 0.0454105 , 0.02842933, 0.00565377,
       0.01219338, 0.01747068]), 'ST': array([0.48260635, 0.20345619, 0.37709355, 0.18977011, 0.00374647,
       0.03020113, 0.07791126]), 'ST_conf': array([0.03805203, 0.02282686, 0.02913717, 0.01842029, 0.00108108,
       0.00396907, 0.0092254 ]), 'S2': array([[        nan,  0.02209676,  0.02270843,  0.01567424, -0.00038205,
         0.00619338,  0.00695797],
       [        nan,         nan,  0.00439856, -0.0024827 ,  0.01082108,
         0.00439856,  0.00684524],
       [        nan,         nan,         nan, -0.02326141, -0.00919304,
        -0.00904012, -0.00598178],
       [        nan,         nan,         nan,         nan, -0.00747215,
        -0.00655465, -0.00563715],
       [        nan,         nan,         nan,         nan,         nan,
        -0.00640727, -0.00548977],
       [        nan,         nan,         nan,         nan,         nan,
                nan,  0.00076043],
       [        nan,         nan,         nan,         nan,         nan,
                nan,         nan]]), 'S2_conf': array([[       nan, 0.07481542, 0.081762  , 0.07239724, 0.06603705,
        0.06876215, 0.07238851],
       [       nan,        nan, 0.05287142, 0.05055218, 0.04723947,
        0.04815372, 0.04875193],
       [       nan,        nan,        nan, 0.06289172, 0.06386093,
        0.06409149, 0.0637819 ],
       [       nan,        nan,        nan,        nan, 0.03955522,
        0.04026946, 0.03938098],
       [       nan,        nan,        nan,        nan,        nan,
        0.00866018, 0.00845621],
       [       nan,        nan,        nan,        nan,        nan,
               nan, 0.01970019],
       [       nan,        nan,        nan,        nan,        nan,
               nan,        nan]])}, {'S1': array([ 0.33056494,  0.14973405,  0.31758423,  0.01688488, -0.0046677 ,
        0.01597531,  0.02482741]), 'S1_conf': array([0.04668254, 0.03781067, 0.0469231 , 0.02102308, 0.00537619,
       0.0137478 , 0.0211141 ]), 'ST': array([0.41173494, 0.23437219, 0.43660076, 0.0781016 , 0.0072778 ,
       0.04110611, 0.07163244]), 'ST_conf': array([0.03611621, 0.02112305, 0.03605135, 0.00773144, 0.0014664 ,
       0.00551201, 0.00912739]), 'S2': array([[        nan, -0.02411969,  0.02089486, -0.0110466 , -0.00956409,
        -0.01360731, -0.01306822],
       [        nan,         nan,  0.02367512, -0.0043579 ,  0.00224603,
        -0.00193196,  0.00224603],
       [        nan,         nan,         nan,  0.02171632,  0.00311749,
         0.00702594,  0.0098562 ],
       [        nan,         nan,         nan,         nan,  0.00380966,
         0.00623559,  0.00785288],
       [        nan,         nan,         nan,         nan,         nan,
         0.00600416,  0.00654325],
       [        nan,         nan,         nan,         nan,         nan,
                nan, -0.0106563 ],
       [        nan,         nan,         nan,         nan,         nan,
                nan,         nan]]), 'S2_conf': array([[       nan, 0.06131011, 0.06266705, 0.05919144, 0.0548192 ,
        0.05562788, 0.05748868],
       [       nan,        nan, 0.05855991, 0.04562867, 0.04434781,
        0.04480014, 0.04440617],
       [       nan,        nan,        nan, 0.05737462, 0.0561957 ,
        0.06058236, 0.05592586],
       [       nan,        nan,        nan,        nan, 0.02666218,
        0.02690102, 0.02699975],
       [       nan,        nan,        nan,        nan,        nan,
        0.00814135, 0.00846149],
       [       nan,        nan,        nan,        nan,        nan,
               nan, 0.01961473],
       [       nan,        nan,        nan,        nan,        nan,
               nan,        nan]])}, {'S1': array([0.36492552, 0.15596791, 0.3239377 , 0.0201578 , 0.00226211,
       0.0058678 , 0.01989065]), 'S1_conf': array([0.05101858, 0.03683359, 0.04385614, 0.02173827, 0.00803409,
       0.01404248, 0.02130774]), 'ST': array([0.4391598 , 0.22432921, 0.40561146, 0.08124355, 0.01263115,
       0.04274381, 0.08437608]), 'ST_conf': array([0.04140178, 0.02222905, 0.03945812, 0.01071522, 0.00265928,
       0.00630018, 0.01041036]), 'S2': array([[        nan, -0.03818535, -0.02221958, -0.02363427, -0.02626155,
        -0.02262378, -0.01878391],
       [        nan,         nan, -0.00264724,  0.00685139,  0.00867027,
         0.01149965,  0.01089336],
       [        nan,         nan,         nan,  0.00209816, -0.01326132,
        -0.00638997, -0.00477318],
       [        nan,         nan,         nan,         nan, -0.00810389,
        -0.0076997 , -0.00992278],
       [        nan,         nan,         nan,         nan,         nan,
         0.00464826,  0.00303148],
       [        nan,         nan,         nan,         nan,         nan,
                nan, -0.0016298 ],
       [        nan,         nan,         nan,         nan,         nan,
                nan,         nan]]), 'S2_conf': array([[       nan, 0.07165315, 0.08313016, 0.06907426, 0.06668363,
        0.06498606, 0.06830449],
       [       nan,        nan, 0.05908276, 0.04849969, 0.04654748,
        0.04725219, 0.04728139],
       [       nan,        nan,        nan, 0.06239088, 0.05550094,
        0.05792358, 0.05661941],
       [       nan,        nan,        nan,        nan, 0.02748746,
        0.02726005, 0.02814576],
       [       nan,        nan,        nan,        nan,        nan,
        0.01255329, 0.01237647],
       [       nan,        nan,        nan,        nan,        nan,
               nan, 0.02090566],
       [       nan,        nan,        nan,        nan,        nan,
               nan,        nan]])}, {'S1': array([0.34014658, 0.15457671, 0.37597472, 0.01682334, 0.00479398,
       0.03173872, 0.06176779]), 'S1_conf': array([0.04285612, 0.03261899, 0.04892289, 0.01912773, 0.00911966,
       0.01889134, 0.02112269]), 'ST': array([0.39191249, 0.21077414, 0.4216406 , 0.05290126, 0.01523335,
       0.06213359, 0.08890736]), 'ST_conf': array([0.03270466, 0.01809315, 0.03565202, 0.00564378, 0.0022634 ,
       0.00860277, 0.00894249]), 'S2': array([[        nan,  0.00821329, -0.01320572,  0.00101207,  0.00285854,
         0.00064278, -0.0087742 ],
       [        nan,         nan, -0.00981375, -0.01442991, -0.01498385,
        -0.00759799, -0.0068594 ],
       [        nan,         nan,         nan, -0.00822012, -0.02151468,
        -0.01505205, -0.0259462 ],
       [        nan,         nan,         nan,         nan,  0.00110105,
         0.00202428, -0.00222259],
       [        nan,         nan,         nan,         nan,         nan,
         0.00060177,  0.00170965],
       [        nan,         nan,         nan,         nan,         nan,
                nan, -0.00657211],
       [        nan,         nan,         nan,         nan,         nan,
                nan,         nan]]), 'S2_conf': array([[       nan, 0.0628263 , 0.06363135, 0.05874946, 0.05586986,
        0.06009183, 0.05501483],
       [       nan,        nan, 0.0448524 , 0.04455933, 0.04398574,
        0.04448858, 0.04547356],
       [       nan,        nan,        nan, 0.07573423, 0.07384208,
        0.07364291, 0.07188249],
       [       nan,        nan,        nan,        nan, 0.02699589,
        0.02710822, 0.02679101],
       [       nan,        nan,        nan,        nan,        nan,
        0.01299031, 0.01254342],
       [       nan,        nan,        nan,        nan,        nan,
               nan, 0.02405123],
       [       nan,        nan,        nan,        nan,        nan,
               nan,        nan]])}, {'S1': array([0.3789436 , 0.12329046, 0.2956733 , 0.00605133, 0.00108958,
       0.02981224, 0.05297879]), 'S1_conf': array([0.04420096, 0.03270999, 0.04205752, 0.01521369, 0.0109113 ,
       0.01886616, 0.02637836]), 'ST': array([0.45835251, 0.21557824, 0.37654333, 0.04543726, 0.02365833,
       0.08479411, 0.12890473]), 'ST_conf': array([0.03609516, 0.02290153, 0.03227902, 0.00436628, 0.00511003,
       0.01203952, 0.01495294]), 'S2': array([[        nan,  0.00559832,  0.00559832, -0.01496453, -0.00302481,
         0.00405058, -0.00368813],
       [        nan,         nan,  0.01628551,  0.01097897,  0.0158433 ,
         0.01540109,  0.01407446],
       [        nan,         nan,         nan,  0.02210887,  0.02166666,
         0.02188777,  0.01636012],
       [        nan,         nan,         nan,         nan,  0.01522784,
         0.01412231,  0.00704692],
       [        nan,         nan,         nan,         nan,         nan,
         0.00319806,  0.00364027],
       [        nan,         nan,         nan,         nan,         nan,
                nan,  0.00615735],
       [        nan,         nan,         nan,         nan,         nan,
                nan,         nan]]), 'S2_conf': array([[       nan, 0.06824683, 0.07919057, 0.06291669, 0.06460818,
        0.06622882, 0.06855287],
       [       nan,        nan, 0.05079303, 0.0443286 , 0.04580373,
        0.04529834, 0.04374751],
       [       nan,        nan,        nan, 0.06130347, 0.05896626,
        0.06357682, 0.05964007],
       [       nan,        nan,        nan,        nan, 0.02289315,
        0.02230126, 0.02360422],
       [       nan,        nan,        nan,        nan,        nan,
        0.01405758, 0.01387489],
       [       nan,        nan,        nan,        nan,        nan,
               nan, 0.02821674],
       [       nan,        nan,        nan,        nan,        nan,
               nan,        nan]])}, {'S1': array([0.31402848, 0.12502842, 0.24219475, 0.01541405, 0.00780077,
       0.04360438, 0.02788295]), 'S1_conf': array([0.05392987, 0.04248982, 0.04909363, 0.01183869, 0.00893805,
       0.02501014, 0.02070126]), 'ST': array([0.56223743, 0.32519017, 0.41664991, 0.02413521, 0.01566671,
       0.09329458, 0.08750777]), 'ST_conf': array([0.04424362, 0.03071813, 0.03574809, 0.00331756, 0.00294989,
       0.01128471, 0.01127366]), 'S2': array([[        nan,  0.03720456, -0.00033909, -0.02969654, -0.02630914,
        -0.02052234, -0.01177156],
       [        nan,         nan, -0.02295554, -0.01561618, -0.00912367,
        -0.00333686, -0.00249001],
       [        nan,         nan,         nan,  0.00472945,  0.00374146,
         0.01616192,  0.0140448 ],
       [        nan,         nan,         nan,         nan, -0.00666327,
        -0.00313473, -0.00765126],
       [        nan,         nan,         nan,         nan,         nan,
        -0.00874241, -0.00761328],
       [        nan,         nan,         nan,         nan,         nan,
                nan, -0.00215824],
       [        nan,         nan,         nan,         nan,         nan,
                nan,         nan]]), 'S2_conf': array([[       nan, 0.06888624, 0.07097605, 0.06805257, 0.06607331,
        0.06570653, 0.06870517],
       [       nan,        nan, 0.06073197, 0.06273709, 0.06226957,
        0.06353503, 0.0615968 ],
       [       nan,        nan,        nan, 0.06216906, 0.06020527,
        0.06272117, 0.06520319],
       [       nan,        nan,        nan,        nan, 0.01612802,
        0.01592846, 0.01683481],
       [       nan,        nan,        nan,        nan,        nan,
        0.01374519, 0.013745  ],
       [       nan,        nan,        nan,        nan,        nan,
               nan, 0.03503441],
       [       nan,        nan,        nan,        nan,        nan,
               nan,        nan]])}, {'S1': array([0.51733552, 0.16780987, 0.16915193, 0.00358529, 0.00171852,
       0.06716163, 0.02235413]), 'S1_conf': array([0.05095676, 0.03522468, 0.03858917, 0.0093395 , 0.00600407,
       0.02153621, 0.01390792]), 'ST': array([0.5828035 , 0.22570513, 0.22756766, 0.01236045, 0.00562146,
       0.09001114, 0.03965502]), 'ST_conf': array([0.04278429, 0.02170878, 0.02050982, 0.00132414, 0.00109511,
       0.0089341 , 0.00456607]), 'S2': array([[        nan,  0.00882972,  0.00571421, -0.00552872, -0.00972788,
        -0.00864423, -0.01629754],
       [        nan,         nan,  0.00580768,  0.00018622,  0.00445311,
        -0.00096517,  0.00526585],
       [        nan,         nan,         nan,  0.00478327,  0.00430917,
         0.00214186, -0.00036409],
       [        nan,         nan,         nan,         nan, -0.01222463,
        -0.01324055, -0.01276645],
       [        nan,         nan,         nan,         nan,         nan,
         0.0008172 , -0.00182421],
       [        nan,         nan,         nan,         nan,         nan,
                nan, -0.01523086],
       [        nan,         nan,         nan,         nan,         nan,
                nan,         nan]]), 'S2_conf': array([[       nan, 0.07359211, 0.07263132, 0.06711318, 0.06676572,
        0.06755765, 0.06797882],
       [       nan,        nan, 0.05110557, 0.04925987, 0.04905722,
        0.04994423, 0.04911108],
       [       nan,        nan,        nan, 0.04953577, 0.04885417,
        0.05266226, 0.05066989],
       [       nan,        nan,        nan,        nan, 0.01356549,
        0.01430292, 0.01339787],
       [       nan,        nan,        nan,        nan,        nan,
        0.00726709, 0.00739742],
       [       nan,        nan,        nan,        nan,        nan,
               nan, 0.02848768],
       [       nan,        nan,        nan,        nan,        nan,
               nan,        nan]])}, {'S1': array([0.6041541 , 0.16146621, 0.13656342, 0.00200033, 0.002486  ,
       0.03523927, 0.00885496]), 'S1_conf': array([0.05138301, 0.03614355, 0.03057834, 0.00826687, 0.0042319 ,
       0.01711722, 0.01218226]), 'ST': array([0.62416757, 0.19349244, 0.18164795, 0.01377379, 0.00412725,
       0.06520571, 0.02300516]), 'ST_conf': array([0.04442092, 0.01594593, 0.01609263, 0.00156196, 0.00090657,
       0.00735844, 0.00311691]), 'S2': array([[        nan, -0.00971428, -0.00995849, -0.01879912, -0.02172971,
        -0.01542893, -0.02153434],
       [        nan,         nan,  0.01303457,  0.01049473,  0.00722223,
         0.01342532,  0.0067338 ],
       [        nan,         nan,         nan,  0.01942923,  0.02065031,
         0.01390995,  0.01669401],
       [        nan,         nan,         nan,         nan,  0.00505587,
         0.00280909,  0.00588621],
       [        nan,         nan,         nan,         nan,         nan,
        -0.00303881, -0.00137814],
       [        nan,         nan,         nan,         nan,         nan,
                nan,  0.00594782],
       [        nan,         nan,         nan,         nan,         nan,
                nan,         nan]]), 'S2_conf': array([[       nan, 0.0835215 , 0.08852725, 0.07724805, 0.07683212,
        0.07775351, 0.08051473],
       [       nan,        nan, 0.04756162, 0.04539272, 0.04541212,
        0.04608744, 0.04640192],
       [       nan,        nan,        nan, 0.04125625, 0.04050945,
        0.04180676, 0.04067002],
       [       nan,        nan,        nan,        nan, 0.01020998,
        0.00970447, 0.0101317 ],
       [       nan,        nan,        nan,        nan,        nan,
        0.00655916, 0.00656075],
       [       nan,        nan,        nan,        nan,        nan,
               nan, 0.02514374],
       [       nan,        nan,        nan,        nan,        nan,
               nan,        nan]])}, {'S1': array([6.29270164e-01, 1.69798234e-01, 1.31684136e-01, 4.33739659e-03,
       5.76367877e-04, 3.54538380e-02, 1.22440869e-02]), 'S1_conf': array([0.0581193 , 0.03378706, 0.02797185, 0.00830254, 0.00285019,
       0.01589803, 0.00915761]), 'ST': array([0.65393177, 0.18979336, 0.16269322, 0.01246939, 0.00193968,
       0.05209434, 0.0145938 ]), 'ST_conf': array([0.04793206, 0.02042108, 0.01798031, 0.00145794, 0.0005233 ,
       0.00571773, 0.00196819]), 'S2': array([[        nan, -0.02269228, -0.01582026, -0.01751979, -0.01548774,
        -0.01578331, -0.02058634],
       [        nan,         nan, -0.00223908, -0.00179572, -0.00323663,
        -0.00452975, -0.00840912],
       [        nan,         nan,         nan, -0.00717489, -0.00983503,
        -0.00632512, -0.0116454 ],
       [        nan,         nan,         nan,         nan,  0.0030002 ,
         0.00307409,  0.00200265],
       [        nan,         nan,         nan,         nan,         nan,
        -0.00078315, -0.00181765],
       [        nan,         nan,         nan,         nan,         nan,
                nan, -0.00498798],
       [        nan,         nan,         nan,         nan,         nan,
                nan,         nan]]), 'S2_conf': array([[       nan, 0.0981558 , 0.09106155, 0.08617025, 0.08758922,
        0.09027997, 0.08879589],
       [       nan,        nan, 0.04587717, 0.04251346, 0.04261358,
        0.04565185, 0.04363502],
       [       nan,        nan,        nan, 0.04355454, 0.04345078,
        0.0440291 , 0.04284639],
       [       nan,        nan,        nan,        nan, 0.01168697,
        0.01186947, 0.01158271],
       [       nan,        nan,        nan,        nan,        nan,
        0.00461394, 0.00453253],
       [       nan,        nan,        nan,        nan,        nan,
               nan, 0.02441865],
       [       nan,        nan,        nan,        nan,        nan,
               nan,        nan]])}, {'S1': array([ 6.13069130e-01,  1.83005502e-01,  1.40291685e-01, -3.90614669e-04,
       -2.09632179e-03,  2.68916857e-02,  2.64119811e-03]), 'S1_conf': array([0.0660956 , 0.03212552, 0.03307738, 0.00990035, 0.00417502,
       0.01578672, 0.0095422 ]), 'ST': array([0.66389881, 0.19962186, 0.18820875, 0.01750729, 0.00331626,
       0.04924867, 0.01528927]), 'ST_conf': array([0.06930917, 0.01831703, 0.02224166, 0.00445983, 0.00235592,
       0.00593443, 0.00371347]), 'S2': array([[        nan, -0.03147397,  0.00031048, -0.00188601, -0.0084324 ,
        -0.00963832, -0.00403943],
       [        nan,         nan, -0.00696106, -0.00398935, -0.00674572,
        -0.01014812, -0.003774  ],
       [        nan,         nan,         nan,  0.01012008,  0.01356555,
         0.01218736,  0.01046463],
       [        nan,         nan,         nan,         nan,  0.00184191,
         0.00184191,  0.0024018 ],
       [        nan,         nan,         nan,         nan,         nan,
        -0.00108272, -0.00168568],
       [        nan,         nan,         nan,         nan,         nan,
                nan,  0.00315702],
       [        nan,         nan,         nan,         nan,         nan,
                nan,         nan]]), 'S2_conf': array([[       nan, 0.10048151, 0.11237487, 0.09615735, 0.09263385,
        0.09911709, 0.09610016],
       [       nan,        nan, 0.05682214, 0.05203232, 0.05130791,
        0.05301827, 0.05162002],
       [       nan,        nan,        nan, 0.04248331, 0.04293813,
        0.04578724, 0.0421194 ],
       [       nan,        nan,        nan,        nan, 0.01195345,
        0.01195158, 0.01215505],
       [       nan,        nan,        nan,        nan,        nan,
        0.00498171, 0.00516035],
       [       nan,        nan,        nan,        nan,        nan,
               nan, 0.0215934 ],
       [       nan,        nan,        nan,        nan,        nan,
               nan,        nan]])}, {'S1': array([6.43903281e-01, 1.82895679e-01, 1.23930403e-01, 5.32136837e-03,
       4.90976959e-04, 1.67121688e-02, 2.75411060e-03]), 'S1_conf': array([0.07035763, 0.03033275, 0.0302763 , 0.00825465, 0.00441032,
       0.01368259, 0.00745829]), 'ST': array([0.67423263, 0.19980956, 0.16130167, 0.01394189, 0.00366224,
       0.02607079, 0.01245524]), 'ST_conf': array([0.06727642, 0.02153405, 0.02431839, 0.00200182, 0.0020756 ,
       0.00369146, 0.00243387]), 'S2': array([[        nan, -0.04793054, -0.02374526, -0.02700864, -0.02845903,
        -0.03473198, -0.0309247 ],
       [        nan,         nan, -0.00510348, -0.00042597, -0.00057101,
        -0.00368935, -0.00067979],
       [        nan,         nan,         nan,  0.00766486,  0.01034809,
         0.00628699,  0.00770112],
       [        nan,         nan,         nan,         nan, -0.00272504,
        -0.0027613 , -0.00319641],
       [        nan,         nan,         nan,         nan,         nan,
         0.00072258,  0.00021495],
       [        nan,         nan,         nan,         nan,         nan,
                nan, -0.00527662],
       [        nan,         nan,         nan,         nan,         nan,
                nan,         nan]]), 'S2_conf': array([[       nan, 0.10356853, 0.1125125 , 0.09987208, 0.0985779 ,
        0.10278511, 0.09712578],
       [       nan,        nan, 0.04302442, 0.04399593, 0.04369938,
        0.04268119, 0.04366008],
       [       nan,        nan,        nan, 0.04387314, 0.04439086,
        0.04421914, 0.04347877],
       [       nan,        nan,        nan,        nan, 0.01077825,
        0.01100206, 0.01083668],
       [       nan,        nan,        nan,        nan,        nan,
        0.00681151, 0.00615115],
       [       nan,        nan,        nan,        nan,        nan,
               nan, 0.01658879],
       [       nan,        nan,        nan,        nan,        nan,
               nan,        nan]])}, {'S1': array([6.60183222e-01, 1.58983982e-01, 1.15067012e-01, 4.40343904e-03,
       5.87255069e-04, 1.74015869e-03, 3.70133638e-03]), 'S1_conf': array([0.05700048, 0.02921115, 0.02886988, 0.0085756 , 0.00259219,
       0.00678826, 0.00636518]), 'ST': array([0.68939792, 0.20442452, 0.15963074, 0.0110809 , 0.0012225 ,
       0.00965464, 0.00758579]), 'ST_conf': array([0.05332364, 0.01979415, 0.01547244, 0.00116797, 0.00052289,
       0.00137775, 0.001259  ]), 'S2': array([[        nan, -0.03952017, -0.02663687, -0.03278073, -0.03688709,
        -0.03466151, -0.03165227],
       [        nan,         nan,  0.01862658,  0.02373601,  0.02151043,
         0.02658852,  0.02191793],
       [        nan,         nan,         nan,  0.01084084,  0.01278431,
         0.01369335,  0.01228277],
       [        nan,         nan,         nan,         nan, -0.00490941,
        -0.00544229, -0.00531691],
       [        nan,         nan,         nan,         nan,         nan,
        -0.00056228, -0.00049959],
       [        nan,         nan,         nan,         nan,         nan,
                nan,  0.00360951],
       [        nan,         nan,         nan,         nan,         nan,
                nan,         nan]]), 'S2_conf': array([[       nan, 0.11415078, 0.11759517, 0.10825868, 0.10642703,
        0.10683464, 0.10713803],
       [       nan,        nan, 0.04635298, 0.04432165, 0.04337438,
        0.04365102, 0.04359334],
       [       nan,        nan,        nan, 0.04261467, 0.04255414,
        0.04239924, 0.04359861],
       [       nan,        nan,        nan,        nan, 0.01110816,
        0.01132946, 0.0110698 ],
       [       nan,        nan,        nan,        nan,        nan,
        0.00365526, 0.00370163],
       [       nan,        nan,        nan,        nan,        nan,
               nan, 0.01123641],
       [       nan,        nan,        nan,        nan,        nan,
               nan,        nan]])}, {'S1': array([0.65457893, 0.15886041, 0.12921716, 0.00095583, 0.00367905,
       0.00608803, 0.00461965]), 'S1_conf': array([0.07487185, 0.03036004, 0.03095133, 0.00665827, 0.00357998,
       0.00703306, 0.00604118]), 'ST': array([0.70475755, 0.18683061, 0.17790378, 0.0128943 , 0.00246257,
       0.01091057, 0.01253518]), 'ST_conf': array([0.09109956, 0.02339745, 0.02334896, 0.00196187, 0.00101107,
       0.00213235, 0.00198246]), 'S2': array([[        nan, -0.05738521, -0.01805245, -0.04322542, -0.040113  ,
        -0.04425149, -0.03624813],
       [        nan,         nan,  0.00345952,  0.00694816,  0.00202302,
         0.00486182,  0.00523804],
       [        nan,         nan,         nan,  0.00629591,  0.00520144,
         0.00386754,  0.00526984],
       [        nan,         nan,         nan,         nan,  0.0020147 ,
         0.00119384,  0.00150166],
       [        nan,         nan,         nan,         nan,         nan,
        -0.00608154, -0.00587632],
       [        nan,         nan,         nan,         nan,         nan,
                nan, -0.00349189],
       [        nan,         nan,         nan,         nan,         nan,
                nan,         nan]]), 'S2_conf': array([[       nan, 0.108764  , 0.13572932, 0.11017161, 0.11124464,
        0.11061242, 0.11218498],
       [       nan,        nan, 0.04050627, 0.03929899, 0.03977618,
        0.04024163, 0.04033427],
       [       nan,        nan,        nan, 0.03915842, 0.03953741,
        0.03909575, 0.03950992],
       [       nan,        nan,        nan,        nan, 0.01120584,
        0.01109848, 0.01132011],
       [       nan,        nan,        nan,        nan,        nan,
        0.00432419, 0.00437161],
       [       nan,        nan,        nan,        nan,        nan,
               nan, 0.00915158],
       [       nan,        nan,        nan,        nan,        nan,
               nan,        nan]])}, {'S1': array([ 6.77575846e-01,  1.65218167e-01,  1.42611804e-01,  6.76037831e-03,
        3.35158697e-03,  1.91721324e-03, -3.05695156e-04]), 'S1_conf': array([0.08504428, 0.02883757, 0.02909061, 0.00801516, 0.00311638,
       0.01070108, 0.00940842]), 'ST': array([0.72017499, 0.19182753, 0.17952011, 0.01135952, 0.00140656,
       0.00863812, 0.00958603]), 'ST_conf': array([0.08707288, 0.02163693, 0.02944804, 0.00198117, 0.00047086,
       0.00133107, 0.00144991]), 'S2': array([[        nan, -0.07348666, -0.03746644, -0.0522965 , -0.04214479,
        -0.04780161, -0.0419919 ],
       [        nan,         nan, -0.01314727, -0.011068  , -0.00718467,
        -0.00553349, -0.00553349],
       [        nan,         nan,         nan, -0.00154341, -0.0033169 ,
        -0.00380614, -0.00203265],
       [        nan,         nan,         nan,         nan, -0.00205422,
        -0.00083112, -0.00220711],
       [        nan,         nan,         nan,         nan,         nan,
        -0.00505326, -0.00529788],
       [        nan,         nan,         nan,         nan,         nan,
                nan,  0.00139582],
       [        nan,         nan,         nan,         nan,         nan,
                nan,         nan]]), 'S2_conf': array([[       nan, 0.12075409, 0.14722807, 0.12341312, 0.12460794,
        0.12294677, 0.12244874],
       [       nan,        nan, 0.04049748, 0.03980112, 0.03924145,
        0.0400589 , 0.03877049],
       [       nan,        nan,        nan, 0.03981268, 0.03955146,
        0.04013077, 0.03948022],
       [       nan,        nan,        nan,        nan, 0.01008742,
        0.01014936, 0.0102681 ],
       [       nan,        nan,        nan,        nan,        nan,
        0.00494578, 0.00497172],
       [       nan,        nan,        nan,        nan,        nan,
               nan, 0.01192895],
       [       nan,        nan,        nan,        nan,        nan,
               nan,        nan]])}, {'S1': array([ 0.66703046,  0.1648036 ,  0.12444207,  0.00458925, -0.00177232,
        0.00253746, -0.00207082]), 'S1_conf': array([0.06477256, 0.03451525, 0.02420444, 0.00674393, 0.00251818,
       0.00627183, 0.00601895]), 'ST': array([0.6899983 , 0.19013998, 0.15132406, 0.01011289, 0.00087938,
       0.00742198, 0.00515318]), 'ST_conf': array([0.06490905, 0.02033045, 0.01944601, 0.00145669, 0.00028388,
       0.00115762, 0.00082423]), 'S2': array([[        nan, -0.03644095, -0.02194874, -0.03060186, -0.02796371,
        -0.03257167, -0.02736573],
       [        nan,         nan,  0.01092178,  0.01078107,  0.01647947,
         0.01475588,  0.01538904],
       [        nan,         nan,         nan,  0.00065639,  0.0015006 ,
        -0.00025816,  0.00016394],
       [        nan,         nan,         nan,         nan,  0.00121597,
         0.00149737,  0.00149737],
       [        nan,         nan,         nan,         nan,         nan,
         0.00258296,  0.00247744],
       [        nan,         nan,         nan,         nan,         nan,
                nan,  0.00237869],
       [        nan,         nan,         nan,         nan,         nan,
                nan,         nan]]), 'S2_conf': array([[       nan, 0.10029276, 0.10956475, 0.09348554, 0.09289942,
        0.09262867, 0.09358832],
       [       nan,        nan, 0.05256693, 0.05067986, 0.05051709,
        0.05017893, 0.05002849],
       [       nan,        nan,        nan, 0.04052644, 0.04070751,
        0.04078853, 0.04107086],
       [       nan,        nan,        nan,        nan, 0.00899623,
        0.00908272, 0.00918747],
       [       nan,        nan,        nan,        nan,        nan,
        0.00300212, 0.00300601],
       [       nan,        nan,        nan,        nan,        nan,
               nan, 0.00945899],
       [       nan,        nan,        nan,        nan,        nan,
               nan,        nan]])}]
------------
{'S1': array([nan, nan, nan, nan, nan, nan, nan]), 'S1_conf': array([nan, nan, nan, nan, nan, nan, nan]), 'ST': array([nan, nan, nan, nan, nan, nan, nan]), 'ST_conf': array([nan, nan, nan, nan, nan, nan, nan]), 'S2': array([[nan, nan, nan, nan, nan, nan, nan],
       [nan, nan, nan, nan, nan, nan, nan],
       [nan, nan, nan, nan, nan, nan, nan],
       [nan, nan, nan, nan, nan, nan, nan],
       [nan, nan, nan, nan, nan, nan, nan],
       [nan, nan, nan, nan, nan, nan, nan],
       [nan, nan, nan, nan, nan, nan, nan]]), 'S2_conf': array([[nan, nan, nan, nan, nan, nan, nan],
       [nan, nan, nan, nan, nan, nan, nan],
       [nan, nan, nan, nan, nan, nan, nan],
       [nan, nan, nan, nan, nan, nan, nan],
       [nan, nan, nan, nan, nan, nan, nan],
       [nan, nan, nan, nan, nan, nan, nan],
       [nan, nan, nan, nan, nan, nan, nan]])}
------------
{'S1': array([0.62176926, 0.16668453, 0.18718305, 0.00144398, 0.0007537 ,
       0.01232344, 0.00464881]), 'S1_conf': array([0.06968997, 0.02827316, 0.02942979, 0.00458274, 0.00123671,
       0.00685612, 0.00587037]), 'ST': array([6.36609664e-01, 1.73635971e-01, 2.08944078e-01, 4.23820357e-03,
       2.69171884e-04, 1.28723457e-02, 6.10045043e-03]), 'ST_conf': array([6.70691118e-02, 1.75012477e-02, 2.51118321e-02, 6.13735851e-04,
       3.71544756e-05, 1.52897299e-03, 7.46025082e-04]), 'S2': array([[        nan, -0.04958324, -0.0222538 , -0.0316588 , -0.03419532,
        -0.03516461, -0.03425091],
       [        nan,         nan,  0.00588363,  0.00750888,  0.00828909,
         0.00823251,  0.00864467],
       [        nan,         nan,         nan,  0.00776457,  0.0085031 ,
         0.00896647,  0.00789076],
       [        nan,         nan,         nan,         nan,  0.00104198,
         0.00113671,  0.00116203],
       [        nan,         nan,         nan,         nan,         nan,
        -0.00022336, -0.00038441],
       [        nan,         nan,         nan,         nan,         nan,
                nan,  0.00022295],
       [        nan,         nan,         nan,         nan,         nan,
                nan,         nan]]), 'S2_conf': array([[       nan, 0.10733366, 0.11704591, 0.10207313, 0.10220159,
        0.1027235 , 0.10367857],
       [       nan,        nan, 0.04553604, 0.0421098 , 0.04199029,
        0.04332175, 0.04187104],
       [       nan,        nan,        nan, 0.04067315, 0.04025867,
        0.03988815, 0.04022336],
       [       nan,        nan,        nan,        nan, 0.00654978,
        0.00650187, 0.00657371],
       [       nan,        nan,        nan,        nan,        nan,
        0.00177855, 0.00174312],
       [       nan,        nan,        nan,        nan,        nan,
               nan, 0.01170865],
       [       nan,        nan,        nan,        nan,        nan,
               nan,        nan]])}
------------
{'S1': array([0.62176926, 0.16668453, 0.18718305, 0.00144398, 0.0007537 ,
       0.01232344, 0.00464881]), 'S1_conf': array([0.06953806, 0.02923245, 0.03085034, 0.00433608, 0.00116868,
       0.00734797, 0.0060612 ]), 'ST': array([6.36609664e-01, 1.73635971e-01, 2.08944078e-01, 4.23820357e-03,
       2.69171884e-04, 1.28723457e-02, 6.10045043e-03]), 'ST_conf': array([5.84102019e-02, 1.47793029e-02, 2.47584675e-02, 6.28902842e-04,
       3.36484962e-05, 1.39474868e-03, 6.97843512e-04]), 'S2': array([[        nan, -0.04958324, -0.0222538 , -0.0316588 , -0.03419532,
        -0.03516461, -0.03425091],
       [        nan,         nan,  0.00588363,  0.00750888,  0.00828909,
         0.00823251,  0.00864467],
       [        nan,         nan,         nan,  0.00776457,  0.0085031 ,
         0.00896647,  0.00789076],
       [        nan,         nan,         nan,         nan,  0.00104198,
         0.00113671,  0.00116203],
       [        nan,         nan,         nan,         nan,         nan,
        -0.00022336, -0.00038441],
       [        nan,         nan,         nan,         nan,         nan,
                nan,  0.00022295],
       [        nan,         nan,         nan,         nan,         nan,
                nan,         nan]]), 'S2_conf': array([[       nan, 0.11938341, 0.12930463, 0.11429543, 0.11450574,
        0.1138292 , 0.11504391],
       [       nan,        nan, 0.04877421, 0.04470825, 0.04461959,
        0.0450813 , 0.04487317],
       [       nan,        nan,        nan, 0.04937355, 0.04972192,
        0.05015489, 0.04917712],
       [       nan,        nan,        nan,        nan, 0.00587891,
        0.00591325, 0.00591576],
       [       nan,        nan,        nan,        nan,        nan,
        0.00167282, 0.00164345],
       [       nan,        nan,        nan,        nan,        nan,
               nan, 0.01108462],
       [       nan,        nan,        nan,        nan,        nan,
               nan,        nan]])}
------------
