[{'S1': array([2.59545527e-01, 5.61696371e-01, 7.26277842e-02, 3.93742503e-03,
       4.76325859e-04, 9.67912582e-03, 5.90179183e-03]), 'S1_conf': array([0.03501148, 0.05803785, 0.02577962, 0.01654621, 0.00375313,
       0.01603465, 0.01365139]), 'ST': array([0.3294651 , 0.66132411, 0.13022948, 0.04210924, 0.00258832,
       0.05629455, 0.0353698 ]), 'ST_conf': array([0.03214525, 0.05147192, 0.01354282, 0.0043096 , 0.00076278,
       0.00655649, 0.00379245]), 'S2': array([[        nan,  0.02072813, -0.01980347,  0.00119697, -0.00801948,
        -0.01292008, -0.00419339],
       [        nan,         nan,  0.00813961,  0.00361301,  0.00891136,
        -0.00673434, -0.01031704],
       [        nan,         nan,         nan, -0.00596418, -0.01443856,
        -0.00866826, -0.01100429],
       [        nan,         nan,         nan,         nan,  0.00910032,
         0.00457965,  0.01237728],
       [        nan,         nan,         nan,         nan,         nan,
        -0.0004297 ,  0.00156794],
       [        nan,         nan,         nan,         nan,         nan,
                nan, -0.00375117],
       [        nan,         nan,         nan,         nan,         nan,
                nan,         nan]]), 'S2_conf': array([[       nan, 0.06165711, 0.05611936, 0.05264381, 0.05354061,
        0.05288592, 0.05312029],
       [       nan,        nan, 0.0838153 , 0.0789026 , 0.07737658,
        0.07683702, 0.07909558],
       [       nan,        nan,        nan, 0.03505498, 0.03450255,
        0.03592671, 0.03430656],
       [       nan,        nan,        nan,        nan, 0.02458016,
        0.0248497 , 0.02482652],
       [       nan,        nan,        nan,        nan,        nan,
        0.00593935, 0.00588167],
       [       nan,        nan,        nan,        nan,        nan,
               nan, 0.02035514],
       [       nan,        nan,        nan,        nan,        nan,
               nan,        nan]])}, {'S1': array([ 0.25369271,  0.59691237,  0.0791074 ,  0.02514346,  0.00358415,
        0.01849696, -0.00157114]), 'S1_conf': array([0.04168773, 0.05998837, 0.0294662 , 0.01582675, 0.00475878,
       0.01584299, 0.01711253]), 'ST': array([0.33442879, 0.70522379, 0.13481201, 0.0502895 , 0.00258665,
       0.05683194, 0.04500392]), 'ST_conf': array([0.03306099, 0.04752642, 0.01341071, 0.00490792, 0.00087914,
       0.0060705 , 0.0045653 ]), 'S2': array([[        nan,  0.0155933 , -0.01639718, -0.01930752, -0.01359181,
        -0.00652008, -0.01102557],
       [        nan,         nan, -0.0104936 , -0.01711624, -0.0111439 ,
        -0.02361057, -0.00817815],
       [        nan,         nan,         nan, -0.01488419, -0.01430679,
        -0.00525497, -0.00943968],
       [        nan,         nan,         nan,         nan, -0.02537741,
        -0.02661387, -0.02701339],
       [        nan,         nan,         nan,         nan,         nan,
        -0.0015018 , -0.00047823],
       [        nan,         nan,         nan,         nan,         nan,
                nan, -0.02000815],
       [        nan,         nan,         nan,         nan,         nan,
                nan,         nan]]), 'S2_conf': array([[       nan, 0.06369819, 0.04919582, 0.04847963, 0.04936702,
        0.04865746, 0.04997865],
       [       nan,        nan, 0.09255222, 0.0850326 , 0.08786232,
        0.09039674, 0.08768665],
       [       nan,        nan,        nan, 0.03931181, 0.04041392,
        0.04195807, 0.04097863],
       [       nan,        nan,        nan,        nan, 0.02372229,
        0.02361601, 0.02461021],
       [       nan,        nan,        nan,        nan,        nan,
        0.0059403 , 0.00587327],
       [       nan,        nan,        nan,        nan,        nan,
               nan, 0.02333646],
       [       nan,        nan,        nan,        nan,        nan,
               nan,        nan]])}, {'S1': array([ 0.23414767,  0.5851985 ,  0.06438769,  0.01288519,  0.00060985,
        0.01242155, -0.00490595]), 'S1_conf': array([0.04039115, 0.05697991, 0.02747787, 0.01804301, 0.00446453,
       0.01597613, 0.01718259]), 'ST': array([0.3369667 , 0.68051515, 0.13532515, 0.06280233, 0.00364074,
       0.05581434, 0.05706396]), 'ST_conf': array([0.03223157, 0.0480778 , 0.01418211, 0.00664595, 0.0011989 ,
       0.00682731, 0.00587044]), 'S2': array([[        nan,  0.02421942, -0.00775481,  0.0014791 ,  0.00914674,
         0.00099408, -0.00208286],
       [        nan,         nan, -0.00303957,  0.00444889, -0.01663557,
        -0.01651508, -0.00387059],
       [        nan,         nan,         nan, -0.00333799, -0.01206834,
        -0.00868556, -0.00931578],
       [        nan,         nan,         nan,         nan,  0.01201561,
         0.0039927 ,  0.00826829],
       [        nan,         nan,         nan,         nan,         nan,
        -0.00201815, -0.00202124],
       [        nan,         nan,         nan,         nan,         nan,
                nan, -0.0031669 ],
       [        nan,         nan,         nan,         nan,         nan,
                nan,         nan]]), 'S2_conf': array([[       nan, 0.07178079, 0.0555339 , 0.0559273 , 0.0546282 ,
        0.0541341 , 0.05570085],
       [       nan,        nan, 0.08139598, 0.07743572, 0.07887193,
        0.08116043, 0.07968666],
       [       nan,        nan,        nan, 0.04103147, 0.03931386,
        0.04005046, 0.04019982],
       [       nan,        nan,        nan,        nan, 0.0266505 ,
        0.02625977, 0.02648016],
       [       nan,        nan,        nan,        nan,        nan,
        0.00547796, 0.005332  ],
       [       nan,        nan,        nan,        nan,        nan,
               nan, 0.02338234],
       [       nan,        nan,        nan,        nan,        nan,
               nan,        nan]])}, {'S1': array([2.28868042e-01, 5.74429646e-01, 5.62593421e-02, 1.52290445e-03,
       4.81208268e-04, 5.50536505e-03, 3.55796539e-03]), 'S1_conf': array([0.04510826, 0.06130321, 0.02429529, 0.01802929, 0.00355414,
       0.01566431, 0.01929379]), 'ST': array([0.3387768 , 0.6731936 , 0.13253161, 0.06553942, 0.00351353,
       0.0547066 , 0.04980243]), 'ST_conf': array([0.02889301, 0.05303559, 0.01184555, 0.00692901, 0.00131715,
       0.00533993, 0.00498812]), 'S2': array([[            nan,  3.91670827e-02, -7.29816964e-03,
        -3.26205328e-05, -7.44260728e-03, -3.94923184e-03,
        -9.29006544e-03],
       [            nan,             nan,  2.33517908e-02,
         2.76446118e-02,  3.94676206e-03,  5.62626949e-03,
         1.62105253e-02],
       [            nan,             nan,             nan,
         5.18080054e-05, -6.08175310e-03, -7.05586740e-03,
        -7.38840987e-03],
       [            nan,             nan,             nan,
                    nan,  2.43310570e-03,  2.03338293e-03,
         5.03298319e-03],
       [            nan,             nan,             nan,
                    nan,             nan, -1.67537103e-03,
        -2.55879194e-03],
       [            nan,             nan,             nan,
                    nan,             nan,             nan,
        -1.40821089e-02],
       [            nan,             nan,             nan,
                    nan,             nan,             nan,
                    nan]]), 'S2_conf': array([[       nan, 0.06726998, 0.05318245, 0.04990419, 0.04957414,
        0.0483428 , 0.04915661],
       [       nan,        nan, 0.09964605, 0.09559823, 0.09779438,
        0.0948103 , 0.09518913],
       [       nan,        nan,        nan, 0.03251836, 0.03301382,
        0.03232744, 0.03349915],
       [       nan,        nan,        nan,        nan, 0.0251664 ,
        0.02526146, 0.02634464],
       [       nan,        nan,        nan,        nan,        nan,
        0.00506537, 0.00524902],
       [       nan,        nan,        nan,        nan,        nan,
               nan, 0.02313571],
       [       nan,        nan,        nan,        nan,        nan,
               nan,        nan]])}, {'S1': array([0.23097451, 0.58135131, 0.08932363, 0.04293803, 0.00227406,
       0.01460495, 0.02933733]), 'S1_conf': array([0.04658691, 0.06549672, 0.02723755, 0.01851411, 0.00347539,
       0.01884181, 0.01886028]), 'ST': array([0.32957215, 0.71531527, 0.1439888 , 0.08329938, 0.00273004,
       0.06522332, 0.05965959]), 'ST_conf': array([0.04071241, 0.05292293, 0.0143028 , 0.00910101, 0.00111135,
       0.00743611, 0.00706366]), 'S2': array([[        nan,  0.03208737, -0.03941858, -0.03287794, -0.04109453,
        -0.04235591, -0.0336674 ],
       [        nan,         nan, -0.00588399, -0.00823473,  0.00771771,
         0.0015696 , -0.01298915],
       [        nan,         nan,         nan, -0.00856253, -0.01032228,
        -0.00692627, -0.01454746],
       [        nan,         nan,         nan,         nan, -0.01176681,
        -0.01418812, -0.01204025],
       [        nan,         nan,         nan,         nan,         nan,
        -0.00014775,  0.00080931],
       [        nan,         nan,         nan,         nan,         nan,
                nan, -0.01108897],
       [        nan,         nan,         nan,         nan,         nan,
                nan,         nan]]), 'S2_conf': array([[       nan, 0.07540493, 0.05085557, 0.05351224, 0.05343243,
        0.05499201, 0.05431409],
       [       nan,        nan, 0.09616729, 0.09944436, 0.09428247,
        0.09352322, 0.09846649],
       [       nan,        nan,        nan, 0.03746622, 0.03594821,
        0.03760853, 0.03612199],
       [       nan,        nan,        nan,        nan, 0.0293029 ,
        0.02989789, 0.03048002],
       [       nan,        nan,        nan,        nan,        nan,
        0.00518516, 0.00531969],
       [       nan,        nan,        nan,        nan,        nan,
               nan, 0.02558448],
       [       nan,        nan,        nan,        nan,        nan,
               nan,        nan]])}, {'S1': array([0.20230661, 0.55673109, 0.07093679, 0.04396436, 0.00131815,
       0.02107255, 0.01215004]), 'S1_conf': array([0.04015675, 0.06913578, 0.02636068, 0.02346101, 0.00253285,
       0.017902  , 0.01443281]), 'ST': array([0.30160136, 0.72147261, 0.13601148, 0.09615919, 0.00197007,
       0.06346036, 0.06087003]), 'ST_conf': array([0.03076632, 0.05566941, 0.01450371, 0.0112936 , 0.00090386,
       0.00875376, 0.00742575]), 'S2': array([[        nan,  0.04736819, -0.04334256, -0.02917771, -0.03727659,
        -0.03850618, -0.0320085 ],
       [        nan,         nan,  0.02712917, -0.0071244 ,  0.00393642,
         0.00392003, -0.00344656],
       [        nan,         nan,         nan, -0.00601725,  0.00437686,
        -0.0023121 ,  0.00123458],
       [        nan,         nan,         nan,         nan, -0.01630021,
        -0.01433834, -0.01565536],
       [        nan,         nan,         nan,         nan,         nan,
        -0.00106324, -0.00140206],
       [        nan,         nan,         nan,         nan,         nan,
                nan, -0.02053213],
       [        nan,         nan,         nan,         nan,         nan,
                nan,         nan]]), 'S2_conf': array([[       nan, 0.07622552, 0.05499704, 0.05363907, 0.05492657,
        0.05792761, 0.05608243],
       [       nan,        nan, 0.10533299, 0.09818701, 0.0978656 ,
        0.09965165, 0.09953964],
       [       nan,        nan,        nan, 0.04000588, 0.03898191,
        0.03965807, 0.03940921],
       [       nan,        nan,        nan,        nan, 0.03210654,
        0.03229681, 0.03111474],
       [       nan,        nan,        nan,        nan,        nan,
        0.00350564, 0.00364828],
       [       nan,        nan,        nan,        nan,        nan,
               nan, 0.02913853],
       [       nan,        nan,        nan,        nan,        nan,
               nan,        nan]])}, {'S1': array([ 0.15887461,  0.5180111 ,  0.0561605 ,  0.05454497, -0.00281956,
        0.02250453,  0.0170707 ]), 'S1_conf': array([0.04163605, 0.07117021, 0.02852388, 0.0283165 , 0.00226855,
       0.02002369, 0.01907397]), 'ST': array([0.29757635, 0.6934642 , 0.13590971, 0.11425269, 0.00193158,
       0.06566627, 0.06600072]), 'ST_conf': array([0.03660436, 0.05360842, 0.01742803, 0.01361245, 0.00091741,
       0.00951115, 0.00724147]), 'S2': array([[        nan,  0.07855164, -0.01278888,  0.00287422, -0.01230786,
        -0.01832057, -0.00643796],
       [        nan,         nan,  0.01300706, -0.00455756, -0.01421547,
        -0.02545923, -0.01622221],
       [        nan,         nan,         nan,  0.00819327,  0.01092153,
         0.00818575,  0.00959874],
       [        nan,         nan,         nan,         nan, -0.00534054,
        -0.00995529, -0.01529157],
       [        nan,         nan,         nan,         nan,         nan,
         0.00309844,  0.0034592 ],
       [        nan,         nan,         nan,         nan,         nan,
                nan, -0.01642291],
       [        nan,         nan,         nan,         nan,         nan,
                nan,         nan]]), 'S2_conf': array([[       nan, 0.07206956, 0.05835062, 0.05566469, 0.05513613,
        0.05594528, 0.05645522],
       [       nan,        nan, 0.1040613 , 0.1091193 , 0.10863171,
        0.10994695, 0.1060012 ],
       [       nan,        nan,        nan, 0.04093741, 0.04133603,
        0.04105604, 0.04238357],
       [       nan,        nan,        nan,        nan, 0.03621561,
        0.03645904, 0.03695132],
       [       nan,        nan,        nan,        nan,        nan,
        0.00304714, 0.00309698],
       [       nan,        nan,        nan,        nan,        nan,
               nan, 0.02642468],
       [       nan,        nan,        nan,        nan,        nan,
               nan,        nan]])}, {'S1': array([0.12487648, 0.35206747, 0.06963512, 0.21151639, 0.00371037,
       0.00916423, 0.05826105]), 'S1_conf': array([0.03710619, 0.0612897 , 0.0343992 , 0.0401756 , 0.00570379,
       0.02002396, 0.02892813]), 'ST': array([0.31580291, 0.5778957 , 0.15446312, 0.26099904, 0.00496842,
       0.074503  , 0.12403592]), 'ST_conf': array([0.04157825, 0.06413118, 0.02048   , 0.02944855, 0.00274267,
       0.01077149, 0.01508309]), 'S2': array([[        nan,  0.06748392, -0.04484655, -0.05010586, -0.05208392,
        -0.0701657 , -0.052177  ],
       [        nan,         nan,  0.01202939, -0.00156104, -0.01975918,
        -0.01187021, -0.0002113 ],
       [        nan,         nan,         nan, -0.01505745, -0.00123431,
        -0.00700559, -0.00879747],
       [        nan,         nan,         nan,         nan, -0.00617713,
        -0.00627021, -0.01467115],
       [        nan,         nan,         nan,         nan,         nan,
        -0.00366011, -0.00191476],
       [        nan,         nan,         nan,         nan,         nan,
                nan,  0.00842979],
       [        nan,         nan,         nan,         nan,         nan,
                nan,         nan]]), 'S2_conf': array([[       nan, 0.07844967, 0.05580014, 0.05840294, 0.05707869,
        0.05549028, 0.0582905 ],
       [       nan,        nan, 0.10296227, 0.10643978, 0.10523051,
        0.10646035, 0.10475922],
       [       nan,        nan,        nan, 0.04626239, 0.04717471,
        0.04496539, 0.04896907],
       [       nan,        nan,        nan,        nan, 0.05441062,
        0.05741447, 0.05453213],
       [       nan,        nan,        nan,        nan,        nan,
        0.00806397, 0.00892158],
       [       nan,        nan,        nan,        nan,        nan,
               nan, 0.03296827],
       [       nan,        nan,        nan,        nan,        nan,
               nan,        nan]])}, {'S1': array([ 0.04413094,  0.12823177,  0.06994348,  0.35305001, -0.00280958,
        0.0024735 ,  0.09484615]), 'S1_conf': array([0.0427557 , 0.05066638, 0.03264449, 0.05147588, 0.00575268,
       0.01939534, 0.03243191]), 'ST': array([0.35030472, 0.42260656, 0.22406159, 0.41385393, 0.0064433 ,
       0.07635029, 0.14922234]), 'ST_conf': array([0.0380867 , 0.04160203, 0.02640345, 0.0386105 , 0.0026951 ,
       0.01190749, 0.01499392]), 'S2': array([[        nan,  0.12038632, -0.04257793, -0.01195798, -0.03163002,
        -0.02952026, -0.02313398],
       [        nan,         nan, -0.03015777, -0.02263108, -0.05490462,
        -0.04760601, -0.05250976],
       [        nan,         nan,         nan, -0.00161287, -0.01210462,
        -0.01062209, -0.0179207 ],
       [        nan,         nan,         nan,         nan,  0.0264865 ,
         0.00584512,  0.02962262],
       [        nan,         nan,         nan,         nan,         nan,
         0.00600555,  0.00777319],
       [        nan,         nan,         nan,         nan,         nan,
                nan, -0.01429903],
       [        nan,         nan,         nan,         nan,         nan,
                nan,         nan]]), 'S2_conf': array([[       nan, 0.05904243, 0.05594985, 0.04976048, 0.05199973,
        0.05555462, 0.05642827],
       [       nan,        nan, 0.07056288, 0.07172406, 0.06403937,
        0.06910195, 0.05776613],
       [       nan,        nan,        nan, 0.0493018 , 0.04663748,
        0.04839574, 0.04277926],
       [       nan,        nan,        nan,        nan, 0.0681992 ,
        0.06893198, 0.07060681],
       [       nan,        nan,        nan,        nan,        nan,
        0.0075622 , 0.00773065],
       [       nan,        nan,        nan,        nan,        nan,
               nan, 0.02950791],
       [       nan,        nan,        nan,        nan,        nan,
               nan,        nan]])}, {'S1': array([ 0.07592788,  0.11646741,  0.13036785,  0.39654498, -0.00144058,
        0.00111469,  0.11876485]), 'S1_conf': array([0.03394346, 0.03891889, 0.03649313, 0.04542369, 0.00410792,
       0.01493886, 0.03343778]), 'ST': array([0.22124346, 0.27609483, 0.22216243, 0.4601772 , 0.0035036 ,
       0.04233033, 0.15949976]), 'ST_conf': array([0.0226223 , 0.02323577, 0.01881447, 0.0368623 , 0.00127056,
       0.00719883, 0.01623413]), 'S2': array([[        nan,  0.05174172,  0.00223189,  0.00809036,  0.00292112,
         0.00590779,  0.00200215],
       [        nan,         nan,  0.01042461,  0.03167593,  0.02306053,
         0.01536411,  0.02788516],
       [        nan,         nan,         nan,  0.01018272, -0.00831167,
        -0.00394654, -0.01508912],
       [        nan,         nan,         nan,         nan,  0.02400389,
         0.03227467,  0.0186049 ],
       [        nan,         nan,         nan,         nan,         nan,
         0.00252125,  0.00056843],
       [        nan,         nan,         nan,         nan,         nan,
                nan,  0.00453526],
       [        nan,         nan,         nan,         nan,         nan,
                nan,         nan]]), 'S2_conf': array([[       nan, 0.04903743, 0.04743097, 0.05142933, 0.04405767,
        0.04330893, 0.04581069],
       [       nan,        nan, 0.05920668, 0.05855268, 0.05439173,
        0.05457493, 0.0558924 ],
       [       nan,        nan,        nan, 0.05943881, 0.05295121,
        0.05337126, 0.05598676],
       [       nan,        nan,        nan,        nan, 0.06524832,
        0.06640697, 0.07078261],
       [       nan,        nan,        nan,        nan,        nan,
        0.00544058, 0.00595635],
       [       nan,        nan,        nan,        nan,        nan,
               nan, 0.01760279],
       [       nan,        nan,        nan,        nan,        nan,
               nan,        nan]])}, {'S1': array([ 0.22604301,  0.23445757,  0.20613942,  0.12405038, -0.00123077,
        0.00698295,  0.04460239]), 'S1_conf': array([0.04549324, 0.04727155, 0.04787814, 0.03346116, 0.00514193,
       0.01604917, 0.02218956]), 'ST': array([0.37333924, 0.388647  , 0.35640149, 0.16555058, 0.00425216,
       0.04691545, 0.08398007]), 'ST_conf': array([0.03695065, 0.0384879 , 0.03652649, 0.01569454, 0.00128068,
       0.00737066, 0.00942768]), 'S2': array([[        nan,  0.0322487 , -0.00658765, -0.00885547, -0.01650935,
        -0.01608413, -0.0244467 ],
       [        nan,         nan,  0.02670667,  0.02784058,  0.03081709,
         0.01791889,  0.02061192],
       [        nan,         nan,         nan,  0.00579669,  0.01118275,
         0.00522973,  0.00763929],
       [        nan,         nan,         nan,         nan,  0.00985512,
         0.00843773,  0.00971338],
       [        nan,         nan,         nan,         nan,         nan,
         0.0026332 ,  0.00107407],
       [        nan,         nan,         nan,         nan,         nan,
                nan,  0.00272295],
       [        nan,         nan,         nan,         nan,         nan,
                nan,         nan]]), 'S2_conf': array([[       nan, 0.0583281 , 0.06034454, 0.05969198, 0.05238826,
        0.05151943, 0.05409472],
       [       nan,        nan, 0.05954111, 0.06755811, 0.05873893,
        0.06035228, 0.06129919],
       [       nan,        nan,        nan, 0.06595544, 0.05846006,
        0.05835892, 0.06062578],
       [       nan,        nan,        nan,        nan, 0.04135707,
        0.04130067, 0.04234197],
       [       nan,        nan,        nan,        nan,        nan,
        0.0071186 , 0.00631731],
       [       nan,        nan,        nan,        nan,        nan,
               nan, 0.02081224],
       [       nan,        nan,        nan,        nan,        nan,
               nan,        nan]])}, {'S1': array([ 0.36389582,  0.26498874,  0.23288543,  0.02477316, -0.00167019,
        0.01006699,  0.01864916]), 'S1_conf': array([0.04414514, 0.04349842, 0.03914866, 0.0243799 , 0.00487596,
       0.01287702, 0.01328337]), 'ST': array([0.41453183, 0.3310966 , 0.31063792, 0.08935015, 0.0054974 ,
       0.03507202, 0.03994314]), 'ST_conf': array([0.03378955, 0.02943209, 0.02503337, 0.00927326, 0.00133518,
       0.00476619, 0.00441227]), 'S2': array([[        nan, -0.03154693, -0.00468621, -0.0206913 , -0.03001601,
        -0.02890261, -0.0327995 ],
       [        nan,         nan,  0.02992222,  0.02477275,  0.01753567,
         0.00974189,  0.01544805],
       [        nan,         nan,         nan,  0.01220084,  0.00816477,
         0.01595855,  0.01122661],
       [        nan,         nan,         nan,         nan,  0.00756219,
         0.00881476,  0.00575292],
       [        nan,         nan,         nan,         nan,         nan,
        -0.00055651, -0.00208743],
       [        nan,         nan,         nan,         nan,         nan,
                nan, -0.00825772],
       [        nan,         nan,         nan,         nan,         nan,
                nan,         nan]]), 'S2_conf': array([[       nan, 0.06307938, 0.06848376, 0.0603197 , 0.05617893,
        0.05764894, 0.05636278],
       [       nan,        nan, 0.06588034, 0.05619836, 0.05299629,
        0.05380061, 0.05420396],
       [       nan,        nan,        nan, 0.05648925, 0.05280299,
        0.05427669, 0.05355855],
       [       nan,        nan,        nan,        nan, 0.03181833,
        0.03195757, 0.03131875],
       [       nan,        nan,        nan,        nan,        nan,
        0.00861348, 0.00882143],
       [       nan,        nan,        nan,        nan,        nan,
               nan, 0.0172333 ],
       [       nan,        nan,        nan,        nan,        nan,
               nan,        nan]])}, {'S1': array([ 0.01387602,  0.14999506,  0.017195  , -0.00717548,  0.00787799,
       -0.00291089, -0.00142945]), 'S1_conf': array([0.06467146, 0.07839322, 0.04876703, 0.02022435, 0.00839556,
       0.02556153, 0.01393531]), 'ST': array([0.72336286, 0.84593025, 0.4246521 , 0.06550113, 0.01239053,
       0.10697743, 0.0347284 ]), 'ST_conf': array([0.05797683, 0.05886574, 0.03315683, 0.00739547, 0.00325609,
       0.01865127, 0.00573848]), 'S2': array([[        nan,  0.28975193,  0.05392458,  0.01273915, -0.00180373,
         0.00808543,  0.00610759],
       [        nan,         nan,  0.06639492,  0.01264443, -0.01725573,
        -0.01271835, -0.00061867],
       [        nan,         nan,         nan,  0.00097234,  0.00120502,
         0.01202493,  0.01121052],
       [        nan,         nan,         nan,         nan,  0.00078998,
         0.00649079,  0.00055729],
       [        nan,         nan,         nan,         nan,         nan,
        -0.00857308, -0.00822405],
       [        nan,         nan,         nan,         nan,         nan,
                nan,  0.00920827],
       [        nan,         nan,         nan,         nan,         nan,
                nan,         nan]]), 'S2_conf': array([[       nan, 0.09674452, 0.06781472, 0.06184815, 0.05877223,
        0.06481138, 0.06056667],
       [       nan,        nan, 0.08783613, 0.06667375, 0.06819469,
        0.07392852, 0.06991813],
       [       nan,        nan,        nan, 0.05352949, 0.05036774,
        0.05128606, 0.04988949],
       [       nan,        nan,        nan,        nan, 0.0288589 ,
        0.02909754, 0.0294028 ],
       [       nan,        nan,        nan,        nan,        nan,
        0.01249604, 0.01214314],
       [       nan,        nan,        nan,        nan,        nan,
               nan, 0.03187029],
       [       nan,        nan,        nan,        nan,        nan,
               nan,        nan]])}, {'S1': array([ 0.14033173,  0.28624538,  0.0466942 , -0.00245234,  0.01021218,
        0.03393468,  0.01198661]), 'S1_conf': array([0.06151649, 0.07446995, 0.0531968 , 0.02438053, 0.01226103,
       0.03368544, 0.01978978]), 'ST': array([0.64674585, 0.84781423, 0.48357669, 0.12194291, 0.02647159,
       0.28583534, 0.07666636]), 'ST_conf': array([0.04686486, 0.06248821, 0.04076438, 0.02055571, 0.00731096,
       0.03120465, 0.01582832]), 'S2': array([[        nan,  0.10661573, -0.05423897, -0.0843269 , -0.10457839,
        -0.05394966, -0.09589918],
       [        nan,         nan,  0.06192885,  0.06453262,  0.05209242,
         0.03213023,  0.05006727],
       [        nan,         nan,         nan,  0.03055506,  0.01117149,
        -0.00531901,  0.01637901],
       [        nan,         nan,         nan,         nan,  0.00340669,
        -0.01453034, -0.00411529],
       [        nan,         nan,         nan,         nan,         nan,
        -0.01145155, -0.0134767 ],
       [        nan,         nan,         nan,         nan,         nan,
                nan, -0.01969861],
       [        nan,         nan,         nan,         nan,         nan,
                nan,         nan]]), 'S2_conf': array([[       nan, 0.09651336, 0.07735759, 0.07457742, 0.07292719,
        0.07090636, 0.07269263],
       [       nan,        nan, 0.09114587, 0.07618764, 0.07258451,
        0.07931019, 0.07149014],
       [       nan,        nan,        nan, 0.06326456, 0.05677613,
        0.06790245, 0.06061949],
       [       nan,        nan,        nan,        nan, 0.0369641 ,
        0.0412702 , 0.03665226],
       [       nan,        nan,        nan,        nan,        nan,
        0.01608752, 0.01637784],
       [       nan,        nan,        nan,        nan,        nan,
               nan, 0.04822448],
       [       nan,        nan,        nan,        nan,        nan,
               nan,        nan]])}, {'S1': array([ 0.0860952 ,  0.21406802, -0.00675576,  0.01260023,  0.00567236,
       -0.00166008, -0.00359012]), 'S1_conf': array([0.06747169, 0.0739746 , 0.04650385, 0.02420629, 0.00961549,
       0.03739973, 0.02570664]), 'ST': array([0.73367845, 0.80476667, 0.4732216 , 0.11258135, 0.01789703,
       0.27695411, 0.11358118]), 'ST_conf': array([0.05255075, 0.06431577, 0.03926446, 0.01655256, 0.00451054,
       0.03069667, 0.01978701]), 'S2': array([[        nan,  0.17429318,  0.05831239,  0.01931885,  0.01611938,
         0.0323167 ,  0.02091859],
       [        nan,         nan,  0.05944854,  0.03825206,  0.02385444,
         0.03165315,  0.04105159],
       [        nan,         nan,         nan,  0.00661283,  0.00281346,
         0.01581131,  0.00061383],
       [        nan,         nan,         nan,         nan, -0.00587697,
         0.00072193, -0.0014777 ],
       [        nan,         nan,         nan,         nan,         nan,
        -0.0060839 , -0.00828354],
       [        nan,         nan,         nan,         nan,         nan,
                nan,  0.01564848],
       [        nan,         nan,         nan,         nan,         nan,
                nan,         nan]]), 'S2_conf': array([[       nan, 0.0784279 , 0.08172576, 0.06918211, 0.0670788 ,
        0.07526472, 0.07024625],
       [       nan,        nan, 0.0887599 , 0.0778968 , 0.07690064,
        0.07842325, 0.077788  ],
       [       nan,        nan,        nan, 0.06623588, 0.06166182,
        0.06601834, 0.06866412],
       [       nan,        nan,        nan,        nan, 0.0336834 ,
        0.03094945, 0.03262219],
       [       nan,        nan,        nan,        nan,        nan,
        0.01314843, 0.0123245 ],
       [       nan,        nan,        nan,        nan,        nan,
               nan, 0.04744537],
       [       nan,        nan,        nan,        nan,        nan,
               nan,        nan]])}, {'S1': array([ 0.02460722, -0.01256166,  0.09846815, -0.00998497, -0.00044312,
       -0.0190472 , -0.02555185]), 'S1_conf': array([0.05823833, 0.07914005, 0.06280603, 0.04099881, 0.00915406,
       0.0510661 , 0.03592299]), 'ST': array([0.72335731, 0.78476189, 0.69826318, 0.17451827, 0.01501846,
       0.35645071, 0.11653562]), 'ST_conf': array([0.06675059, 0.06841423, 0.06334483, 0.02419345, 0.00447429,
       0.03706591, 0.01746615]), 'S2': array([[        nan,  0.17349441,  0.01494513, -0.02992013, -0.05311319,
        -0.0318212 , -0.04436827],
       [        nan,         nan,  0.04579078,  0.02830093,  0.01803515,
         0.09407797,  0.04997313],
       [        nan,         nan,         nan,  0.0084523 ,  0.00921272,
        -0.01321991,  0.02290043],
       [        nan,         nan,         nan,         nan,  0.01628908,
         0.01058587,  0.00032009],
       [        nan,         nan,         nan,         nan,         nan,
        -0.0001769 , -0.00169776],
       [        nan,         nan,         nan,         nan,         nan,
                nan,  0.02122179],
       [        nan,         nan,         nan,         nan,         nan,
                nan,         nan]]), 'S2_conf': array([[       nan, 0.10995258, 0.08506634, 0.07590469, 0.07013992,
        0.08299303, 0.07357226],
       [       nan,        nan, 0.09924293, 0.099228  , 0.09331834,
        0.0961033 , 0.09480864],
       [       nan,        nan,        nan, 0.06704406, 0.05863437,
        0.07320337, 0.06320371],
       [       nan,        nan,        nan,        nan, 0.04734689,
        0.0487333 , 0.04908743],
       [       nan,        nan,        nan,        nan,        nan,
        0.0121987 , 0.0131744 ],
       [       nan,        nan,        nan,        nan,        nan,
               nan, 0.05701825],
       [       nan,        nan,        nan,        nan,        nan,
               nan,        nan]])}, {'S1': array([0.3696214 , 0.3675164 , 0.19368595, 0.00596776, 0.00053865,
       0.0352953 , 0.00135088]), 'S1_conf': array([0.05389296, 0.0535266 , 0.03754123, 0.00898498, 0.00362541,
       0.02029152, 0.00776429]), 'ST': array([0.42962571, 0.44034805, 0.24812101, 0.01808588, 0.00198083,
       0.07260188, 0.01309073]), 'ST_conf': array([0.04050724, 0.04235647, 0.02671021, 0.00218246, 0.000615  ,
       0.00828252, 0.00214679]), 'S2': array([[        nan, -0.02317049, -0.01145773, -0.02291212, -0.02067292,
        -0.0350555 , -0.02592644],
       [        nan,         nan, -0.01182597, -0.02207464, -0.01501253,
        -0.02302199, -0.01604601],
       [        nan,         nan,         nan,  0.00081407, -0.00116676,
        -0.00202799,  0.00124469],
       [        nan,         nan,         nan,         nan, -0.00475108,
        -0.00776539, -0.00612905],
       [        nan,         nan,         nan,         nan,         nan,
        -0.00082319, -0.0004787 ],
       [        nan,         nan,         nan,         nan,         nan,
                nan, -0.00248327],
       [        nan,         nan,         nan,         nan,         nan,
                nan,         nan]]), 'S2_conf': array([[       nan, 0.08706888, 0.0786892 , 0.0691708 , 0.06864405,
        0.06688246, 0.06853373],
       [       nan,        nan, 0.08394596, 0.07694453, 0.07602169,
        0.07851484, 0.07669111],
       [       nan,        nan,        nan, 0.04645123, 0.04554189,
        0.04863869, 0.04489166],
       [       nan,        nan,        nan,        nan, 0.01395626,
        0.01384849, 0.01402632],
       [       nan,        nan,        nan,        nan,        nan,
        0.00482108, 0.00483878],
       [       nan,        nan,        nan,        nan,        nan,
               nan, 0.02627606],
       [       nan,        nan,        nan,        nan,        nan,
               nan,        nan]])}, {'S1': array([ 3.42038452e-01,  4.34109426e-01,  1.73208872e-01,  3.91356420e-03,
        8.24599024e-05,  4.02408249e-02, -3.67788402e-04]), 'S1_conf': array([0.04804035, 0.05612403, 0.03075499, 0.01021204, 0.00283753,
       0.01737361, 0.00831243]), 'ST': array([0.39317236, 0.48648185, 0.21985211, 0.01851444, 0.00170671,
       0.06108672, 0.01604311]), 'ST_conf': array([0.02991343, 0.03953805, 0.01891451, 0.00242773, 0.00059849,
       0.00722571, 0.0024495 ]), 'S2': array([[        nan, -0.01153986, -0.01954094, -0.02104285, -0.01530829,
        -0.0263951 , -0.01364254],
       [        nan,         nan, -0.02099587, -0.01179327, -0.02025857,
        -0.01629899, -0.0130221 ],
       [        nan,         nan,         nan,  0.00088986,  0.00351137,
         0.00403021,  0.00102639],
       [        nan,         nan,         nan,         nan, -0.00367037,
        -0.00478998, -0.00274192],
       [        nan,         nan,         nan,         nan,         nan,
         0.00281912,  0.00347449],
       [        nan,         nan,         nan,         nan,         nan,
                nan, -0.01819578],
       [        nan,         nan,         nan,         nan,         nan,
                nan,         nan]]), 'S2_conf': array([[       nan, 0.08373634, 0.07038935, 0.06643119, 0.0658989 ,
        0.06616738, 0.06530641],
       [       nan,        nan, 0.0843724 , 0.0797014 , 0.08063398,
        0.08108242, 0.08083377],
       [       nan,        nan,        nan, 0.04658778, 0.04525846,
        0.04652578, 0.04560969],
       [       nan,        nan,        nan,        nan, 0.01288612,
        0.01291616, 0.01287933],
       [       nan,        nan,        nan,        nan,        nan,
        0.00458502, 0.00441125],
       [       nan,        nan,        nan,        nan,        nan,
               nan, 0.02452079],
       [       nan,        nan,        nan,        nan,        nan,
               nan,        nan]])}, {'S1': array([ 0.26896631,  0.489294  ,  0.11663716, -0.00296792, -0.00091306,
        0.02477704, -0.01405609]), 'S1_conf': array([0.04324008, 0.05605374, 0.03126849, 0.0126288 , 0.00405724,
       0.01875624, 0.01356992]), 'ST': array([0.35369602, 0.60243756, 0.19323744, 0.03079476, 0.00295396,
       0.06587467, 0.031809  ]), 'ST_conf': array([0.03520972, 0.04764497, 0.01936784, 0.00399033, 0.00100905,
       0.00723621, 0.00316472]), 'S2': array([[        nan,  0.03135963,  0.01149327,  0.01344568,  0.01217788,
         0.00544588,  0.01691944],
       [        nan,         nan,  0.00458818,  0.00179903, -0.00090137,
         0.00046785,  0.00602079],
       [        nan,         nan,         nan,  0.01280695,  0.01531718,
         0.01491149,  0.01568484],
       [        nan,         nan,         nan,         nan,  0.01044903,
         0.00987853,  0.011159  ],
       [        nan,         nan,         nan,         nan,         nan,
         0.00307844,  0.00307844],
       [        nan,         nan,         nan,         nan,         nan,
                nan,  0.00028729],
       [        nan,         nan,         nan,         nan,         nan,
                nan,         nan]]), 'S2_conf': array([[       nan, 0.0707671 , 0.06576329, 0.06283345, 0.06340829,
        0.06139335, 0.06349566],
       [       nan,        nan, 0.0846789 , 0.07726348, 0.07782386,
        0.07803609, 0.07937657],
       [       nan,        nan,        nan, 0.04659711, 0.04716766,
        0.04641501, 0.04583539],
       [       nan,        nan,        nan,        nan, 0.01897537,
        0.01931963, 0.01887513],
       [       nan,        nan,        nan,        nan,        nan,
        0.00706115, 0.00695604],
       [       nan,        nan,        nan,        nan,        nan,
               nan, 0.02932709],
       [       nan,        nan,        nan,        nan,        nan,
               nan,        nan]])}, {'S1': array([ 0.28394847,  0.51315838,  0.09417669, -0.00135572, -0.00200456,
        0.00785502,  0.0038113 ]), 'S1_conf': array([0.03667967, 0.0545133 , 0.0309382 , 0.01376232, 0.00499944,
       0.01649303, 0.01280355]), 'ST': array([0.34236902, 0.60127419, 0.16607541, 0.03084603, 0.00261608,
       0.05327411, 0.02761467]), 'ST_conf': array([0.0340069 , 0.04048872, 0.01387993, 0.00321192, 0.00087658,
       0.00566035, 0.00341143]), 'S2': array([[        nan,  0.01970613,  0.004037  ,  0.00037267,  0.004037  ,
        -0.00548844, -0.0054611 ],
       [        nan,         nan,  0.01171769,  0.006522  ,  0.00807159,
        -0.00409728,  0.00109842],
       [        nan,         nan,         nan,  0.02722289,  0.02809795,
         0.02277464,  0.02809795],
       [        nan,         nan,         nan,         nan,  0.00017133,
        -0.00039382, -0.00035735],
       [        nan,         nan,         nan,         nan,         nan,
         0.0051615 ,  0.00490627],
       [        nan,         nan,         nan,         nan,         nan,
                nan,  0.01514836],
       [        nan,         nan,         nan,         nan,         nan,
                nan,         nan]]), 'S2_conf': array([[       nan, 0.07475963, 0.05412761, 0.05450238, 0.05298295,
        0.05374158, 0.052898  ],
       [       nan,        nan, 0.08282928, 0.07781083, 0.07970298,
        0.0792869 , 0.07869529],
       [       nan,        nan,        nan, 0.0445441 , 0.04389363,
        0.04348256, 0.04450663],
       [       nan,        nan,        nan,        nan, 0.02111564,
        0.02050883, 0.02150927],
       [       nan,        nan,        nan,        nan,        nan,
        0.00640435, 0.00615908],
       [       nan,        nan,        nan,        nan,        nan,
               nan, 0.02338207],
       [       nan,        nan,        nan,        nan,        nan,
               nan,        nan]])}, {'S1': array([ 0.28149127,  0.52203927,  0.09543188, -0.00474943, -0.0018292 ,
        0.00087975, -0.00849344]), 'S1_conf': array([0.04327236, 0.05788861, 0.03175491, 0.01442684, 0.00497978,
       0.01708481, 0.01378821]), 'ST': array([0.34471251, 0.61363307, 0.16518843, 0.03144746, 0.00321415,
       0.04138639, 0.03183154]), 'ST_conf': array([0.03145661, 0.0403513 , 0.01673706, 0.00390309, 0.00093304,
       0.0045285 , 0.00390232]), 'S2': array([[        nan,  0.0094764 , -0.00419553,  0.00141744,  0.00024499,
         0.006552  ,  0.00207105],
       [        nan,         nan, -0.01047562, -0.01039476, -0.02389149,
        -0.02318398, -0.01381106],
       [        nan,         nan,         nan,  0.01044957,  0.0102609 ,
         0.00693894,  0.01000485],
       [        nan,         nan,         nan,         nan,  0.00443357,
         0.00613835,  0.00714235],
       [        nan,         nan,         nan,         nan,         nan,
         0.00377348,  0.0041306 ],
       [        nan,         nan,         nan,         nan,         nan,
                nan,  0.00344123],
       [        nan,         nan,         nan,         nan,         nan,
                nan,         nan]]), 'S2_conf': array([[       nan, 0.08057631, 0.06420306, 0.06653437, 0.06504405,
        0.06555783, 0.0656869 ],
       [       nan,        nan, 0.09118031, 0.08631574, 0.08798162,
        0.08804274, 0.08780936],
       [       nan,        nan,        nan, 0.04187744, 0.04211037,
        0.04165532, 0.04162618],
       [       nan,        nan,        nan,        nan, 0.02243617,
        0.02245605, 0.02260276],
       [       nan,        nan,        nan,        nan,        nan,
        0.00696681, 0.00719086],
       [       nan,        nan,        nan,        nan,        nan,
               nan, 0.02433681],
       [       nan,        nan,        nan,        nan,        nan,
               nan,        nan]])}, {'S1': array([ 2.70682432e-01,  5.41807553e-01,  7.67650499e-02, -3.98624492e-03,
       -2.46498637e-04, -1.89286772e-04, -3.11482765e-03]), 'S1_conf': array([0.04110431, 0.05802272, 0.0299684 , 0.01475765, 0.00563945,
       0.01396012, 0.01568392]), 'ST': array([0.3477707 , 0.64379331, 0.14933791, 0.03477888, 0.0034135 ,
       0.04236615, 0.03418669]), 'ST_conf': array([0.03614592, 0.05258889, 0.01414906, 0.003808  , 0.00111493,
       0.0041884 , 0.00410519]), 'S2': array([[        nan,  0.01416911, -0.0059757 ,  0.0011099 ,  0.00195293,
         0.0083041 , -0.00236566],
       [        nan,         nan,  0.01235651,  0.01051012, -0.00470063,
        -0.00012861,  0.00380208],
       [        nan,         nan,         nan,  0.02061806,  0.01615466,
         0.0179545 ,  0.01673909],
       [        nan,         nan,         nan,         nan,  0.00751933,
         0.00874508,  0.00734348],
       [        nan,         nan,         nan,         nan,         nan,
        -0.00338712, -0.00264235],
       [        nan,         nan,         nan,         nan,         nan,
                nan,  0.01029482],
       [        nan,         nan,         nan,         nan,         nan,
                nan,         nan]]), 'S2_conf': array([[       nan, 0.0705439 , 0.05382428, 0.05617761, 0.05556019,
        0.05787437, 0.05739993],
       [       nan,        nan, 0.08812721, 0.08324353, 0.08300688,
        0.08241767, 0.08514044],
       [       nan,        nan,        nan, 0.04411285, 0.04295449,
        0.04469625, 0.04394518],
       [       nan,        nan,        nan,        nan, 0.02014204,
        0.01977918, 0.01995419],
       [       nan,        nan,        nan,        nan,        nan,
        0.00648782, 0.00650325],
       [       nan,        nan,        nan,        nan,        nan,
               nan, 0.01920647],
       [       nan,        nan,        nan,        nan,        nan,
               nan,        nan]])}, {'S1': array([0.2958005 , 0.52569876, 0.0744607 , 0.00868024, 0.00206152,
       0.01509678, 0.00332815]), 'S1_conf': array([0.03997316, 0.05848405, 0.02979512, 0.01296525, 0.00380954,
       0.01632122, 0.01486513]), 'ST': array([0.35338491, 0.62397151, 0.14135643, 0.03927757, 0.00330847,
       0.0496374 , 0.03560263]), 'ST_conf': array([0.03254705, 0.03573432, 0.01276383, 0.00452172, 0.00125191,
       0.00563593, 0.00397003]), 'S2': array([[        nan, -0.00221923, -0.01646605, -0.01892836, -0.02667352,
        -0.01755309, -0.02026246],
       [        nan,         nan,  0.0108367 ,  0.01285431,  0.01980478,
         0.01033847,  0.0153825 ],
       [        nan,         nan,         nan,  0.01708271,  0.01328218,
         0.01099693,  0.01157339],
       [        nan,         nan,         nan,         nan, -0.01153018,
        -0.01133253, -0.01231252],
       [        nan,         nan,         nan,         nan,         nan,
        -0.00103201, -0.00063261],
       [        nan,         nan,         nan,         nan,         nan,
                nan, -0.01122453],
       [        nan,         nan,         nan,         nan,         nan,
                nan,         nan]]), 'S2_conf': array([[       nan, 0.06525944, 0.05559958, 0.05459072, 0.0532045 ,
        0.05212054, 0.05352299],
       [       nan,        nan, 0.08510416, 0.07908511, 0.07783069,
        0.07961207, 0.07796171],
       [       nan,        nan,        nan, 0.03625365, 0.03696097,
        0.03930694, 0.03687767],
       [       nan,        nan,        nan,        nan, 0.02034474,
        0.02101112, 0.02064923],
       [       nan,        nan,        nan,        nan,        nan,
        0.00539173, 0.00506269],
       [       nan,        nan,        nan,        nan,        nan,
               nan, 0.02332283],
       [       nan,        nan,        nan,        nan,        nan,
               nan,        nan]])}, {'S1': array([0.28563628, 0.55402958, 0.06966539, 0.0143437 , 0.0025276 ,
       0.00148374, 0.00190106]), 'S1_conf': array([0.04213599, 0.05640536, 0.02961865, 0.01483552, 0.00455156,
       0.01867228, 0.0138437 ]), 'ST': array([0.35006954, 0.65048609, 0.13424439, 0.0451783 , 0.0029144 ,
       0.05506594, 0.03444865]), 'ST_conf': array([0.02836873, 0.05136991, 0.0127212 , 0.00439729, 0.00080966,
       0.00488196, 0.00300128]), 'S2': array([[        nan,  0.01110803, -0.00959175, -0.00829264, -0.01023787,
        -0.01299417, -0.00488679],
       [        nan,         nan,  0.0151978 , -0.00988388, -0.00358424,
         0.00127537, -0.00313403],
       [        nan,         nan,         nan, -0.00994831, -0.00741883,
        -0.00786218, -0.0076491 ],
       [        nan,         nan,         nan,         nan, -0.00976342,
        -0.00797629, -0.01015865],
       [        nan,         nan,         nan,         nan,         nan,
        -0.00111158, -0.00039329],
       [        nan,         nan,         nan,         nan,         nan,
                nan,  0.01292254],
       [        nan,         nan,         nan,         nan,         nan,
                nan,         nan]]), 'S2_conf': array([[       nan, 0.06656634, 0.05616551, 0.05382975, 0.0533822 ,
        0.05203963, 0.05288161],
       [       nan,        nan, 0.07595769, 0.07446354, 0.07156331,
        0.07616435, 0.07427142],
       [       nan,        nan,        nan, 0.03752401, 0.03771343,
        0.0377415 , 0.03768442],
       [       nan,        nan,        nan,        nan, 0.02144176,
        0.02133816, 0.02069939],
       [       nan,        nan,        nan,        nan,        nan,
        0.0065556 , 0.00647372],
       [       nan,        nan,        nan,        nan,        nan,
               nan, 0.02350665],
       [       nan,        nan,        nan,        nan,        nan,
               nan,        nan]])}]
------------
{'S1': array([nan, nan, nan, nan, nan, nan, nan]), 'S1_conf': array([nan, nan, nan, nan, nan, nan, nan]), 'ST': array([nan, nan, nan, nan, nan, nan, nan]), 'ST_conf': array([nan, nan, nan, nan, nan, nan, nan]), 'S2': array([[nan, nan, nan, nan, nan, nan, nan],
       [nan, nan, nan, nan, nan, nan, nan],
       [nan, nan, nan, nan, nan, nan, nan],
       [nan, nan, nan, nan, nan, nan, nan],
       [nan, nan, nan, nan, nan, nan, nan],
       [nan, nan, nan, nan, nan, nan, nan],
       [nan, nan, nan, nan, nan, nan, nan]]), 'S2_conf': array([[nan, nan, nan, nan, nan, nan, nan],
       [nan, nan, nan, nan, nan, nan, nan],
       [nan, nan, nan, nan, nan, nan, nan],
       [nan, nan, nan, nan, nan, nan, nan],
       [nan, nan, nan, nan, nan, nan, nan],
       [nan, nan, nan, nan, nan, nan, nan],
       [nan, nan, nan, nan, nan, nan, nan]])}
------------
{'S1': array([2.74030991e-01, 5.64339459e-01, 9.96912470e-02, 2.04619759e-02,
       2.74551618e-04, 1.10462092e-02, 3.09925812e-03]), 'S1_conf': array([0.03807567, 0.06240621, 0.02315465, 0.01173362, 0.00121841,
       0.00748414, 0.00597196]), 'ST': array([2.96593986e-01, 6.11846713e-01, 1.10763736e-01, 2.74452963e-02,
       2.63290209e-04, 9.68728378e-03, 7.13918462e-03]), 'ST_conf': array([2.89771877e-02, 4.71451532e-02, 1.01362400e-02, 2.39490520e-03,
       6.88258057e-05, 1.09982253e-03, 7.05823931e-04]), 'S2': array([[            nan,  1.64573572e-02, -1.60642278e-02,
        -9.31802193e-03, -1.11239452e-02, -1.29057267e-02,
        -1.03307992e-02],
       [            nan,             nan,  7.23727958e-03,
         2.58743440e-03, -6.52250852e-04, -5.08575228e-03,
         6.90831128e-05],
       [            nan,             nan,             nan,
         3.03225452e-03,  2.42260085e-03,  2.40071622e-03,
         1.55273602e-03],
       [            nan,             nan,             nan,
                    nan, -2.19619355e-03, -2.56276104e-03,
        -1.94901013e-03],
       [            nan,             nan,             nan,
                    nan,             nan,  5.10697626e-04,
         6.98753299e-04],
       [            nan,             nan,             nan,
                    nan,             nan,             nan,
        -3.89590294e-03],
       [            nan,             nan,             nan,
                    nan,             nan,             nan,
                    nan]]), 'S2_conf': array([[       nan, 0.07253979, 0.05812844, 0.05765527, 0.05627111,
        0.05674756, 0.05686846],
       [       nan,        nan, 0.10168116, 0.09531243, 0.09527259,
        0.09581598, 0.09590344],
       [       nan,        nan,        nan, 0.03592491, 0.03499981,
        0.03550302, 0.03531149],
       [       nan,        nan,        nan,        nan, 0.01531311,
        0.01505707, 0.01515364],
       [       nan,        nan,        nan,        nan,        nan,
        0.00173954, 0.00169375],
       [       nan,        nan,        nan,        nan,        nan,
               nan, 0.01055172],
       [       nan,        nan,        nan,        nan,        nan,
               nan,        nan]])}
------------
{'S1': array([2.74030991e-01, 5.64339459e-01, 9.96912470e-02, 2.04619759e-02,
       2.74551618e-04, 1.10462092e-02, 3.09925812e-03]), 'S1_conf': array([0.03691436, 0.06403687, 0.02436276, 0.0108688 , 0.00124267,
       0.0072793 , 0.00582406]), 'ST': array([2.96593986e-01, 6.11846713e-01, 1.10763736e-01, 2.74452963e-02,
       2.63290209e-04, 9.68728378e-03, 7.13918462e-03]), 'ST_conf': array([2.76667851e-02, 4.82978528e-02, 1.06057533e-02, 2.73741052e-03,
       7.16531010e-05, 8.98026228e-04, 6.83720248e-04]), 'S2': array([[            nan,  1.64573572e-02, -1.60642278e-02,
        -9.31802193e-03, -1.11239452e-02, -1.29057267e-02,
        -1.03307992e-02],
       [            nan,             nan,  7.23727958e-03,
         2.58743440e-03, -6.52250852e-04, -5.08575228e-03,
         6.90831128e-05],
       [            nan,             nan,             nan,
         3.03225452e-03,  2.42260085e-03,  2.40071622e-03,
         1.55273602e-03],
       [            nan,             nan,             nan,
                    nan, -2.19619355e-03, -2.56276104e-03,
        -1.94901013e-03],
       [            nan,             nan,             nan,
                    nan,             nan,  5.10697626e-04,
         6.98753299e-04],
       [            nan,             nan,             nan,
                    nan,             nan,             nan,
        -3.89590294e-03],
       [            nan,             nan,             nan,
                    nan,             nan,             nan,
                    nan]]), 'S2_conf': array([[       nan, 0.06516285, 0.04626344, 0.0452479 , 0.04548468,
        0.04623174, 0.04561234],
       [       nan,        nan, 0.09647   , 0.09659607, 0.09562461,
        0.09551253, 0.09690632],
       [       nan,        nan,        nan, 0.03264705, 0.03188386,
        0.03254582, 0.03208301],
       [       nan,        nan,        nan,        nan, 0.0142601 ,
        0.01433212, 0.01424848],
       [       nan,        nan,        nan,        nan,        nan,
        0.00197339, 0.0019291 ],
       [       nan,        nan,        nan,        nan,        nan,
               nan, 0.01003476],
       [       nan,        nan,        nan,        nan,        nan,
               nan,        nan]])}
------------
