[{'S1': array([0.1443772 , 0.06327056, 0.05456338, 0.25689089, 0.00066316,
       0.00486899, 0.37034161]), 'S1_conf': array([0.03270515, 0.02251685, 0.02026155, 0.04026606, 0.00524625,
       0.01210164, 0.04965122]), 'ST': array([0.22695427, 0.11594262, 0.0981003 , 0.35781955, 0.0034387 ,
       0.03036438, 0.4746705 ]), 'ST_conf': array([0.02487402, 0.01538067, 0.01498051, 0.03509169, 0.00112083,
       0.00538979, 0.04156809]), 'S2': array([[            nan,  4.12307551e-03,  5.80998545e-03,
        -2.93181702e-05,  2.04687867e-03,  1.13854255e-03,
         1.35957236e-02],
       [            nan,             nan, -1.35897626e-03,
        -9.53400133e-03, -3.56493541e-03, -2.65659929e-03,
        -6.13532387e-05],
       [            nan,             nan,             nan,
        -4.58596777e-03, -8.99788606e-03, -1.13336075e-02,
        -7.05145152e-03],
       [            nan,             nan,             nan,
                    nan,  4.83509980e-03,  2.88866527e-03,
         2.00172892e-02],
       [            nan,             nan,             nan,
                    nan,             nan, -1.80232307e-03,
        -2.58089689e-03],
       [            nan,             nan,             nan,
                    nan,             nan,             nan,
         1.01116869e-02],
       [            nan,             nan,             nan,
                    nan,             nan,             nan,
                    nan]]), 'S2_conf': array([[       nan, 0.03851942, 0.04312516, 0.04474345, 0.04098745,
        0.04218184, 0.04998754],
       [       nan,        nan, 0.03570286, 0.03399436, 0.03384752,
        0.03499331, 0.04098052],
       [       nan,        nan,        nan, 0.0330645 , 0.02728895,
        0.02724936, 0.0331085 ],
       [       nan,        nan,        nan,        nan, 0.05361725,
        0.05477958, 0.06279515],
       [       nan,        nan,        nan,        nan,        nan,
        0.0059172 , 0.00650121],
       [       nan,        nan,        nan,        nan,        nan,
               nan, 0.01909778],
       [       nan,        nan,        nan,        nan,        nan,
               nan,        nan]])}, {'S1': array([0.14551381, 0.04543139, 0.03970951, 0.24723413, 0.00362781,
       0.02099826, 0.41759859]), 'S1_conf': array([0.03159202, 0.02134696, 0.02061032, 0.04435867, 0.00466912,
       0.01376529, 0.0544319 ]), 'ST': array([0.20408512, 0.08728245, 0.0922735 , 0.34261709, 0.00511278,
       0.03128534, 0.49843514]), 'ST_conf': array([0.02212123, 0.01198394, 0.01096769, 0.02842094, 0.00124505,
       0.00506633, 0.03667385]), 'S2': array([[            nan, -1.41394656e-02, -1.80349167e-02,
        -1.47481299e-02, -1.58437255e-02, -2.15651692e-02,
        -2.20521006e-02],
       [            nan,             nan,  2.07474071e-03,
        -3.03803880e-03, -1.21204612e-03, -1.09031327e-03,
        -7.42042123e-03],
       [            nan,             nan,             nan,
        -1.27449941e-04, -5.71709613e-06,  3.03760404e-03,
        -1.70997693e-03],
       [            nan,             nan,             nan,
                    nan, -2.09323323e-02, -3.00622957e-02,
        -7.90691785e-03],
       [            nan,             nan,             nan,
                    nan,             nan, -4.63815183e-03,
        -4.02948761e-03],
       [            nan,             nan,             nan,
                    nan,             nan,             nan,
        -1.93555224e-02],
       [            nan,             nan,             nan,
                    nan,             nan,             nan,
                    nan]]), 'S2_conf': array([[       nan, 0.04824468, 0.04762971, 0.04911456, 0.04507395,
        0.04436489, 0.05429308],
       [       nan,        nan, 0.02887436, 0.03228281, 0.02937711,
        0.02936134, 0.0300352 ],
       [       nan,        nan,        nan, 0.03137386, 0.03220294,
        0.03230674, 0.03420961],
       [       nan,        nan,        nan,        nan, 0.06522119,
        0.06517468, 0.07566066],
       [       nan,        nan,        nan,        nan,        nan,
        0.00759675, 0.00655166],
       [       nan,        nan,        nan,        nan,        nan,
               nan, 0.02033358],
       [       nan,        nan,        nan,        nan,        nan,
               nan,        nan]])}, {'S1': array([ 1.52811887e-01,  5.20075427e-02,  6.20894965e-02,  2.45776111e-01,
       -3.04205112e-04,  4.79557814e-03,  3.95106366e-01]), 'S1_conf': array([0.03141616, 0.02488352, 0.02352205, 0.04775531, 0.00464716,
       0.01345723, 0.05519122]), 'ST': array([0.19829322, 0.07852637, 0.08956439, 0.30567488, 0.00412839,
       0.02781233, 0.47128861]), 'ST_conf': array([0.01869969, 0.00859451, 0.00943693, 0.02656574, 0.00077436,
       0.00438765, 0.03818317]), 'S2': array([[        nan,  0.00524803,  0.01159272,  0.01715519,  0.00672556,
         0.00872457,  0.01776358],
       [        nan,         nan, -0.0036913 , -0.00569031, -0.00516883,
        -0.00855845,  0.00056747],
       [        nan,         nan,         nan, -0.0158515 , -0.01645989,
        -0.01672063, -0.00246682],
       [        nan,         nan,         nan,         nan,  0.00246425,
         0.01532745,  0.0291467 ],
       [        nan,         nan,         nan,         nan,         nan,
        -0.00019171,  0.0011989 ],
       [        nan,         nan,         nan,         nan,         nan,
                nan,  0.01101246],
       [        nan,         nan,         nan,         nan,         nan,
                nan,         nan]]), 'S2_conf': array([[       nan, 0.04641888, 0.04866244, 0.05357778, 0.0471527 ,
        0.04744471, 0.04871381],
       [       nan,        nan, 0.03205155, 0.03490843, 0.03204974,
        0.03133996, 0.03653269],
       [       nan,        nan,        nan, 0.03543906, 0.03388145,
        0.03331441, 0.03561124],
       [       nan,        nan,        nan,        nan, 0.0603692 ,
        0.06145224, 0.06876802],
       [       nan,        nan,        nan,        nan,        nan,
        0.00579692, 0.00716147],
       [       nan,        nan,        nan,        nan,        nan,
               nan, 0.01965267],
       [       nan,        nan,        nan,        nan,        nan,
               nan,        nan]])}, {'S1': array([0.08275678, 0.01722439, 0.02402749, 0.30556039, 0.00176622,
       0.00287424, 0.45202616]), 'S1_conf': array([0.02738304, 0.01707206, 0.01417693, 0.0483766 , 0.00381805,
       0.01367168, 0.05780271]), 'ST': array([0.13300192, 0.06165338, 0.05298708, 0.37478763, 0.00356149,
       0.03157856, 0.50549437]), 'ST_conf': array([0.01466073, 0.0078752 , 0.00755333, 0.03017597, 0.00091902,
       0.00401662, 0.04319767]), 'S2': array([[        nan,  0.01491432,  0.01950469,  0.01736779,  0.01665549,
         0.0164972 ,  0.02306618],
       [        nan,         nan,  0.02348481,  0.01169232,  0.01992332,
         0.01960675,  0.01454151],
       [        nan,         nan,         nan,  0.00578793,  0.01433551,
         0.01409807,  0.01512695],
       [        nan,         nan,         nan,         nan,  0.00689996,
         0.0146561 ,  0.02122507],
       [        nan,         nan,         nan,         nan,         nan,
         0.00029673, -0.00120701],
       [        nan,         nan,         nan,         nan,         nan,
                nan,  0.01234839],
       [        nan,         nan,         nan,         nan,         nan,
                nan,         nan]]), 'S2_conf': array([[       nan, 0.03737187, 0.03850683, 0.04071509, 0.03655452,
        0.03716396, 0.0440766 ],
       [       nan,        nan, 0.02478798, 0.02786825, 0.02366603,
        0.02308004, 0.02580792],
       [       nan,        nan,        nan, 0.02047072, 0.02224595,
        0.02207291, 0.0254097 ],
       [       nan,        nan,        nan,        nan, 0.0673607 ,
        0.06694083, 0.08501438],
       [       nan,        nan,        nan,        nan,        nan,
        0.00599614, 0.00514056],
       [       nan,        nan,        nan,        nan,        nan,
               nan, 0.02064845],
       [       nan,        nan,        nan,        nan,        nan,
               nan,        nan]])}, {'S1': array([1.62035847e-01, 1.75335097e-02, 5.02365678e-02, 2.47625250e-01,
       1.39808560e-04, 5.10658310e-02, 3.96842726e-01]), 'S1_conf': array([0.03952813, 0.01785636, 0.02339336, 0.04572282, 0.00620469,
       0.01973186, 0.05030912]), 'ST': array([0.204452  , 0.05448446, 0.07833442, 0.31571018, 0.0036212 ,
       0.08303781, 0.44453325]), 'ST_conf': array([0.02010485, 0.00720073, 0.00868212, 0.02712681, 0.00081046,
       0.0097249 , 0.03714958]), 'S2': array([[        nan,  0.00240154,  0.00065338,  0.00847849, -0.00409164,
         0.00290102,  0.00664708],
       [        nan,         nan,  0.01346536,  0.00921981,  0.01213342,
         0.01404808,  0.00905332],
       [        nan,         nan,         nan, -0.00295758,  0.00386859,
         0.00028901, -0.0026246 ],
       [        nan,         nan,         nan,         nan,  0.01337291,
         0.00554779,  0.0166195 ],
       [        nan,         nan,         nan,         nan,         nan,
        -0.00280368, -0.00122201],
       [        nan,         nan,         nan,         nan,         nan,
                nan,  0.00053105],
       [        nan,         nan,         nan,         nan,         nan,
                nan,         nan]]), 'S2_conf': array([[       nan, 0.05179363, 0.05329306, 0.0547842 , 0.05221491,
        0.05283656, 0.06434748],
       [       nan,        nan, 0.02726047, 0.02908297, 0.02723798,
        0.02543236, 0.02809336],
       [       nan,        nan,        nan, 0.03568858, 0.03098703,
        0.03112522, 0.03431525],
       [       nan,        nan,        nan,        nan, 0.05499602,
        0.05905199, 0.07188399],
       [       nan,        nan,        nan,        nan,        nan,
        0.00756658, 0.00766977],
       [       nan,        nan,        nan,        nan,        nan,
               nan, 0.03184494],
       [       nan,        nan,        nan,        nan,        nan,
               nan,        nan]])}, {'S1': array([0.08176669, 0.0116838 , 0.03970012, 0.32421414, 0.00086244,
       0.02966408, 0.46950432]), 'S1_conf': array([0.02338314, 0.01204878, 0.01852166, 0.04702257, 0.00455918,
       0.01674525, 0.06078707]), 'ST': array([0.10858285, 0.02496157, 0.06588815, 0.37962393, 0.00379624,
       0.05143124, 0.53937801]), 'ST_conf': array([0.01369843, 0.003778  , 0.00899858, 0.03786561, 0.00095608,
       0.0068    , 0.04889643]), 'S2': array([[        nan, -0.0114746 , -0.01012251, -0.01376274, -0.01085056,
        -0.0083544 , -0.00024189],
       [        nan,         nan,  0.00363904, -0.00416145,  0.00363904,
         0.00447109,  0.00239096],
       [        nan,         nan,         nan,  0.00275677, -0.00036343,
         0.00306879, -0.00181952],
       [        nan,         nan,         nan,         nan, -0.00079231,
        -0.00505658,  0.02552135],
       [        nan,         nan,         nan,         nan,         nan,
        -0.00047212, -0.00036811],
       [        nan,         nan,         nan,         nan,         nan,
                nan, -0.00319382],
       [        nan,         nan,         nan,         nan,         nan,
                nan,         nan]]), 'S2_conf': array([[       nan, 0.03139388, 0.03307894, 0.0352121 , 0.02990037,
        0.03225266, 0.03794062],
       [       nan,        nan, 0.01651399, 0.01910344, 0.01655931,
        0.01713281, 0.01708712],
       [       nan,        nan,        nan, 0.03104314, 0.02352264,
        0.02555291, 0.02881934],
       [       nan,        nan,        nan,        nan, 0.06351904,
        0.06569561, 0.08995247],
       [       nan,        nan,        nan,        nan,        nan,
        0.00615839, 0.00686607],
       [       nan,        nan,        nan,        nan,        nan,
               nan, 0.02713017],
       [       nan,        nan,        nan,        nan,        nan,
               nan,        nan]])}, {'S1': array([0.15640851, 0.05364784, 0.14438556, 0.23846975, 0.0003842 ,
       0.0609278 , 0.32693592]), 'S1_conf': array([0.03520314, 0.02005762, 0.033143  , 0.04116097, 0.00662033,
       0.02276789, 0.04750677]), 'ST': array([0.23035563, 0.08465931, 0.19461736, 0.29024961, 0.00464826,
       0.11285368, 0.39304476]), 'ST_conf': array([0.02358079, 0.0104943 , 0.0226903 , 0.0285028 , 0.00130436,
       0.01301552, 0.03498559]), 'S2': array([[        nan,  0.00749665, -0.00332389,  0.00216258,  0.00109577,
         0.0033818 ,  0.00444861],
       [        nan,         nan, -0.01506289, -0.01125284, -0.00744279,
        -0.00149911,  0.00551138],
       [        nan,         nan,         nan, -0.0136687 , -0.01976478,
        -0.02083159, -0.01610713],
       [        nan,         nan,         nan,         nan, -0.02888166,
        -0.03177729, -0.02171876],
       [        nan,         nan,         nan,         nan,         nan,
        -0.00031119,  0.00106043],
       [        nan,         nan,         nan,         nan,         nan,
                nan,  0.00117283],
       [        nan,         nan,         nan,         nan,         nan,
                nan,         nan]]), 'S2_conf': array([[       nan, 0.05348743, 0.05547172, 0.05391518, 0.05127512,
        0.05217404, 0.05336897],
       [       nan,        nan, 0.03130644, 0.02927974, 0.02817312,
        0.02834524, 0.03212823],
       [       nan,        nan,        nan, 0.0515204 , 0.05064692,
        0.0525007 , 0.05458805],
       [       nan,        nan,        nan,        nan, 0.05933656,
        0.06042472, 0.07126556],
       [       nan,        nan,        nan,        nan,        nan,
        0.00811848, 0.00839747],
       [       nan,        nan,        nan,        nan,        nan,
               nan, 0.03249262],
       [       nan,        nan,        nan,        nan,        nan,
               nan,        nan]])}, {'S1': array([ 0.15155864,  0.16176624,  0.23776574,  0.128665  , -0.00112117,
        0.02627211,  0.17425236]), 'S1_conf': array([0.03743844, 0.03603527, 0.04037357, 0.02846681, 0.00556118,
       0.0176411 , 0.03452374]), 'ST': array([0.20437727, 0.20946086, 0.30131   , 0.1882649 , 0.0055144 ,
       0.0534207 , 0.22807194]), 'ST_conf': array([0.02087874, 0.01797728, 0.03001633, 0.02139325, 0.00167468,
       0.00612066, 0.02442574]), 'S2': array([[        nan,  0.01647507,  0.0076865 , -0.00713343,  0.00217211,
        -0.00179136, -0.00075741],
       [        nan,         nan,  0.03554147,  0.02037688,  0.01555179,
         0.01572411,  0.02589128],
       [        nan,         nan,         nan,  0.03610099,  0.03248217,
         0.03299915,  0.03282682],
       [        nan,         nan,         nan,         nan,  0.00373365,
         0.0054569 ,  0.030444  ],
       [        nan,         nan,         nan,         nan,         nan,
         0.00073185, -0.00133605],
       [        nan,         nan,         nan,         nan,         nan,
                nan,  0.0010297 ],
       [        nan,         nan,         nan,         nan,         nan,
                nan,         nan]]), 'S2_conf': array([[       nan, 0.04920315, 0.05368378, 0.05260505, 0.04677987,
        0.04776012, 0.05355552],
       [       nan,        nan, 0.05227129, 0.05813454, 0.05289894,
        0.05089616, 0.0578269 ],
       [       nan,        nan,        nan, 0.04975747, 0.04653114,
        0.04775556, 0.05308452],
       [       nan,        nan,        nan,        nan, 0.04202428,
        0.04350408, 0.04980246],
       [       nan,        nan,        nan,        nan,        nan,
        0.00798386, 0.00772711],
       [       nan,        nan,        nan,        nan,        nan,
               nan, 0.02622614],
       [       nan,        nan,        nan,        nan,        nan,
               nan,        nan]])}, {'S1': array([0.11182607, 0.29769884, 0.2668861 , 0.08839086, 0.00196459,
       0.01778542, 0.07280669]), 'S1_conf': array([0.03256423, 0.04624888, 0.0459534 , 0.02695433, 0.00607195,
       0.01353398, 0.02681219]), 'ST': array([0.18921323, 0.40397256, 0.35526289, 0.14573191, 0.00747852,
       0.04745222, 0.1273996 ]), 'ST_conf': array([0.01798657, 0.0319573 , 0.03203617, 0.01408188, 0.00177579,
       0.00642556, 0.01310297]), 'S2': array([[        nan,  0.00087767, -0.01553537, -0.00693176, -0.00335795,
        -0.00574049, -0.00428449],
       [        nan,         nan,  0.00933515,  0.0023199 ,  0.00020209,
         0.00258463,  0.00801152],
       [        nan,         nan,         nan, -0.00694564, -0.01846124,
        -0.02018196, -0.00257766],
       [        nan,         nan,         nan,         nan, -0.00487664,
        -0.00355301, -0.00514137],
       [        nan,         nan,         nan,         nan,         nan,
         0.00367125,  0.00327416],
       [        nan,         nan,         nan,         nan,         nan,
                nan, -0.00117041],
       [        nan,         nan,         nan,         nan,         nan,
                nan,         nan]]), 'S2_conf': array([[       nan, 0.04279043, 0.04207267, 0.04118763, 0.03858483,
        0.03752209, 0.04480071],
       [       nan,        nan, 0.06750648, 0.06227168, 0.06080057,
        0.06213373, 0.06057766],
       [       nan,        nan,        nan, 0.05892655, 0.06074566,
        0.06083664, 0.06018975],
       [       nan,        nan,        nan,        nan, 0.04167623,
        0.04031054, 0.04220971],
       [       nan,        nan,        nan,        nan,        nan,
        0.00858992, 0.00860315],
       [       nan,        nan,        nan,        nan,        nan,
               nan, 0.02165037],
       [       nan,        nan,        nan,        nan,        nan,
               nan,        nan]])}, {'S1': array([ 0.12135729,  0.40435148,  0.21313135,  0.09258169, -0.00395674,
        0.01397609,  0.05107467]), 'S1_conf': array([0.03216163, 0.052244  , 0.03989606, 0.02694996, 0.00721188,
       0.01463854, 0.02738825]), 'ST': array([0.2001449 , 0.52861679, 0.30566277, 0.15493763, 0.0107881 ,
       0.05342677, 0.13274497]), 'ST_conf': array([0.0209437 , 0.0450079 , 0.02988089, 0.01840878, 0.00220945,
       0.00794683, 0.01597491]), 'S2': array([[        nan, -0.01841976, -0.01759781, -0.01431001, -0.01287159,
        -0.00896733, -0.00013137],
       [        nan,         nan, -0.00072581, -0.0025752 ,  0.00276748,
        -0.0009313 ,  0.01817905],
       [        nan,         nan,         nan,  0.02014806,  0.01521635,
         0.02364135,  0.01336697],
       [        nan,         nan,         nan,         nan, -0.01808437,
        -0.02568741, -0.01644047],
       [        nan,         nan,         nan,         nan,         nan,
         0.00929795,  0.01196928],
       [        nan,         nan,         nan,         nan,         nan,
                nan,  0.01079177],
       [        nan,         nan,         nan,         nan,         nan,
                nan,         nan]]), 'S2_conf': array([[       nan, 0.05373318, 0.04959606, 0.04563713, 0.04304639,
        0.04278923, 0.04405605],
       [       nan,        nan, 0.07406678, 0.06750707, 0.06729279,
        0.06629841, 0.07086376],
       [       nan,        nan,        nan, 0.06246349, 0.05671508,
        0.05893019, 0.05838565],
       [       nan,        nan,        nan,        nan, 0.03362204,
        0.03490085, 0.03666306],
       [       nan,        nan,        nan,        nan,        nan,
        0.0108259 , 0.01065087],
       [       nan,        nan,        nan,        nan,        nan,
               nan, 0.02497785],
       [       nan,        nan,        nan,        nan,        nan,
               nan,        nan]])}, {'S1': array([0.12244172, 0.29916339, 0.27924924, 0.08158257, 0.0041954 ,
       0.0149895 , 0.08267737]), 'S1_conf': array([0.03313158, 0.0471339 , 0.04469938, 0.02675118, 0.00823555,
       0.0164009 , 0.02478829]), 'ST': array([0.18601563, 0.40993176, 0.36975723, 0.15364861, 0.00985413,
       0.04343397, 0.14675072]), 'ST_conf': array([0.0192395 , 0.03501599, 0.03251544, 0.01600811, 0.00219818,
       0.006703  , 0.01486045]), 'S2': array([[        nan,  0.0042161 , -0.00381881,  0.0116446 ,  0.0042161 ,
         0.01376702, -0.00427361],
       [        nan,         nan,  0.03064591,  0.02897829,  0.03079752,
         0.0292815 ,  0.02094339],
       [        nan,         nan,         nan, -0.00172191, -0.01385007,
        -0.00945362, -0.01415328],
       [        nan,         nan,         nan,         nan,  0.02223764,
         0.02557289,  0.02526968],
       [        nan,         nan,         nan,         nan,         nan,
         0.00093032,  0.00138512],
       [        nan,         nan,         nan,         nan,         nan,
                nan,  0.01297865],
       [        nan,         nan,         nan,         nan,         nan,
                nan,         nan]]), 'S2_conf': array([[       nan, 0.04597497, 0.04998854, 0.0429188 , 0.04564437,
        0.04556818, 0.04646391],
       [       nan,        nan, 0.05788725, 0.05434662, 0.04928663,
        0.04961131, 0.05324439],
       [       nan,        nan,        nan, 0.05045997, 0.04898632,
        0.04886006, 0.05111868],
       [       nan,        nan,        nan,        nan, 0.03823677,
        0.04139215, 0.03945497],
       [       nan,        nan,        nan,        nan,        nan,
        0.01154366, 0.01095818],
       [       nan,        nan,        nan,        nan,        nan,
               nan, 0.02129041],
       [       nan,        nan,        nan,        nan,        nan,
               nan,        nan]])}, {'S1': array([0.12968511, 0.29760223, 0.29204381, 0.10325552, 0.00074991,
       0.01760556, 0.0965537 ]), 'S1_conf': array([0.03559521, 0.04173039, 0.03655779, 0.02790604, 0.00741483,
       0.0150443 , 0.0292007 ]), 'ST': array([0.18404412, 0.37617693, 0.35495723, 0.14937827, 0.01565215,
       0.04895237, 0.15830735]), 'ST_conf': array([0.01827419, 0.02987066, 0.03062383, 0.01353708, 0.00278464,
       0.00630933, 0.01603545]), 'S2': array([[        nan,  0.00546494,  0.00126301, -0.00020766, -0.00440958,
        -0.00798121, -0.00167833],
       [        nan,         nan, -0.00732119, -0.00206879, -0.00543033,
        -0.00227889,  0.01326822],
       [        nan,         nan,         nan,  0.01054487,  0.00760353,
         0.00592276,  0.00109055],
       [        nan,         nan,         nan,         nan, -0.01846964,
        -0.0205706 , -0.01994031],
       [        nan,         nan,         nan,         nan,         nan,
         0.0079624 ,  0.00817249],
       [        nan,         nan,         nan,         nan,         nan,
                nan,  0.00731085],
       [        nan,         nan,         nan,         nan,         nan,
                nan,         nan]]), 'S2_conf': array([[       nan, 0.05015048, 0.05250228, 0.04654478, 0.04207209,
        0.04572309, 0.04604208],
       [       nan,        nan, 0.05827754, 0.05501909, 0.05369361,
        0.05407515, 0.0573977 ],
       [       nan,        nan,        nan, 0.05691332, 0.05457307,
        0.05516988, 0.05551166],
       [       nan,        nan,        nan,        nan, 0.03906319,
        0.03916427, 0.04107588],
       [       nan,        nan,        nan,        nan,        nan,
        0.01098498, 0.01113085],
       [       nan,        nan,        nan,        nan,        nan,
               nan, 0.02007665],
       [       nan,        nan,        nan,        nan,        nan,
               nan,        nan]])}, {'S1': array([0.16791511, 0.06233342, 0.27579444, 0.08818496, 0.01028948,
       0.00851267, 0.11770141]), 'S1_conf': array([0.04405403, 0.03245266, 0.05503766, 0.03584876, 0.01211979,
       0.01716838, 0.03647717]), 'ST': array([0.35309849, 0.18198016, 0.4521014 , 0.20851152, 0.03276355,
       0.08368951, 0.2334403 ]), 'ST_conf': array([0.04874138, 0.02290044, 0.05192914, 0.0304683 , 0.00654906,
       0.01466246, 0.02508965]), 'S2': array([[        nan,  0.00408972,  0.05644018,  0.0204715 ,  0.0080071 ,
         0.01477349,  0.00729485],
       [        nan,         nan,  0.00459148,  0.04518979,  0.02560288,
         0.02061713,  0.01776812],
       [        nan,         nan,         nan,  0.04539265,  0.00301371,
         0.02616187,  0.05322742],
       [        nan,         nan,         nan,         nan,  0.00402104,
         0.00865067,  0.00829455],
       [        nan,         nan,         nan,         nan,         nan,
        -0.012652  , -0.00909074],
       [        nan,         nan,         nan,         nan,         nan,
                nan,  0.03172188],
       [        nan,         nan,         nan,         nan,         nan,
                nan,         nan]]), 'S2_conf': array([[       nan, 0.06926936, 0.08440462, 0.07098174, 0.06754133,
        0.06701359, 0.06354932],
       [       nan,        nan, 0.05202993, 0.05580464, 0.04703807,
        0.04628797, 0.05372812],
       [       nan,        nan,        nan, 0.08917639, 0.08086737,
        0.08150422, 0.09616919],
       [       nan,        nan,        nan,        nan, 0.04321335,
        0.04472665, 0.04521983],
       [       nan,        nan,        nan,        nan,        nan,
        0.01846304, 0.01827686],
       [       nan,        nan,        nan,        nan,        nan,
               nan, 0.03018843],
       [       nan,        nan,        nan,        nan,        nan,
               nan,        nan]])}, {'S1': array([0.21967307, 0.08652851, 0.31198717, 0.06973288, 0.00977567,
       0.03528854, 0.07982601]), 'S1_conf': array([0.05568051, 0.03039631, 0.06262118, 0.01890599, 0.01260017,
       0.02450722, 0.03361226]), 'ST': array([0.40448998, 0.17522356, 0.55456283, 0.11681571, 0.03907714,
       0.11660785, 0.15693214]), 'ST_conf': array([0.05414418, 0.02472112, 0.06110282, 0.01585804, 0.00810257,
       0.02210302, 0.021137  ]), 'S2': array([[        nan, -0.00312424,  0.10371433, -0.00146138,  0.00477433,
         0.00144862,  0.01724576],
       [        nan,         nan, -0.00097296, -0.01427581, -0.01552296,
        -0.00928724, -0.00554581],
       [        nan,         nan,         nan,  0.01064151,  0.02893293,
         0.03350579,  0.02352865],
       [        nan,         nan,         nan,         nan, -0.02750985,
        -0.03083557, -0.01503843],
       [        nan,         nan,         nan,         nan,         nan,
        -0.00342396,  0.00780032],
       [        nan,         nan,         nan,         nan,         nan,
                nan,  0.00688731],
       [        nan,         nan,         nan,         nan,         nan,
                nan,         nan]]), 'S2_conf': array([[       nan, 0.09424597, 0.11270234, 0.08938653, 0.0889181 ,
        0.09813022, 0.09146296],
       [       nan,        nan, 0.04711339, 0.04452137, 0.04228593,
        0.04141445, 0.04512974],
       [       nan,        nan,        nan, 0.09068493, 0.08426306,
        0.0883562 , 0.09072865],
       [       nan,        nan,        nan,        nan, 0.03146813,
        0.03132148, 0.03342145],
       [       nan,        nan,        nan,        nan,        nan,
        0.01650177, 0.01930607],
       [       nan,        nan,        nan,        nan,        nan,
               nan, 0.03327827],
       [       nan,        nan,        nan,        nan,        nan,
               nan,        nan]])}, {'S1': array([0.30841121, 0.03333131, 0.35393936, 0.00492965, 0.00179139,
       0.0451786 , 0.01502988]), 'S1_conf': array([0.05590369, 0.02260952, 0.05769271, 0.01826397, 0.01252609,
       0.02401137, 0.01995571]), 'ST': array([0.4423239 , 0.09792929, 0.51562158, 0.05523451, 0.02239237,
       0.11673888, 0.07628333]), 'ST_conf': array([0.04558575, 0.01348252, 0.04642933, 0.01044502, 0.0040485 ,
       0.01407714, 0.01087811]), 'S2': array([[        nan,  0.01075467,  0.06121214,  0.0104561 ,  0.01254606,
         0.02448865,  0.03254991],
       [        nan,         nan,  0.02538435,  0.01194893,  0.0104561 ,
         0.00239485,  0.01851735],
       [        nan,         nan,         nan,  0.04992365,  0.03380115,
         0.04425092,  0.04813226],
       [        nan,         nan,         nan,         nan,  0.01766598,
         0.01617315,  0.01766598],
       [        nan,         nan,         nan,         nan,         nan,
        -0.00646046, -0.00437051],
       [        nan,         nan,         nan,         nan,         nan,
                nan,  0.00220425],
       [        nan,         nan,         nan,         nan,         nan,
                nan,         nan]]), 'S2_conf': array([[       nan, 0.08458353, 0.09200538, 0.08065478, 0.08120359,
        0.08444549, 0.08527518],
       [       nan,        nan, 0.03706857, 0.0331038 , 0.03266653,
        0.03208994, 0.03402977],
       [       nan,        nan,        nan, 0.07959258, 0.07786378,
        0.08195791, 0.08070436],
       [       nan,        nan,        nan,        nan, 0.02854561,
        0.02714369, 0.02808511],
       [       nan,        nan,        nan,        nan,        nan,
        0.01700044, 0.01793604],
       [       nan,        nan,        nan,        nan,        nan,
               nan, 0.03957201],
       [       nan,        nan,        nan,        nan,        nan,
               nan,        nan]])}, {'S1': array([0.3385439 , 0.00782573, 0.3886808 , 0.01919775, 0.00394626,
       0.08873217, 0.06765541]), 'S1_conf': array([0.0537651 , 0.01454865, 0.04791215, 0.01921637, 0.0126886 ,
       0.02777252, 0.02740133]), 'ST': array([0.41950796, 0.03309727, 0.47234539, 0.07033171, 0.03995314,
       0.15449335, 0.13463498]), 'ST_conf': array([0.0388331 , 0.00500707, 0.03627673, 0.01098792, 0.00624998,
       0.01736434, 0.01511462]), 'S2': array([[        nan,  0.01203854, -0.00096396,  0.00707395,  0.00707395,
         0.00234577,  0.00754677],
       [        nan,         nan, -0.00375226,  0.00404924,  0.00192156,
         0.00310361,  0.00192156],
       [        nan,         nan,         nan, -0.00067909, -0.01297236,
        -0.01793695, -0.01699131],
       [        nan,         nan,         nan,         nan, -0.00442528,
        -0.00631656, -0.00277042],
       [        nan,         nan,         nan,         nan,         nan,
        -0.00498291, -0.00025473],
       [        nan,         nan,         nan,         nan,         nan,
                nan, -0.02410767],
       [        nan,         nan,         nan,         nan,         nan,
                nan,         nan]]), 'S2_conf': array([[       nan, 0.07002203, 0.08410353, 0.0703231 , 0.07069624,
        0.07683258, 0.0700452 ],
       [       nan,        nan, 0.01952526, 0.01736308, 0.0171638 ,
        0.01716183, 0.01739617],
       [       nan,        nan,        nan, 0.07596872, 0.07081267,
        0.07326647, 0.07201507],
       [       nan,        nan,        nan,        nan, 0.02615616,
        0.02523237, 0.02752609],
       [       nan,        nan,        nan,        nan,        nan,
        0.01886564, 0.01799764],
       [       nan,        nan,        nan,        nan,        nan,
               nan, 0.04195328],
       [       nan,        nan,        nan,        nan,        nan,
               nan,        nan]])}, {'S1': array([5.45393352e-01, 1.14409369e-02, 2.36166266e-01, 1.02752740e-02,
       2.65102479e-04, 4.95422419e-02, 1.73136765e-03]), 'S1_conf': array([0.06486512, 0.01119198, 0.04782503, 0.01333011, 0.00756506,
       0.02806618, 0.01608871]), 'ST': array([0.68510135, 0.03714812, 0.41605892, 0.04300176, 0.01530953,
       0.14724163, 0.04750456]), 'ST_conf': array([0.06571999, 0.00885319, 0.06736225, 0.00717655, 0.003823  ,
       0.02278376, 0.00807569]), 'S2': array([[        nan, -0.01594499,  0.06330433, -0.01819639, -0.01639527,
        -0.00333714, -0.0019863 ],
       [        nan,         nan,  0.00781711, -0.00839298, -0.01109466,
        -0.01739859, -0.00884326],
       [        nan,         nan,         nan,  0.0206203 ,  0.02872535,
         0.03908179,  0.01296554],
       [        nan,         nan,         nan,         nan,  0.00290969,
         0.00290969,  0.00651194],
       [        nan,         nan,         nan,         nan,         nan,
         0.00459539,  0.00729707],
       [        nan,         nan,         nan,         nan,         nan,
                nan,  0.01825348],
       [        nan,         nan,         nan,         nan,         nan,
                nan,         nan]]), 'S2_conf': array([[       nan, 0.10040821, 0.15112256, 0.1002791 , 0.09919993,
        0.09815387, 0.09998926],
       [       nan,        nan, 0.01893376, 0.01506396, 0.01524078,
        0.01656119, 0.01500636],
       [       nan,        nan,        nan, 0.06801123, 0.06803401,
        0.06777943, 0.06663936],
       [       nan,        nan,        nan,        nan, 0.02060301,
        0.02093272, 0.01997053],
       [       nan,        nan,        nan,        nan,        nan,
        0.01216071, 0.0120219 ],
       [       nan,        nan,        nan,        nan,        nan,
               nan, 0.04141047],
       [       nan,        nan,        nan,        nan,        nan,
               nan,        nan]])}, {'S1': array([6.77223301e-01, 6.46447546e-03, 1.69464312e-01, 5.24415561e-04,
       1.27832268e-03, 5.85482564e-02, 5.86719784e-03]), 'S1_conf': array([0.06387323, 0.00758191, 0.03801522, 0.01111945, 0.00736698,
       0.02482924, 0.00628757]), 'ST': array([0.74553925, 0.01369014, 0.2651605 , 0.01667291, 0.01063089,
       0.12068742, 0.00925423]), 'ST_conf': array([0.05943024, 0.00255863, 0.02855423, 0.00240899, 0.00269774,
       0.01367014, 0.00181993]), 'S2': array([[        nan, -0.01503038,  0.03024653, -0.00600559, -0.00355819,
         0.00210142, -0.0092178 ],
       [        nan,         nan, -0.00513153, -0.00513153, -0.00482561,
        -0.00543746, -0.00543746],
       [        nan,         nan,         nan,  0.01060537,  0.01259388,
         0.02819606,  0.00861686],
       [        nan,         nan,         nan,         nan,  0.00280071,
         0.00310663,  0.00218886],
       [        nan,         nan,         nan,         nan,         nan,
         0.00498947,  0.00223615],
       [        nan,         nan,         nan,         nan,         nan,
                nan,  0.0124664 ],
       [        nan,         nan,         nan,         nan,         nan,
                nan,         nan]]), 'S2_conf': array([[       nan, 0.11128479, 0.12397326, 0.11429308, 0.1106246 ,
        0.11813569, 0.11104423],
       [       nan,        nan, 0.01384937, 0.01282674, 0.01275853,
        0.01184454, 0.01257258],
       [       nan,        nan,        nan, 0.0582782 , 0.05768144,
        0.06034235, 0.05717049],
       [       nan,        nan,        nan,        nan, 0.01544402,
        0.01444495, 0.0152797 ],
       [       nan,        nan,        nan,        nan,        nan,
        0.01206324, 0.01199272],
       [       nan,        nan,        nan,        nan,        nan,
               nan, 0.03575272],
       [       nan,        nan,        nan,        nan,        nan,
               nan,        nan]])}, {'S1': array([0.69104086, 0.00486792, 0.16380663, 0.00819228, 0.00748184,
       0.0644783 , 0.00074294]), 'S1_conf': array([0.07670935, 0.00965797, 0.03350249, 0.01081468, 0.00717827,
       0.01981669, 0.00714248]), 'ST': array([0.75296355, 0.01415888, 0.24489357, 0.02316282, 0.01058479,
       0.10344228, 0.00804169]), 'ST_conf': array([0.05290855, 0.00298859, 0.02622559, 0.00343708, 0.00231974,
       0.00965942, 0.00151806]), 'S2': array([[        nan, -0.0214791 ,  0.02663359, -0.01598051, -0.0265653 ,
        -0.01763008, -0.00841994],
       [        nan,         nan, -0.01130566, -0.01268031, -0.01391749,
        -0.01446735, -0.0135051 ],
       [        nan,         nan,         nan,  0.00728146,  0.00343245,
         0.01113048,  0.0020578 ],
       [        nan,         nan,         nan,         nan, -0.00973063,
        -0.00904331, -0.01083035],
       [        nan,         nan,         nan,         nan,         nan,
        -0.01136023, -0.01300981],
       [        nan,         nan,         nan,         nan,         nan,
                nan, -0.00114161],
       [        nan,         nan,         nan,         nan,         nan,
                nan,         nan]]), 'S2_conf': array([[       nan, 0.12242228, 0.13124858, 0.12299897, 0.12022803,
        0.12441925, 0.12095655],
       [       nan,        nan, 0.01169925, 0.01358876, 0.01304518,
        0.01320893, 0.01313939],
       [       nan,        nan,        nan, 0.04668447, 0.04763841,
        0.04900141, 0.04900997],
       [       nan,        nan,        nan,        nan, 0.01517068,
        0.01517867, 0.01508078],
       [       nan,        nan,        nan,        nan,        nan,
        0.00966578, 0.009572  ],
       [       nan,        nan,        nan,        nan,        nan,
               nan, 0.03229801],
       [       nan,        nan,        nan,        nan,        nan,
               nan,        nan]])}, {'S1': array([ 7.09418464e-01,  1.27569111e-02,  1.59978189e-01, -2.31943839e-03,
       -6.21138859e-04,  1.89099127e-02,  5.18967164e-03]), 'S1_conf': array([0.06082582, 0.01282164, 0.0311208 , 0.00993584, 0.00576042,
       0.02157258, 0.01037093]), 'ST': array([0.79933136, 0.02955036, 0.27125112, 0.02401703, 0.0071227 ,
       0.07858512, 0.01501064]), 'ST_conf': array([0.04807111, 0.00571725, 0.02555078, 0.00403347, 0.00191413,
       0.0110216 , 0.00279061]), 'S2': array([[        nan, -0.01067025,  0.02782763, -0.00089861, -0.00207592,
         0.00722479, -0.00054542],
       [        nan,         nan, -0.00017733, -0.00359152, -0.00347379,
        -0.00253194, -0.00476882],
       [        nan,         nan,         nan,  0.01346451,  0.01087444,
         0.01252266,  0.00793117],
       [        nan,         nan,         nan,         nan,  0.0048973 ,
         0.00666325,  0.00525049],
       [        nan,         nan,         nan,         nan,         nan,
         0.0009013 ,  0.00043038],
       [        nan,         nan,         nan,         nan,         nan,
                nan,  0.00697443],
       [        nan,         nan,         nan,         nan,         nan,
                nan,         nan]]), 'S2_conf': array([[       nan, 0.07876264, 0.08584953, 0.07816185, 0.08061296,
        0.08068387, 0.08038703],
       [       nan,        nan, 0.01970596, 0.0188732 , 0.01921148,
        0.01863147, 0.01903318],
       [       nan,        nan,        nan, 0.04849471, 0.04773631,
        0.0468156 , 0.04743835],
       [       nan,        nan,        nan,        nan, 0.01480152,
        0.01445179, 0.01471389],
       [       nan,        nan,        nan,        nan,        nan,
        0.00727457, 0.00795643],
       [       nan,        nan,        nan,        nan,        nan,
               nan, 0.02989891],
       [       nan,        nan,        nan,        nan,        nan,
               nan,        nan]])}, {'S1': array([7.03852203e-01, 1.04322577e-02, 1.61419783e-01, 1.07089031e-02,
       3.49052317e-04, 1.80574692e-02, 1.25763056e-02]), 'S1_conf': array([0.0713927 , 0.01531234, 0.03718194, 0.0145226 , 0.00608482,
       0.01702902, 0.01792672]), 'ST': array([0.81095696, 0.047613  , 0.25618868, 0.04300529, 0.00501728,
       0.04689625, 0.05252789]), 'ST_conf': array([0.06066437, 0.00871071, 0.03669686, 0.00561837, 0.00146095,
       0.00642095, 0.00709926]), 'S2': array([[        nan, -0.01321444,  0.03306745, -0.00911869, -0.00727561,
        -0.01608146, -0.02673039],
       [        nan,         nan,  0.0023364 , -0.00196413, -0.00278328,
        -0.00278328,  0.00110768],
       [        nan,         nan,         nan, -0.0054936 ,  0.00617927,
         0.00454097,  0.00802235],
       [        nan,         nan,         nan,         nan, -0.02340625,
        -0.01910572, -0.01644349],
       [        nan,         nan,         nan,         nan,         nan,
        -0.00224022, -0.00183065],
       [        nan,         nan,         nan,         nan,         nan,
                nan, -0.01608255],
       [        nan,         nan,         nan,         nan,         nan,
                nan,         nan]]), 'S2_conf': array([[       nan, 0.10725643, 0.11939374, 0.11028007, 0.10888005,
        0.10869512, 0.11133894],
       [       nan,        nan, 0.02249333, 0.02248461, 0.0218641 ,
        0.02204566, 0.0224731 ],
       [       nan,        nan,        nan, 0.05175762, 0.05014054,
        0.05205871, 0.04840526],
       [       nan,        nan,        nan,        nan, 0.02079258,
        0.02034702, 0.02044987],
       [       nan,        nan,        nan,        nan,        nan,
        0.00812705, 0.0080589 ],
       [       nan,        nan,        nan,        nan,        nan,
               nan, 0.02579379],
       [       nan,        nan,        nan,        nan,        nan,
               nan,        nan]])}, {'S1': array([ 0.66752657,  0.0377149 ,  0.15597093,  0.02079723, -0.00114521,
        0.01438836,  0.0514421 ]), 'S1_conf': array([0.06839889, 0.01990836, 0.03736069, 0.01812367, 0.0034976 ,
       0.01726596, 0.02433475]), 'ST': array([0.71406078, 0.07597052, 0.22749755, 0.06085922, 0.00269105,
       0.04833547, 0.0847682 ]), 'ST_conf': array([0.05063632, 0.01045548, 0.02166483, 0.00689139, 0.00101684,
       0.00740115, 0.00955575]), 'S2': array([[        nan, -0.03636582, -0.00924828, -0.01752845, -0.02435958,
        -0.02415258, -0.00738524],
       [        nan,         nan, -0.00727191, -0.0068579 , -0.00809992,
        -0.00768592, -0.01265402],
       [        nan,         nan,         nan, -0.00161589, -0.0022369 ,
        -0.00306492, -0.00927504],
       [        nan,         nan,         nan,         nan,  0.00122038,
         0.00556747, -0.00250569],
       [        nan,         nan,         nan,         nan,         nan,
        -0.00243564, -0.00222864],
       [        nan,         nan,         nan,         nan,         nan,
                nan, -0.01323291],
       [        nan,         nan,         nan,         nan,         nan,
                nan,         nan]]), 'S2_conf': array([[       nan, 0.09559315, 0.11227988, 0.09559187, 0.09360258,
        0.09536264, 0.10559874],
       [       nan,        nan, 0.02874918, 0.02829695, 0.02689407,
        0.0275395 , 0.03086166],
       [       nan,        nan,        nan, 0.04763701, 0.04772213,
        0.04870491, 0.04922036],
       [       nan,        nan,        nan,        nan, 0.02318092,
        0.02316007, 0.02382111],
       [       nan,        nan,        nan,        nan,        nan,
        0.00540859, 0.00554201],
       [       nan,        nan,        nan,        nan,        nan,
               nan, 0.02285577],
       [       nan,        nan,        nan,        nan,        nan,
               nan,        nan]])}, {'S1': array([ 4.59377136e-01,  5.53189412e-02,  1.24841695e-01,  1.03364604e-01,
       -4.35039137e-04,  2.53876715e-02,  1.97416510e-01]), 'S1_conf': array([0.05540345, 0.02408416, 0.03481877, 0.02648678, 0.00521745,
       0.01730382, 0.03525568]), 'ST': array([0.54646879, 0.0928044 , 0.19109835, 0.13962091, 0.00383232,
       0.05696699, 0.22538212]), 'ST_conf': array([0.04077229, 0.01314442, 0.0199171 , 0.01392089, 0.00120949,
       0.00673653, 0.01969546]), 'S2': array([[        nan, -0.01199174,  0.00085173, -0.0169634 , -0.00681292,
        -0.01282035, -0.02814965],
       [        nan,         nan, -0.0225635 , -0.0190419 , -0.01324163,
        -0.01489885, -0.01883475],
       [        nan,         nan,         nan, -0.01192733, -0.0050913 ,
        -0.01068442, -0.01379171],
       [        nan,         nan,         nan,         nan, -0.01406565,
        -0.01924447, -0.03084502],
       [        nan,         nan,         nan,         nan,         nan,
        -0.0009598 ,  0.00069742],
       [        nan,         nan,         nan,         nan,         nan,
                nan, -0.006401  ],
       [        nan,         nan,         nan,         nan,         nan,
                nan,         nan]]), 'S2_conf': array([[       nan, 0.07634416, 0.08509995, 0.07809118, 0.07425488,
        0.07638001, 0.07943953],
       [       nan,        nan, 0.0343452 , 0.03554589, 0.03228998,
        0.03318555, 0.03459263],
       [       nan,        nan,        nan, 0.04576407, 0.04178496,
        0.04376401, 0.04735338],
       [       nan,        nan,        nan,        nan, 0.03719557,
        0.03826822, 0.04091712],
       [       nan,        nan,        nan,        nan,        nan,
        0.00718383, 0.00731614],
       [       nan,        nan,        nan,        nan,        nan,
               nan, 0.02540928],
       [       nan,        nan,        nan,        nan,        nan,
               nan,        nan]])}, {'S1': array([0.26610979, 0.06101304, 0.07792277, 0.19075924, 0.00764226,
       0.03129931, 0.33705103]), 'S1_conf': array([0.04491484, 0.02041585, 0.02653368, 0.03774583, 0.00689996,
       0.01773786, 0.04475988]), 'ST': array([0.35683519, 0.10721057, 0.16333039, 0.25522517, 0.00822938,
       0.05794857, 0.40438273]), 'ST_conf': array([0.03283531, 0.01255545, 0.01799544, 0.02469347, 0.00190958,
       0.00829199, 0.03309005]), 'S2': array([[        nan, -0.00780346,  0.01345578,  0.00019733, -0.00163143,
        -0.00963222, -0.01237534],
       [        nan,         nan, -0.01008591, -0.00117075,  0.000658  ,
        -0.00231372,  0.00865879],
       [        nan,         nan,         nan,  0.00893809,  0.00368042,
        -0.00317739,  0.00025151],
       [        nan,         nan,         nan,         nan, -0.0062707 ,
        -0.00672789, -0.0026132 ],
       [        nan,         nan,         nan,         nan,         nan,
        -0.00661602, -0.0036443 ],
       [        nan,         nan,         nan,         nan,         nan,
                nan, -0.0065125 ],
       [        nan,         nan,         nan,         nan,         nan,
                nan,         nan]]), 'S2_conf': array([[       nan, 0.06085677, 0.05849089, 0.0604724 , 0.05758493,
        0.05908649, 0.06901207],
       [       nan,        nan, 0.03089287, 0.03534431, 0.0332635 ,
        0.03278508, 0.03254189],
       [       nan,        nan,        nan, 0.0465885 , 0.04319963,
        0.04255592, 0.04613036],
       [       nan,        nan,        nan,        nan, 0.05124576,
        0.05152141, 0.05278119],
       [       nan,        nan,        nan,        nan,        nan,
        0.01025426, 0.01008466],
       [       nan,        nan,        nan,        nan,        nan,
               nan, 0.0258951 ],
       [       nan,        nan,        nan,        nan,        nan,
               nan,        nan]])}]
------------
{'S1': array([0.48085049, 0.07169689, 0.31872556, 0.01986222, 0.003296  ,
       0.04958012, 0.03299517]), 'S1_conf': array([0.05488452, 0.02495923, 0.04424124, 0.01130857, 0.0051151 ,
       0.01665314, 0.01701551]), 'ST': array([0.50011169, 0.08005461, 0.35017856, 0.02470179, 0.00541867,
       0.06185247, 0.04552121]), 'ST_conf': array([0.03779059, 0.00780983, 0.02959176, 0.00269245, 0.00070572,
       0.00598901, 0.00467092]), 'S2': array([[        nan, -0.00986592,  0.00941719, -0.00488478, -0.00745454,
        -0.00479767, -0.00074703],
       [        nan,         nan, -0.00658049, -0.00545202, -0.00541638,
        -0.00555892, -0.00319902],
       [        nan,         nan,         nan,  0.01505955,  0.01383604,
         0.01466755,  0.01387168],
       [        nan,         nan,         nan,         nan, -0.00640598,
        -0.00576849, -0.00585956],
       [        nan,         nan,         nan,         nan,         nan,
        -0.00076049, -0.00099806],
       [        nan,         nan,         nan,         nan,         nan,
                nan,  0.00155392],
       [        nan,         nan,         nan,         nan,         nan,
                nan,         nan]]), 'S2_conf': array([[       nan, 0.09096971, 0.10846322, 0.09179557, 0.09316251,
        0.09735487, 0.09348689],
       [       nan,        nan, 0.03899081, 0.03206256, 0.03176499,
        0.03311863, 0.03277004],
       [       nan,        nan,        nan, 0.06116863, 0.05945277,
        0.05948037, 0.05986093],
       [       nan,        nan,        nan,        nan, 0.01702221,
        0.01718759, 0.01702802],
       [       nan,        nan,        nan,        nan,        nan,
        0.00756199, 0.00704044],
       [       nan,        nan,        nan,        nan,        nan,
               nan, 0.02229031],
       [       nan,        nan,        nan,        nan,        nan,
               nan,        nan]])}
------------
{'S1': array([0.11466315, 0.03766175, 0.05003007, 0.3088462 , 0.00152107,
       0.01948455, 0.45397184]), 'S1_conf': array([0.02443425, 0.0136067 , 0.01671699, 0.04224071, 0.00198813,
       0.01060213, 0.05851669]), 'ST': array([0.12188185, 0.04312006, 0.05107208, 0.32674311, 0.00071013,
       0.02356529, 0.47082178]), 'ST_conf': array([0.01323138, 0.00463054, 0.00514545, 0.02843999, 0.00010697,
       0.00232047, 0.03637676]), 'S2': array([[        nan, -0.00237905, -0.00319013, -0.0008449 , -0.00254126,
        -0.00286915,  0.00079624],
       [        nan,         nan,  0.00244144, -0.00141722,  0.00185816,
         0.00166488,  0.00350792],
       [        nan,         nan,         nan, -0.00594189, -0.00508249,
        -0.0056002 , -0.00365706],
       [        nan,         nan,         nan,         nan, -0.00543184,
        -0.00201496,  0.00433217],
       [        nan,         nan,         nan,         nan,         nan,
        -0.0017026 , -0.00176991],
       [        nan,         nan,         nan,         nan,         nan,
                nan,  0.0017399 ],
       [        nan,         nan,         nan,         nan,         nan,
                nan,         nan]]), 'S2_conf': array([[       nan, 0.03222601, 0.03295875, 0.03634258, 0.03130187,
        0.03115985, 0.0381895 ],
       [       nan,        nan, 0.02108077, 0.02375835, 0.0210648 ,
        0.02115809, 0.02247568],
       [       nan,        nan,        nan, 0.02785144, 0.02571663,
        0.02622049, 0.02931833],
       [       nan,        nan,        nan,        nan, 0.06344528,
        0.06274056, 0.07986206],
       [       nan,        nan,        nan,        nan,        nan,
        0.00261354, 0.00317266],
       [       nan,        nan,        nan,        nan,        nan,
               nan, 0.02000573],
       [       nan,        nan,        nan,        nan,        nan,
               nan,        nan]])}
------------
{'S1': array([nan, nan, nan, nan, nan, nan, nan]), 'S1_conf': array([nan, nan, nan, nan, nan, nan, nan]), 'ST': array([nan, nan, nan, nan, nan, nan, nan]), 'ST_conf': array([nan, nan, nan, nan, nan, nan, nan]), 'S2': array([[nan, nan, nan, nan, nan, nan, nan],
       [nan, nan, nan, nan, nan, nan, nan],
       [nan, nan, nan, nan, nan, nan, nan],
       [nan, nan, nan, nan, nan, nan, nan],
       [nan, nan, nan, nan, nan, nan, nan],
       [nan, nan, nan, nan, nan, nan, nan],
       [nan, nan, nan, nan, nan, nan, nan]]), 'S2_conf': array([[nan, nan, nan, nan, nan, nan, nan],
       [nan, nan, nan, nan, nan, nan, nan],
       [nan, nan, nan, nan, nan, nan, nan],
       [nan, nan, nan, nan, nan, nan, nan],
       [nan, nan, nan, nan, nan, nan, nan],
       [nan, nan, nan, nan, nan, nan, nan],
       [nan, nan, nan, nan, nan, nan, nan]])}
------------
