[{'S1': array([0.10129591, 0.6451584 , 0.07055196, 0.02234586, 0.00388888,
       0.01593582, 0.05797247]), 'S1_conf': array([0.03456561, 0.06723672, 0.03233716, 0.02957171, 0.00871449,
       0.02574663, 0.03146688]), 'ST': array([0.2284557 , 0.8109766 , 0.18619053, 0.15096956, 0.01574303,
       0.13162553, 0.16807552]), 'ST_conf': array([0.02081417, 0.05338595, 0.0185582 , 0.01494503, 0.00282613,
       0.01311729, 0.01644025]), 'S2': array([[        nan, -0.01765227, -0.02850789, -0.01555767, -0.01535681,
        -0.02449083, -0.02700627],
       [        nan,         nan, -0.00243073, -0.01031181, -0.00705034,
        -0.01101957, -0.01421409],
       [        nan,         nan,         nan, -0.0218271 , -0.03039682,
        -0.03138195, -0.03069332],
       [        nan,         nan,         nan,         nan, -0.01209085,
        -0.01840336, -0.02296559],
       [        nan,         nan,         nan,         nan,         nan,
         0.00454863,  0.004233  ],
       [        nan,         nan,         nan,         nan,         nan,
                nan, -0.03154709],
       [        nan,         nan,         nan,         nan,         nan,
                nan,         nan]]), 'S2_conf': array([[       nan, 0.05553319, 0.05111734, 0.05391682, 0.04989908,
        0.05121847, 0.05170332],
       [       nan,        nan, 0.08428007, 0.08028975, 0.08436053,
        0.0827701 , 0.07989865],
       [       nan,        nan,        nan, 0.04891347, 0.04658264,
        0.04760312, 0.04768704],
       [       nan,        nan,        nan,        nan, 0.03991882,
        0.04221407, 0.04402233],
       [       nan,        nan,        nan,        nan,        nan,
        0.01404323, 0.01401339],
       [       nan,        nan,        nan,        nan,        nan,
               nan, 0.03779009],
       [       nan,        nan,        nan,        nan,        nan,
               nan,        nan]])}, {'S1': array([ 0.04147949,  0.68535907,  0.04551103, -0.00116472, -0.00163312,
       -0.01280396,  0.03729173]), 'S1_conf': array([0.0293993 , 0.06810178, 0.02842694, 0.02437484, 0.00834388,
       0.02145531, 0.02928978]), 'ST': array([0.15472212, 0.81728557, 0.15142017, 0.12423598, 0.01462632,
       0.08709376, 0.14349738]), 'ST_conf': array([0.01563396, 0.0576165 , 0.01314248, 0.01182503, 0.00303924,
       0.00913432, 0.014575  ]), 'S2': array([[       nan, 0.0230137 , 0.00423622, 0.01517631, 0.00342022,
        0.00933147, 0.00999566],
       [       nan,        nan, 0.00379539, 0.02222181, 0.00173641,
        0.00785641, 0.02087446],
       [       nan,        nan,        nan, 0.01121699, 0.00800992,
        0.00663411, 0.0047649 ],
       [       nan,        nan,        nan,        nan, 0.03123159,
        0.02390656, 0.02882154],
       [       nan,        nan,        nan,        nan,        nan,
        0.00531258, 0.00725769],
       [       nan,        nan,        nan,        nan,        nan,
               nan, 0.02018073],
       [       nan,        nan,        nan,        nan,        nan,
               nan,        nan]]), 'S2_conf': array([[       nan, 0.04185097, 0.04064958, 0.04358385, 0.04061515,
        0.04174263, 0.04321032],
       [       nan,        nan, 0.10743545, 0.10199316, 0.10247925,
        0.0992795 , 0.10533645],
       [       nan,        nan,        nan, 0.04102624, 0.03731019,
        0.03948018, 0.04253194],
       [       nan,        nan,        nan,        nan, 0.03713793,
        0.0360807 , 0.03780226],
       [       nan,        nan,        nan,        nan,        nan,
        0.01171262, 0.0129287 ],
       [       nan,        nan,        nan,        nan,        nan,
               nan, 0.03449693],
       [       nan,        nan,        nan,        nan,        nan,
               nan,        nan]])}, {'S1': array([ 0.04835303,  0.64476016,  0.0360172 ,  0.0691762 ,  0.0012576 ,
       -0.00196498,  0.11942134]), 'S1_conf': array([0.02712948, 0.07603575, 0.02827653, 0.03210858, 0.0074416 ,
       0.01895582, 0.03643967]), 'ST': array([0.12155494, 0.75021946, 0.13038053, 0.16370185, 0.01120727,
       0.07112222, 0.19435213]), 'ST_conf': array([0.01638381, 0.0573668 , 0.0165179 , 0.01666113, 0.00281704,
       0.00954853, 0.02196974]), 'S2': array([[        nan, -0.01273189, -0.03440076, -0.02344947, -0.03243086,
        -0.03156277, -0.02459579],
       [        nan,         nan, -0.00055895, -0.00437633, -0.0237303 ,
        -0.02532179, -0.00887259],
       [        nan,         nan,         nan,  0.00116275, -0.00365626,
         0.00127405,  0.00047273],
       [        nan,         nan,         nan,         nan,  0.00097128,
         0.00048159,  0.00722598],
       [        nan,         nan,         nan,         nan,         nan,
         0.00181215,  0.00209039],
       [        nan,         nan,         nan,         nan,         nan,
                nan, -0.00204616],
       [        nan,         nan,         nan,         nan,         nan,
                nan,         nan]]), 'S2_conf': array([[       nan, 0.0388445 , 0.04011743, 0.04410793, 0.04066152,
        0.0411147 , 0.04083402],
       [       nan,        nan, 0.13245164, 0.12624791, 0.1223383 ,
        0.12251265, 0.12629107],
       [       nan,        nan,        nan, 0.03652998, 0.03595436,
        0.03416269, 0.03906597],
       [       nan,        nan,        nan,        nan, 0.04396044,
        0.04446343, 0.04546738],
       [       nan,        nan,        nan,        nan,        nan,
        0.01073814, 0.01097104],
       [       nan,        nan,        nan,        nan,        nan,
               nan, 0.02545225],
       [       nan,        nan,        nan,        nan,        nan,
               nan,        nan]])}, {'S1': array([ 0.0160763 ,  0.4605063 ,  0.03997103,  0.12859198, -0.00333993,
       -0.02019853,  0.18716895]), 'S1_conf': array([0.01815709, 0.08069772, 0.02576732, 0.04328015, 0.00842317,
       0.01598598, 0.04127548]), 'ST': array([0.07959152, 0.56284069, 0.10440217, 0.22782848, 0.01100374,
       0.0405488 , 0.28112489]), 'ST_conf': array([0.01585329, 0.06090526, 0.01810029, 0.02587529, 0.00344193,
       0.00695047, 0.02810266]), 'S2': array([[        nan,  0.02438071,  0.02187298,  0.02910792,  0.0235448 ,
         0.02355921,  0.03070768],
       [        nan,         nan,  0.02477141,  0.03369257,  0.00776498,
         0.01146892,  0.04019249],
       [        nan,         nan,         nan,  0.00858804,  0.00148281,
         0.0008775 , -0.00455591],
       [        nan,         nan,         nan,         nan,  0.02872398,
         0.03809193,  0.03409974],
       [        nan,         nan,         nan,         nan,         nan,
         0.00934233,  0.01329128],
       [        nan,         nan,         nan,         nan,         nan,
                nan,  0.03097896],
       [        nan,         nan,         nan,         nan,         nan,
                nan,         nan]]), 'S2_conf': array([[       nan, 0.04400078, 0.02735833, 0.02851991, 0.02739386,
        0.02697975, 0.03093586],
       [       nan,        nan, 0.13154468, 0.13351256, 0.13659541,
        0.13539531, 0.1339055 ],
       [       nan,        nan,        nan, 0.03875811, 0.03588393,
        0.03658016, 0.0392384 ],
       [       nan,        nan,        nan,        nan, 0.05884202,
        0.05862505, 0.0614822 ],
       [       nan,        nan,        nan,        nan,        nan,
        0.01181813, 0.01228031],
       [       nan,        nan,        nan,        nan,        nan,
               nan, 0.02150378],
       [       nan,        nan,        nan,        nan,        nan,
               nan,        nan]])}, {'S1': array([ 0.01411629,  0.15206329,  0.02814611,  0.30492592,  0.00379824,
       -0.0030596 ,  0.42676497]), 'S1_conf': array([0.0174153 , 0.04045067, 0.01838842, 0.04378014, 0.00470062,
       0.01018465, 0.05222552]), 'ST': array([0.04906743, 0.2046946 , 0.06818663, 0.33734765, 0.0042798 ,
       0.02294304, 0.46272607]), 'ST_conf': array([0.00947928, 0.03172718, 0.01008984, 0.03385989, 0.00162102,
       0.00448239, 0.0413129 ]), 'S2': array([[        nan,  0.004919  ,  0.00442159,  0.00452521,  0.00307444,
         0.00089827, -0.00335044],
       [        nan,         nan,  0.00246074, -0.00377761,  0.00024312,
        -0.00274134,  0.00646074],
       [        nan,         nan,         nan,  0.00827691,  0.0064738 ,
         0.00404893, -0.00169201],
       [        nan,         nan,         nan,         nan, -0.01021496,
        -0.00551029, -0.00196624],
       [        nan,         nan,         nan,         nan,         nan,
        -0.00602931, -0.00930393],
       [        nan,         nan,         nan,         nan,         nan,
                nan,  0.01107544],
       [        nan,         nan,         nan,         nan,         nan,
                nan,         nan]]), 'S2_conf': array([[       nan, 0.02445782, 0.02355705, 0.02667676, 0.02311583,
        0.02338571, 0.02804313],
       [       nan,        nan, 0.05236858, 0.0603532 , 0.05515673,
        0.05566324, 0.06353007],
       [       nan,        nan,        nan, 0.02635847, 0.02549145,
        0.02569618, 0.02979594],
       [       nan,        nan,        nan,        nan, 0.06114933,
        0.06130144, 0.07726326],
       [       nan,        nan,        nan,        nan,        nan,
        0.00554558, 0.00790089],
       [       nan,        nan,        nan,        nan,        nan,
               nan, 0.01629311],
       [       nan,        nan,        nan,        nan,        nan,
               nan,        nan]])}, {'S1': array([0.0281765 , 0.14491329, 0.04488619, 0.28408339, 0.00168552,
       0.00525297, 0.44119597]), 'S1_conf': array([0.01493149, 0.03315916, 0.01988416, 0.04389097, 0.0047117 ,
       0.01000404, 0.06505331]), 'ST': array([0.04163491, 0.17542947, 0.07629999, 0.33473627, 0.00294574,
       0.0207517 , 0.48996637]), 'ST_conf': array([0.00613162, 0.01759724, 0.00915306, 0.02836529, 0.00057874,
       0.00284593, 0.04181989]), 'S2': array([[            nan, -1.35132640e-02, -1.42496995e-02,
        -7.67438193e-03, -1.36184690e-02, -1.35132640e-02,
        -6.83274128e-03],
       [            nan,             nan,  6.15449727e-05,
         2.53386439e-03, -7.98664376e-03, -1.09323860e-02,
         4.16454315e-03],
       [            nan,             nan,             nan,
         2.88419731e-03, -1.79742882e-03,  3.59275353e-04,
         1.16162191e-02],
       [            nan,             nan,             nan,
                    nan, -7.90829885e-03, -3.85790322e-03,
         5.24233634e-03],
       [            nan,             nan,             nan,
                    nan,             nan,  9.21103365e-04,
        -2.81367703e-03],
       [            nan,             nan,             nan,
                    nan,             nan,             nan,
         3.13322103e-03],
       [            nan,             nan,             nan,
                    nan,             nan,             nan,
                    nan]]), 'S2_conf': array([[       nan, 0.02537326, 0.02416102, 0.02356877, 0.02316028,
        0.02296423, 0.02429783],
       [       nan,        nan, 0.04675008, 0.05298408, 0.04371398,
        0.04479647, 0.05568834],
       [       nan,        nan,        nan, 0.03242415, 0.02730731,
        0.02781202, 0.03176126],
       [       nan,        nan,        nan,        nan, 0.06674199,
        0.06693051, 0.08395803],
       [       nan,        nan,        nan,        nan,        nan,
        0.0060479 , 0.00636141],
       [       nan,        nan,        nan,        nan,        nan,
               nan, 0.01593818],
       [       nan,        nan,        nan,        nan,        nan,
               nan,        nan]])}, {'S1': array([0.04572945, 0.1760756 , 0.10672808, 0.20968696, 0.00316086,
       0.00944938, 0.35348605]), 'S1_conf': array([0.02084819, 0.04038542, 0.03609873, 0.03449368, 0.0044865 ,
       0.0163098 , 0.05229444]), 'ST': array([0.08236593, 0.26340497, 0.18255258, 0.26150084, 0.00385709,
       0.03656911, 0.40020955]), 'ST_conf': array([0.01237906, 0.02905263, 0.02432239, 0.02287636, 0.00092238,
       0.00547865, 0.03968289]), 'S2': array([[        nan, -0.01037117, -0.00617232, -0.01603475, -0.01642534,
        -0.01310531, -0.02072184],
       [        nan,         nan,  0.02233401,  0.00055855,  0.00075384,
         0.00446446, -0.01652982],
       [        nan,         nan,         nan, -0.01403394, -0.01530336,
        -0.01471748, -0.01754926],
       [        nan,         nan,         nan,         nan, -0.02210161,
        -0.02102748,  0.00689979],
       [        nan,         nan,         nan,         nan,         nan,
        -0.00668497, -0.00522025],
       [        nan,         nan,         nan,         nan,         nan,
                nan,  0.00606588],
       [        nan,         nan,         nan,         nan,         nan,
                nan,         nan]]), 'S2_conf': array([[       nan, 0.03430952, 0.03061255, 0.03269863, 0.02992837,
        0.03058006, 0.0336986 ],
       [       nan,        nan, 0.06214305, 0.06734372, 0.05905242,
        0.05908173, 0.06649177],
       [       nan,        nan,        nan, 0.0483579 , 0.04962559,
        0.04894099, 0.0565818 ],
       [       nan,        nan,        nan,        nan, 0.05618526,
        0.05428614, 0.06865203],
       [       nan,        nan,        nan,        nan,        nan,
        0.00620787, 0.00694706],
       [       nan,        nan,        nan,        nan,        nan,
               nan, 0.02332263],
       [       nan,        nan,        nan,        nan,        nan,
               nan,        nan]])}, {'S1': array([0.09591694, 0.23894731, 0.1865145 , 0.14055088, 0.00040764,
       0.00982411, 0.18686197]), 'S1_conf': array([0.03191471, 0.0413875 , 0.04934182, 0.03332754, 0.00881439,
       0.01543086, 0.03570921]), 'ST': array([0.18050377, 0.34790062, 0.29567941, 0.20258942, 0.00887554,
       0.04324247, 0.25315937]), 'ST_conf': array([0.02346838, 0.03284069, 0.03489996, 0.02278598, 0.00236484,
       0.00774401, 0.02418707]), 'S2': array([[        nan,  0.01653594,  0.02974605,  0.00848603,  0.01405905,
         0.01055011,  0.01199497],
       [        nan,         nan,  0.04241523,  0.0234257 ,  0.02734745,
         0.02631541,  0.02548978],
       [        nan,         nan,         nan,  0.0206874 ,  0.00520681,
         0.01655924,  0.01697206],
       [        nan,         nan,         nan,         nan, -0.00142673,
        -0.00225236,  0.01714999],
       [        nan,         nan,         nan,         nan,         nan,
        -0.00336011, -0.00253448],
       [        nan,         nan,         nan,         nan,         nan,
                nan,  0.00256037],
       [        nan,         nan,         nan,         nan,         nan,
                nan,         nan]]), 'S2_conf': array([[       nan, 0.04677816, 0.05148999, 0.05001965, 0.04537286,
        0.04616987, 0.05245734],
       [       nan,        nan, 0.06880635, 0.07220976, 0.06049846,
        0.06003808, 0.07065661],
       [       nan,        nan,        nan, 0.06874279, 0.0691926 ,
        0.07032594, 0.07281382],
       [       nan,        nan,        nan,        nan, 0.05209034,
        0.05317041, 0.06243129],
       [       nan,        nan,        nan,        nan,        nan,
        0.01071143, 0.01123152],
       [       nan,        nan,        nan,        nan,        nan,
               nan, 0.02459045],
       [       nan,        nan,        nan,        nan,        nan,
               nan,        nan]])}, {'S1': array([ 0.10076555,  0.13979881,  0.17918224,  0.11769713, -0.0041608 ,
        0.00177143,  0.13662672]), 'S1_conf': array([0.03595244, 0.0460574 , 0.05034699, 0.03998481, 0.0120135 ,
       0.02166707, 0.05624068]), 'ST': array([0.28474714, 0.30485081, 0.40372135, 0.28474714, 0.02175152,
       0.07250506, 0.30155513]), 'ST_conf': array([0.04822087, 0.04014125, 0.04933965, 0.04550557, 0.0053911 ,
       0.01283589, 0.0437952 ]), 'S2': array([[        nan, -0.02784853,  0.02224587, -0.02587112, -0.02059803,
        -0.01202925, -0.01202925],
       [        nan,         nan,  0.01637543,  0.01176147, -0.00933091,
         0.00385183, -0.01064918],
       [        nan,         nan,         nan, -0.00232758, -0.00430499,
        -0.00298671,  0.01415085],
       [        nan,         nan,         nan,         nan, -0.0051701 ,
        -0.00055615,  0.02844588],
       [        nan,         nan,         nan,         nan,         nan,
         0.0051907 ,  0.00716811],
       [        nan,         nan,         nan,         nan,         nan,
                nan,  0.01890899],
       [        nan,         nan,         nan,         nan,         nan,
                nan,         nan]]), 'S2_conf': array([[       nan, 0.05516668, 0.06444568, 0.0516422 , 0.04937828,
        0.05074224, 0.06222762],
       [       nan,        nan, 0.06663176, 0.06993095, 0.05893603,
        0.06217854, 0.06071476],
       [       nan,        nan,        nan, 0.07676853, 0.06441626,
        0.06830868, 0.08235217],
       [       nan,        nan,        nan,        nan, 0.04461708,
        0.04762139, 0.05458753],
       [       nan,        nan,        nan,        nan,        nan,
        0.01601722, 0.01586994],
       [       nan,        nan,        nan,        nan,        nan,
               nan, 0.03232157],
       [       nan,        nan,        nan,        nan,        nan,
               nan,        nan]])}, {'S1': array([0.20611959, 0.01422732, 0.34303401, 0.1745977 , 0.00070055,
       0.03089925, 0.13400764]), 'S1_conf': array([0.03763454, 0.02102994, 0.0558066 , 0.04061028, 0.014541  ,
       0.02356255, 0.04249596]), 'ST': array([0.28700289, 0.10005817, 0.45546111, 0.2696718 , 0.03928381,
       0.09405006, 0.238938  ]), 'ST_conf': array([0.03036912, 0.01144497, 0.04060464, 0.03227287, 0.0082267 ,
       0.0140053 , 0.02784768]), 'S2': array([[        nan, -0.0248814 , -0.03551114, -0.03088952, -0.03689763,
        -0.032276  , -0.0100922 ],
       [        nan,         nan, -0.02371382, -0.01585706, -0.02325166,
        -0.02417599, -0.00753814],
       [        nan,         nan,         nan, -0.02646732, -0.01861056,
        -0.02646732, -0.03802138],
       [        nan,         nan,         nan,         nan, -0.02693922,
        -0.03156085, -0.01723381],
       [        nan,         nan,         nan,         nan,         nan,
         0.00912406,  0.01051054],
       [        nan,         nan,         nan,         nan,         nan,
                nan, -0.00176841],
       [        nan,         nan,         nan,         nan,         nan,
                nan,         nan]]), 'S2_conf': array([[       nan, 0.05937357, 0.06681621, 0.06099866, 0.05701207,
        0.0619642 , 0.05985788],
       [       nan,        nan, 0.03113347, 0.03218403, 0.02960241,
        0.03094062, 0.02894098],
       [       nan,        nan,        nan, 0.07693845, 0.07200976,
        0.07497053, 0.074406  ],
       [       nan,        nan,        nan,        nan, 0.05267977,
        0.05316695, 0.0570904 ],
       [       nan,        nan,        nan,        nan,        nan,
        0.01841643, 0.0184935 ],
       [       nan,        nan,        nan,        nan,        nan,
               nan, 0.03361199],
       [       nan,        nan,        nan,        nan,        nan,
               nan,        nan]])}, {'S1': array([0.21772928, 0.06624814, 0.22416764, 0.10731502, 0.01217891,
       0.00470124, 0.12976188]), 'S1_conf': array([0.04546389, 0.03488415, 0.05242309, 0.03330553, 0.01346286,
       0.01935484, 0.03918371]), 'ST': array([0.37747254, 0.1684747 , 0.42091763, 0.24229292, 0.0344485 ,
       0.06659018, 0.24852134]), 'ST_conf': array([0.042683  , 0.02439194, 0.04673177, 0.03009577, 0.00706732,
       0.01238933, 0.03187589]), 'S2': array([[        nan, -0.01863732,  0.03826423, -0.00279716, -0.02878732,
        -0.01971383, -0.03493884],
       [        nan,         nan, -0.00547156, -0.01162307, -0.00885489,
        -0.00639428, -0.0190049 ],
       [        nan,         nan,         nan,  0.02272341,  0.00657567,
         0.00949764,  0.02287719],
       [        nan,         nan,         nan,         nan,  0.00968452,
         0.01660498,  0.00507088],
       [        nan,         nan,         nan,         nan,         nan,
         0.00584326, -0.00384539],
       [        nan,         nan,         nan,         nan,         nan,
                nan,  0.02060896],
       [        nan,         nan,         nan,         nan,         nan,
                nan,         nan]]), 'S2_conf': array([[       nan, 0.06313928, 0.07742136, 0.06834458, 0.06078542,
        0.05893545, 0.05798637],
       [       nan,        nan, 0.05492139, 0.0521845 , 0.04834896,
        0.04834818, 0.04627822],
       [       nan,        nan,        nan, 0.07413309, 0.07314683,
        0.07479421, 0.0758934 ],
       [       nan,        nan,        nan,        nan, 0.0494451 ,
        0.04684817, 0.04888512],
       [       nan,        nan,        nan,        nan,        nan,
        0.01715708, 0.02115216],
       [       nan,        nan,        nan,        nan,        nan,
               nan, 0.02718349],
       [       nan,        nan,        nan,        nan,        nan,
               nan,        nan]])}, {'S1': array([0.17005008, 0.22212926, 0.1675288 , 0.083925  , 0.0133508 ,
       0.01123728, 0.11198448]), 'S1_conf': array([0.04515876, 0.05814298, 0.04204686, 0.0338796 , 0.01417386,
       0.01948316, 0.03899318]), 'ST': array([0.30898725, 0.4137979 , 0.32643507, 0.19427712, 0.03749425,
       0.06199544, 0.22422303]), 'ST_conf': array([0.04169465, 0.05663706, 0.03947738, 0.02608178, 0.00669873,
       0.01098961, 0.03170136]), 'S2': array([[            nan,  9.67864460e-03,  2.05680630e-02,
         8.93618425e-03, -3.19066810e-03,  5.47136929e-03,
        -1.30901394e-02],
       [            nan,             nan,  2.07336472e-04,
        -2.02004457e-03, -1.83541722e-02, -1.88491458e-02,
        -4.49491240e-03],
       [            nan,             nan,             nan,
         2.51469773e-03, -1.10970753e-02, -7.02630444e-04,
         5.97951269e-03],
       [            nan,             nan,             nan,
                    nan, -2.20762630e-03, -3.69254699e-03,
        -1.92842143e-02],
       [            nan,             nan,             nan,
                    nan,             nan, -8.82922356e-03,
        -8.08676321e-03],
       [            nan,             nan,             nan,
                    nan,             nan,             nan,
        -3.35653949e-05],
       [            nan,             nan,             nan,
                    nan,             nan,             nan,
                    nan]]), 'S2_conf': array([[       nan, 0.07158931, 0.07568077, 0.07314204, 0.06312818,
        0.06128246, 0.0641544 ],
       [       nan,        nan, 0.07802794, 0.0680288 , 0.0683807 ,
        0.07088646, 0.08193341],
       [       nan,        nan,        nan, 0.06541246, 0.05731174,
        0.05731809, 0.05837349],
       [       nan,        nan,        nan,        nan, 0.0452876 ,
        0.04449072, 0.0503811 ],
       [       nan,        nan,        nan,        nan,        nan,
        0.01934638, 0.02190446],
       [       nan,        nan,        nan,        nan,        nan,
               nan, 0.02523761],
       [       nan,        nan,        nan,        nan,        nan,
               nan,        nan]])}, {'S1': array([0.08893065, 0.37910265, 0.17511494, 0.06926117, 0.00206837,
       0.03151238, 0.10725198]), 'S1_conf': array([0.03445825, 0.05579728, 0.03793532, 0.03938383, 0.0141061 ,
       0.02600623, 0.03733209]), 'ST': array([0.20257973, 0.51018236, 0.30436733, 0.1645027 , 0.04106346,
       0.11746638, 0.21278337]), 'ST_conf': array([0.02662004, 0.05031366, 0.0359563 , 0.02363526, 0.00794745,
       0.01978297, 0.02993627]), 'S2': array([[            nan,  2.99378386e-02,  7.35053679e-05,
        -2.91292796e-03, -1.41971130e-03,  5.54863313e-03,
         2.56219981e-03],
       [            nan,             nan, -2.36357533e-02,
        -1.26854977e-02, -3.35905310e-02, -1.46764533e-02,
        -2.76176644e-02],
       [            nan,             nan,             nan,
        -6.29230836e-03, -2.31039726e-03, -2.31039726e-03,
        -2.07267361e-02],
       [            nan,             nan,             nan,
                    nan,  6.38341235e-03,  5.88567347e-03,
        -6.55779873e-03],
       [            nan,             nan,             nan,
                    nan,             nan,  5.06262666e-03,
        -9.10239991e-04],
       [            nan,             nan,             nan,
                    nan,             nan,             nan,
         6.06201524e-03],
       [            nan,             nan,             nan,
                    nan,             nan,             nan,
                    nan]]), 'S2_conf': array([[       nan, 0.05095484, 0.05336533, 0.04658674, 0.04390401,
        0.04761693, 0.04956869],
       [       nan,        nan, 0.08085465, 0.0800032 , 0.07422874,
        0.07535243, 0.08017627],
       [       nan,        nan,        nan, 0.05946828, 0.04912232,
        0.05045049, 0.05421287],
       [       nan,        nan,        nan,        nan, 0.06069337,
        0.06333815, 0.06364532],
       [       nan,        nan,        nan,        nan,        nan,
        0.01907246, 0.0201699 ],
       [       nan,        nan,        nan,        nan,        nan,
               nan, 0.04275114],
       [       nan,        nan,        nan,        nan,        nan,
               nan,        nan]])}, {'S1': array([0.08757222, 0.50212069, 0.11278822, 0.02938438, 0.00207711,
       0.04234977, 0.08377538]), 'S1_conf': array([0.03218057, 0.07710289, 0.0358516 , 0.02235724, 0.01064736,
       0.02973358, 0.02939928]), 'ST': array([0.18841944, 0.65644526, 0.25122592, 0.09790422, 0.02586149,
       0.10562908, 0.14391752]), 'ST_conf': array([0.02828023, 0.06359137, 0.03305031, 0.01566448, 0.00568627,
       0.0164719 , 0.01753893]), 'S2': array([[        nan, -0.00372074,  0.00803449, -0.00372074, -0.00506419,
        -0.00506419, -0.01110974],
       [        nan,         nan, -0.03028492, -0.01449933, -0.03297183,
        -0.02759801, -0.04405532],
       [        nan,         nan,         nan,  0.00674089,  0.00338225,
         0.00271052, -0.0016557 ],
       [        nan,         nan,         nan,         nan,  0.00657925,
         0.0126248 ,  0.01598343],
       [        nan,         nan,         nan,         nan,         nan,
         0.01035457,  0.00833939],
       [        nan,         nan,         nan,         nan,         nan,
                nan, -0.00179372],
       [        nan,         nan,         nan,         nan,         nan,
                nan,         nan]]), 'S2_conf': array([[       nan, 0.06111355, 0.06218747, 0.04718781, 0.04307776,
        0.04616737, 0.05125471],
       [       nan,        nan, 0.11566132, 0.09975286, 0.09724831,
        0.09767702, 0.10753935],
       [       nan,        nan,        nan, 0.06928791, 0.06435775,
        0.06871832, 0.06469524],
       [       nan,        nan,        nan,        nan, 0.0350657 ,
        0.03826098, 0.0367778 ],
       [       nan,        nan,        nan,        nan,        nan,
        0.01771742, 0.02095147],
       [       nan,        nan,        nan,        nan,        nan,
               nan, 0.04255932],
       [       nan,        nan,        nan,        nan,        nan,
               nan,        nan]])}, {'S1': array([0.08453998, 0.51949791, 0.10716723, 0.00803421, 0.00423245,
       0.04018836, 0.05079283]), 'S1_conf': array([0.03181996, 0.06813411, 0.0314135 , 0.01244182, 0.01186739,
       0.0268031 , 0.02431129]), 'ST': array([0.21021704, 0.64185058, 0.24850711, 0.0493382 , 0.02633388,
       0.12667506, 0.09277397]), 'ST_conf': array([0.02556748, 0.0617734 , 0.02971353, 0.00829057, 0.00600009,
       0.01728763, 0.01621548]), 'S2': array([[        nan,  0.02174167,  0.02597931,  0.01629328,  0.0081207 ,
         0.00690994,  0.01114758],
       [        nan,         nan, -0.00191645, -0.01644549, -0.0343041 ,
        -0.01523474, -0.02522345],
       [        nan,         nan,         nan,  0.02486887,  0.01972317,
         0.03031726,  0.00277263],
       [        nan,         nan,         nan,         nan,  0.01982349,
         0.02315306,  0.01165091],
       [        nan,         nan,         nan,         nan,         nan,
         0.00106719, -0.00135431],
       [        nan,         nan,         nan,         nan,         nan,
                nan,  0.01002677],
       [        nan,         nan,         nan,         nan,         nan,
                nan,         nan]]), 'S2_conf': array([[       nan, 0.05324695, 0.04721103, 0.0392683 , 0.03903989,
        0.03958849, 0.04170935],
       [       nan,        nan, 0.1026931 , 0.09891653, 0.09597373,
        0.09908253, 0.10040045],
       [       nan,        nan,        nan, 0.04940075, 0.04756304,
        0.05032118, 0.0506797 ],
       [       nan,        nan,        nan,        nan, 0.02334163,
        0.02318123, 0.02504154],
       [       nan,        nan,        nan,        nan,        nan,
        0.01643811, 0.0162168 ],
       [       nan,        nan,        nan,        nan,        nan,
               nan, 0.04441862],
       [       nan,        nan,        nan,        nan,        nan,
               nan,        nan]])}, {'S1': array([0.20778657, 0.41960642, 0.13952111, 0.00846654, 0.00114515,
       0.04820843, 0.04631425]), 'S1_conf': array([0.0440596 , 0.05739506, 0.0346188 , 0.01373424, 0.00848379,
       0.02572351, 0.02063855]), 'ST': array([0.3058216 , 0.5239217 , 0.23851388, 0.03495379, 0.01656213,
       0.12277158, 0.07549249]), 'ST_conf': array([0.03091399, 0.04330854, 0.02524652, 0.00487533, 0.00300882,
       0.01709481, 0.01030156]), 'S2': array([[        nan,  0.0398259 ,  0.0093978 , -0.00909015, -0.01390472,
        -0.00754949, -0.0152528 ],
       [        nan,         nan,  0.02427964,  0.01850216,  0.01638375,
         0.03024971,  0.02004282],
       [        nan,         nan,         nan,  0.01626808,  0.01318675,
         0.02589722,  0.0081796 ],
       [        nan,         nan,         nan,         nan,  0.00600558,
         0.00966465,  0.00542783],
       [        nan,         nan,         nan,         nan,         nan,
         0.0020693 , -0.0035156 ],
       [        nan,         nan,         nan,         nan,         nan,
                nan,  0.0093493 ],
       [        nan,         nan,         nan,         nan,         nan,
                nan,         nan]]), 'S2_conf': array([[       nan, 0.07208233, 0.07121276, 0.06019772, 0.06002776,
        0.06410817, 0.06149389],
       [       nan,        nan, 0.08228087, 0.08227719, 0.07891546,
        0.08619954, 0.08252255],
       [       nan,        nan,        nan, 0.04796838, 0.04750682,
        0.04930701, 0.05516082],
       [       nan,        nan,        nan,        nan, 0.01787579,
        0.01796387, 0.01892715],
       [       nan,        nan,        nan,        nan,        nan,
        0.01325528, 0.01266009],
       [       nan,        nan,        nan,        nan,        nan,
               nan, 0.03761565],
       [       nan,        nan,        nan,        nan,        nan,
               nan,        nan]])}, {'S1': array([ 3.32363149e-01,  4.07681395e-01,  8.67079653e-02, -3.26421054e-03,
       -2.91975410e-03,  4.56699940e-02, -2.67668921e-04]), 'S1_conf': array([0.04391208, 0.06095489, 0.02842116, 0.00961515, 0.00578818,
       0.02851382, 0.00851276]), 'ST': array([0.4334229 , 0.48769277, 0.15919609, 0.01385187, 0.00595563,
       0.10552847, 0.01726465]), 'ST_conf': array([0.04131576, 0.04348282, 0.02306433, 0.00242489, 0.00120426,
       0.01270839, 0.00260911]), 'S2': array([[        nan,  0.01637701,  0.01236198, -0.00704402, -0.00771319,
         0.00848078, -0.00570567],
       [        nan,         nan, -0.00303682,  0.00552858,  0.00606392,
         0.01101579,  0.00057671],
       [        nan,         nan,         nan, -0.00865003, -0.01025605,
         0.00125372, -0.00811469],
       [        nan,         nan,         nan,         nan, -0.00221219,
        -0.00207835, -0.00274753],
       [        nan,         nan,         nan,         nan,         nan,
         0.00513194,  0.00272292],
       [        nan,         nan,         nan,         nan,         nan,
                nan,  0.01525227],
       [        nan,         nan,         nan,         nan,         nan,
                nan,         nan]]), 'S2_conf': array([[       nan, 0.07849835, 0.07733265, 0.07012697, 0.06906072,
        0.0746735 , 0.07055807],
       [       nan,        nan, 0.07429306, 0.0737627 , 0.07464645,
        0.07863323, 0.07353604],
       [       nan,        nan,        nan, 0.04338092, 0.04453659,
        0.04606846, 0.04288034],
       [       nan,        nan,        nan,        nan, 0.01253291,
        0.01270842, 0.0124741 ],
       [       nan,        nan,        nan,        nan,        nan,
        0.00810816, 0.00791302],
       [       nan,        nan,        nan,        nan,        nan,
               nan, 0.03984292],
       [       nan,        nan,        nan,        nan,        nan,
               nan,        nan]])}, {'S1': array([ 0.5542869 ,  0.16435333,  0.10391116, -0.00085085,  0.00489966,
        0.0799926 ,  0.00576842]), 'S1_conf': array([0.06618631, 0.04041508, 0.03130947, 0.01369612, 0.00896479,
       0.03080888, 0.01455356]), 'ST': array([0.70348627, 0.25536188, 0.20945253, 0.02657163, 0.02444401,
       0.15484357, 0.0486989 ]), 'ST_conf': array([0.06343414, 0.02578993, 0.02998319, 0.00710583, 0.00652698,
       0.01581539, 0.00818877]), 'S2': array([[        nan,  0.04347476,  0.0278722 ,  0.00167881,  0.01170227,
         0.00527213,  0.01945627],
       [        nan,         nan, -0.05044939, -0.01924427, -0.02586354,
        -0.02501249, -0.03059159],
       [        nan,         nan,         nan,  0.00479294,  0.00365821,
        -0.0072163 , -0.00627069],
       [        nan,         nan,         nan,         nan,  0.00445034,
        -0.00197981,  0.00378841],
       [        nan,         nan,         nan,         nan,         nan,
        -0.00206303, -0.00414337],
       [        nan,         nan,         nan,         nan,         nan,
                nan, -0.01053788],
       [        nan,         nan,         nan,         nan,         nan,
                nan,         nan]]), 'S2_conf': array([[       nan, 0.12019977, 0.11057147, 0.11035949, 0.11414291,
        0.12095399, 0.11264533],
       [       nan,        nan, 0.0532905 , 0.05040425, 0.0478588 ,
        0.05140037, 0.04857623],
       [       nan,        nan,        nan, 0.04259927, 0.04509431,
        0.04952937, 0.04749275],
       [       nan,        nan,        nan,        nan, 0.02132832,
        0.02080185, 0.02089744],
       [       nan,        nan,        nan,        nan,        nan,
        0.01584177, 0.01555345],
       [       nan,        nan,        nan,        nan,        nan,
               nan, 0.04365012],
       [       nan,        nan,        nan,        nan,        nan,
               nan,        nan]])}, {'S1': array([ 0.53955591,  0.05049759,  0.14922865, -0.00499871, -0.00378101,
        0.06063054,  0.00206971]), 'S1_conf': array([0.06388116, 0.03520119, 0.03727644, 0.02691666, 0.01358054,
       0.03183438, 0.01876337]), 'ST': array([0.70834554, 0.19563547, 0.28748492, 0.09777331, 0.03850509,
       0.19495423, 0.06759124]), 'ST_conf': array([0.05970333, 0.02108585, 0.02951221, 0.01147245, 0.00887552,
       0.02301828, 0.01127763]), 'S2': array([[        nan,  0.01702166,  0.0137043 ,  0.01482983,  0.02424877,
         0.01939121,  0.00843206],
       [        nan,         nan,  0.01209923,  0.02489477,  0.01660136,
         0.00504984,  0.02501324],
       [        nan,         nan,         nan,  0.00196529,  0.01173966,
         0.00723753,  0.00777068],
       [        nan,         nan,         nan,         nan,  0.00897961,
         0.00418128,  0.0077356 ],
       [        nan,         nan,         nan,         nan,         nan,
         0.00455525, -0.00154633],
       [        nan,         nan,         nan,         nan,         nan,
                nan, -0.00510892],
       [        nan,         nan,         nan,         nan,         nan,
                nan,         nan]]), 'S2_conf': array([[       nan, 0.09197914, 0.10162076, 0.08928228, 0.09080613,
        0.09498012, 0.09256531],
       [       nan,        nan, 0.05104893, 0.04830476, 0.04866108,
        0.04873463, 0.05024958],
       [       nan,        nan,        nan, 0.05448846, 0.05505613,
        0.05513045, 0.05254217],
       [       nan,        nan,        nan,        nan, 0.03772825,
        0.03974834, 0.03878229],
       [       nan,        nan,        nan,        nan,        nan,
        0.02128699, 0.019774  ],
       [       nan,        nan,        nan,        nan,        nan,
               nan, 0.04813566],
       [       nan,        nan,        nan,        nan,        nan,
               nan,        nan]])}, {'S1': array([ 0.62883947,  0.05280884,  0.1486412 , -0.00941568, -0.00168495,
        0.01358183,  0.00247086]), 'S1_conf': array([0.06369158, 0.03717849, 0.03179895, 0.0172056 , 0.00602128,
       0.01765931, 0.01854074]), 'ST': array([0.74114462, 0.18168769, 0.25290356, 0.06003386, 0.00808911,
       0.07311918, 0.06233371]), 'ST_conf': array([0.05113776, 0.0183145 , 0.026489  , 0.00758422, 0.00206805,
       0.00895299, 0.00750939]), 'S2': array([[        nan,  0.0408632 , -0.00315106,  0.0008935 , -0.00410272,
         0.00636554,  0.00541388],
       [        nan,         nan,  0.01762938,  0.02635293,  0.01984992,
         0.03087331,  0.02706667],
       [        nan,         nan,         nan,  0.01531253,  0.01840542,
         0.00769925,  0.00190999],
       [        nan,         nan,         nan,         nan,  0.01250811,
         0.01956625,  0.01187367],
       [        nan,         nan,         nan,         nan,         nan,
         0.00149852,  0.00157783],
       [        nan,         nan,         nan,         nan,         nan,
                nan,  0.00858748],
       [        nan,         nan,         nan,         nan,         nan,
                nan,         nan]]), 'S2_conf': array([[       nan, 0.10072612, 0.09356028, 0.08685864, 0.08544735,
        0.08609794, 0.08931877],
       [       nan,        nan, 0.0527803 , 0.04677978, 0.04666947,
        0.0508483 , 0.04823873],
       [       nan,        nan,        nan, 0.04668726, 0.04764026,
        0.04783028, 0.04698617],
       [       nan,        nan,        nan,        nan, 0.02357726,
        0.02245058, 0.02382265],
       [       nan,        nan,        nan,        nan,        nan,
        0.00950419, 0.00985401],
       [       nan,        nan,        nan,        nan,        nan,
               nan, 0.02599575],
       [       nan,        nan,        nan,        nan,        nan,
               nan,        nan]])}, {'S1': array([0.44137513, 0.21796063, 0.13673469, 0.0105919 , 0.00363088,
       0.01204262, 0.05114374]), 'S1_conf': array([0.05644424, 0.04591134, 0.03676815, 0.02229439, 0.00571705,
       0.01821842, 0.01997902]), 'ST': array([0.55262536, 0.33741622, 0.2442023 , 0.0842557 , 0.00750554,
       0.06049825, 0.08782688]), 'ST_conf': array([0.04724217, 0.03367524, 0.0245405 , 0.01088321, 0.00221801,
       0.0079196 , 0.01029373]), 'S2': array([[        nan,  0.03546567,  0.01760976,  0.00780414,  0.00023807,
         0.01246483,  0.00441454],
       [        nan,         nan,  0.00108832,  0.0006041 ,  0.01561517,
         0.00181467,  0.00441739],
       [        nan,         nan,         nan,  0.0035672 ,  0.00671468,
         0.00290139,  0.0031435 ],
       [        nan,         nan,         nan,         nan,  0.00847263,
         0.00659624,  0.00484091],
       [        nan,         nan,         nan,         nan,         nan,
        -0.00817099, -0.00877628],
       [        nan,         nan,         nan,         nan,         nan,
                nan, -0.00847316],
       [        nan,         nan,         nan,         nan,         nan,
                nan,         nan]]), 'S2_conf': array([[       nan, 0.07739958, 0.0826436 , 0.07643392, 0.07539782,
        0.07431144, 0.07961375],
       [       nan,        nan, 0.05609953, 0.05312257, 0.05145575,
        0.05316085, 0.05346986],
       [       nan,        nan,        nan, 0.04870407, 0.0492243 ,
        0.0511439 , 0.05025683],
       [       nan,        nan,        nan,        nan, 0.03156348,
        0.03290125, 0.03328217],
       [       nan,        nan,        nan,        nan,        nan,
        0.00912061, 0.00835669],
       [       nan,        nan,        nan,        nan,        nan,
               nan, 0.02536538],
       [       nan,        nan,        nan,        nan,        nan,
               nan,        nan]])}, {'S1': array([ 0.27429684,  0.36383435,  0.09758313,  0.04905282,  0.00473428,
       -0.00670721,  0.09258035]), 'S1_conf': array([0.05943263, 0.0576547 , 0.03358907, 0.02423106, 0.00773319,
       0.01789981, 0.0274142 ]), 'ST': array([0.37567592, 0.50073834, 0.19858831, 0.1326854 , 0.01332392,
       0.05378433, 0.14275164]), 'ST_conf': array([0.04235697, 0.0415449 , 0.02603668, 0.013061  , 0.00282545,
       0.01116107, 0.01485132]), 'S2': array([[        nan, -0.00035196,  0.01795622, -0.00523848, -0.01435999,
         0.00042989, -0.01338269],
       [        nan,         nan, -0.00259869, -0.01360965, -0.01458696,
         0.00306968, -0.01790979],
       [        nan,         nan,         nan, -0.02458591, -0.03761664,
        -0.02491168, -0.02908152],
       [        nan,         nan,         nan,         nan, -0.00705363,
         0.00200273, -0.00887793],
       [        nan,         nan,         nan,         nan,         nan,
        -0.00635461, -0.00641976],
       [        nan,         nan,         nan,         nan,         nan,
                nan,  0.01274648],
       [        nan,         nan,         nan,         nan,         nan,
                nan,         nan]]), 'S2_conf': array([[       nan, 0.0899726 , 0.08892674, 0.07510771, 0.07485212,
        0.07572219, 0.07310275],
       [       nan,        nan, 0.07509661, 0.06672945, 0.0679966 ,
        0.07011069, 0.07325275],
       [       nan,        nan,        nan, 0.04933015, 0.04592507,
        0.04782842, 0.04690962],
       [       nan,        nan,        nan,        nan, 0.03707427,
        0.03946104, 0.03882494],
       [       nan,        nan,        nan,        nan,        nan,
        0.01151944, 0.01192759],
       [       nan,        nan,        nan,        nan,        nan,
               nan, 0.02597987],
       [       nan,        nan,        nan,        nan,        nan,
               nan,        nan]])}, {'S1': array([0.16607959, 0.55138291, 0.07524996, 0.04086701, 0.00365908,
       0.00996043, 0.07259357]), 'S1_conf': array([0.03862238, 0.05816908, 0.03190845, 0.02668808, 0.00846233,
       0.02168022, 0.02676269]), 'ST': array([0.27829877, 0.65950056, 0.19308711, 0.12949241, 0.01835435,
       0.07673237, 0.15112682]), 'ST_conf': array([0.0344469 , 0.05310051, 0.02542821, 0.01412186, 0.00401758,
       0.01086111, 0.01592718]), 'S2': array([[        nan, -0.01165865,  0.0066957 , -0.00600579, -0.00816923,
        -0.00645942,  0.00505567],
       [        nan,         nan, -0.01882216, -0.01794981, -0.03637395,
        -0.04052636, -0.022835  ],
       [        nan,         nan,         nan,  0.00385426,  0.00612238,
         0.01488083, -0.00305479],
       [        nan,         nan,         nan,         nan, -0.01883711,
        -0.02305931, -0.01688303],
       [        nan,         nan,         nan,         nan,         nan,
        -0.00322483, -0.00050308],
       [        nan,         nan,         nan,         nan,         nan,
                nan, -0.00976512],
       [        nan,         nan,         nan,         nan,         nan,
                nan,         nan]]), 'S2_conf': array([[       nan, 0.07256591, 0.06306103, 0.05749428, 0.05747535,
        0.05740495, 0.05887427],
       [       nan,        nan, 0.08506188, 0.08151139, 0.07502004,
        0.07488167, 0.08289666],
       [       nan,        nan,        nan, 0.04434679, 0.04407538,
        0.04528152, 0.04399672],
       [       nan,        nan,        nan,        nan, 0.03646999,
        0.03659209, 0.03735418],
       [       nan,        nan,        nan,        nan,        nan,
        0.01322663, 0.01428575],
       [       nan,        nan,        nan,        nan,        nan,
               nan, 0.02795052],
       [       nan,        nan,        nan,        nan,        nan,
               nan,        nan]])}, {'S1': array([1.42329532e-01, 5.61685510e-01, 7.05035362e-02, 4.76992920e-02,
       5.15010119e-03, 4.20926405e-04, 6.34356191e-02]), 'S1_conf': array([0.04643268, 0.06320708, 0.03210953, 0.03067585, 0.00857496,
       0.0293154 , 0.03339181]), 'ST': array([0.29301644, 0.71641092, 0.21952074, 0.19556704, 0.01207965,
       0.13080981, 0.20275315]), 'ST_conf': array([0.02991543, 0.04851249, 0.02067172, 0.02070465, 0.0035903 ,
       0.0142575 , 0.02278372]), 'S2': array([[        nan, -0.03305545, -0.01687386, -0.03936771, -0.03089654,
        -0.0360985 , -0.03595457],
       [        nan,         nan,  0.01919416,  0.00266302, -0.01277838,
         0.00387613,  0.00206675],
       [        nan,         nan,         nan, -0.01379111, -0.00628631,
        -0.00348999,  0.00613261],
       [        nan,         nan,         nan,         nan, -0.01379871,
        -0.01262673, -0.01149587],
       [        nan,         nan,         nan,         nan,         nan,
        -0.00818646, -0.00343684],
       [        nan,         nan,         nan,         nan,         nan,
                nan, -0.01225271],
       [        nan,         nan,         nan,         nan,         nan,
                nan,         nan]]), 'S2_conf': array([[       nan, 0.07506344, 0.06327954, 0.06453646, 0.06603204,
        0.06627973, 0.07042588],
       [       nan,        nan, 0.11375909, 0.11436451, 0.10417033,
        0.11323433, 0.11295098],
       [       nan,        nan,        nan, 0.04703578, 0.05028642,
        0.05054305, 0.04801781],
       [       nan,        nan,        nan,        nan, 0.0479779 ,
        0.0480082 , 0.04855235],
       [       nan,        nan,        nan,        nan,        nan,
        0.0098906 , 0.00965819],
       [       nan,        nan,        nan,        nan,        nan,
               nan, 0.04438214],
       [       nan,        nan,        nan,        nan,        nan,
               nan,        nan]])}]
------------
{'S1': array([0.30561436, 0.41882363, 0.14206277, 0.01241475, 0.00122097,
       0.04825484, 0.0362139 ]), 'S1_conf': array([0.04309818, 0.0540001 , 0.02679855, 0.01052983, 0.00430655,
       0.01850795, 0.01429504]), 'ST': array([0.34400418, 0.44704324, 0.17425407, 0.0186931 , 0.0049003 ,
       0.06748062, 0.03746315]), 'ST_conf': array([0.03311538, 0.03858076, 0.02153352, 0.00209491, 0.00088726,
       0.00638575, 0.00375237]), 'S2': array([[            nan,  1.42036155e-02,  1.00671231e-02,
        -8.74847529e-05, -2.77716679e-03,  5.31496672e-03,
        -1.40346652e-03],
       [            nan,             nan, -1.44866122e-02,
        -9.69982474e-03, -9.78447854e-03, -2.49655611e-03,
        -1.11966578e-02],
       [            nan,             nan,             nan,
        -2.34794901e-04,  4.15500183e-04,  1.43519366e-03,
        -4.08269481e-03],
       [            nan,             nan,             nan,
                    nan, -1.78722668e-03, -8.59882806e-04,
        -2.87233446e-03],
       [            nan,             nan,             nan,
                    nan,             nan,  5.81059512e-04,
         2.19356921e-04],
       [            nan,             nan,             nan,
                    nan,             nan,             nan,
         8.01768094e-03],
       [            nan,             nan,             nan,
                    nan,             nan,             nan,
                    nan]]), 'S2_conf': array([[       nan, 0.08329065, 0.08238221, 0.06928906, 0.06726623,
        0.06779231, 0.06755054],
       [       nan,        nan, 0.07514426, 0.06294733, 0.06110499,
        0.0656269 , 0.06375065],
       [       nan,        nan,        nan, 0.04556357, 0.04457606,
        0.04487903, 0.04386177],
       [       nan,        nan,        nan,        nan, 0.01595314,
        0.01586544, 0.01586934],
       [       nan,        nan,        nan,        nan,        nan,
        0.00654894, 0.00682506],
       [       nan,        nan,        nan,        nan,        nan,
               nan, 0.02687192],
       [       nan,        nan,        nan,        nan,        nan,
               nan,        nan]])}
------------
{'S1': array([ 3.90283742e-02,  4.98096213e-01,  4.72329205e-02,  1.36374908e-01,
        3.25900005e-04, -6.74291357e-03,  2.15667601e-01]), 'S1_conf': array([0.01917704, 0.06672656, 0.0183158 , 0.03494601, 0.00338752,
       0.00755808, 0.03566469]), 'ST': array([0.05411391, 0.52749529, 0.07312299, 0.17257151, 0.00199972,
       0.01410103, 0.24430452]), 'ST_conf': array([0.00500414, 0.04446042, 0.00755836, 0.01746389, 0.00041976,
       0.00137145, 0.02466003]), 'S2': array([[        nan, -0.00267211, -0.00694866,  0.0014523 , -0.00832027,
        -0.00796409, -0.00370551],
       [        nan,         nan,  0.00676573,  0.00834738, -0.00351675,
        -0.00144516,  0.01474982],
       [        nan,         nan,         nan,  0.0119139 ,  0.00444132,
         0.00569513,  0.00212416],
       [        nan,         nan,         nan,         nan,  0.01197273,
         0.01168683,  0.01805772],
       [        nan,         nan,         nan,         nan,         nan,
         0.0031582 ,  0.00423832],
       [        nan,         nan,         nan,         nan,         nan,
                nan,  0.01384015],
       [        nan,         nan,         nan,         nan,         nan,
                nan,         nan]]), 'S2_conf': array([[       nan, 0.03168277, 0.0256104 , 0.02861556, 0.02597761,
        0.02576713, 0.02898895],
       [       nan,        nan, 0.09563006, 0.09589583, 0.09433519,
        0.09475753, 0.09384312],
       [       nan,        nan,        nan, 0.02855667, 0.02774951,
        0.028221  , 0.02999649],
       [       nan,        nan,        nan,        nan, 0.04526797,
        0.04526777, 0.05317368],
       [       nan,        nan,        nan,        nan,        nan,
        0.00433346, 0.00432708],
       [       nan,        nan,        nan,        nan,        nan,
               nan, 0.01104021],
       [       nan,        nan,        nan,        nan,        nan,
               nan,        nan]])}
------------
{'S1': array([nan, nan, nan, nan, nan, nan, nan]), 'S1_conf': array([nan, nan, nan, nan, nan, nan, nan]), 'ST': array([nan, nan, nan, nan, nan, nan, nan]), 'ST_conf': array([nan, nan, nan, nan, nan, nan, nan]), 'S2': array([[nan, nan, nan, nan, nan, nan, nan],
       [nan, nan, nan, nan, nan, nan, nan],
       [nan, nan, nan, nan, nan, nan, nan],
       [nan, nan, nan, nan, nan, nan, nan],
       [nan, nan, nan, nan, nan, nan, nan],
       [nan, nan, nan, nan, nan, nan, nan],
       [nan, nan, nan, nan, nan, nan, nan]]), 'S2_conf': array([[nan, nan, nan, nan, nan, nan, nan],
       [nan, nan, nan, nan, nan, nan, nan],
       [nan, nan, nan, nan, nan, nan, nan],
       [nan, nan, nan, nan, nan, nan, nan],
       [nan, nan, nan, nan, nan, nan, nan],
       [nan, nan, nan, nan, nan, nan, nan],
       [nan, nan, nan, nan, nan, nan, nan]])}
------------
