bld_height, ver_to_hor, bld_density, urban_road_volumetric_heat_capacity, road_albedo,sensible_anthropogenic_heat, urban_road_thermal_conductivity, glazing_ratio, wall_u_value, window_u_value, window_sghc, infiltration_rate, chiller_cop, indoor_temp_set_point, equipment_load_density, lighting_load_density, occupancy_density, wall_albedo, roof_albedo, wall_emissivity, roof_emissivity, floor_height, roof_u_value

{'S1': array([ 1.85427917e-01,  2.93666390e-02,  5.13011879e-01,  2.13473170e-02, 6.51746558e-05, -4.41882795e-04,  3.56593895e-02,  2.93814294e-02, -1.92098892e-04, -8.30512342e-05,  3.77551752e-04, -5.74886001e-03,  3.83343291e-03,  1.88036735e-02, -1.15439309e-03, -9.44413651e-05, 3.50047452e-02, -3.04208525e-03,  6.46774124e-04,  3.14616967e-03,       -2.99434812e-03,  6.82298630e-04, -2.43783694e-03]),



 'S1_conf': array([0.04525594, 0.02306235, 0.07774568, 0.01587326, 0.00253976,
       0.00674174, 0.01636436, 0.01792724, 0.01100578, 0.00232535,
       0.00118936, 0.00462488, 0.00713531, 0.01458076, 0.00572766,
       0.00091668, 0.01661508, 0.00470087, 0.0054582 , 0.00826218,
       0.00582205, 0.00675015, 0.00356023]), 



'ST': array([2.24762657e-01, 5.94240235e-02, 5.55774119e-01, 2.87314380e-02, 5.03896365e-04, 5.46183812e-03, 3.94389954e-02, 3.06101845e-02, 1.27454261e-02, 8.11452975e-04, 3.21547178e-04, 2.91822210e-03, 7.01969064e-03, 2.96860993e-02, 3.67062798e-03, 1.27693425e-04, 4.33149091e-02, 3.71258154e-03, 3.52908916e-03, 9.40039184e-03,3.64382634e-03, 6.13563551e-03, 2.20276149e-03]),


 'ST_conf': array([3.17383286e-02, 1.06987228e-02, 5.32657048e-02, 4.05229281e-03,
       2.26687613e-04, 7.27234709e-04, 4.97546711e-03, 4.57216275e-03,
       2.18232642e-03, 1.69175412e-04, 7.52438384e-05, 4.40741594e-04,
       1.11386790e-03, 4.66763826e-03, 5.17105403e-04, 4.69723359e-05,
       5.96995357e-03, 5.29467163e-04, 5.00203220e-04, 1.30325837e-03,
       6.60825677e-04, 7.23403338e-04, 3.15259194e-04]), 2': 


array([[            nan,  9.30358859e-03,  3.63109386e-02,         1.54725039e-02,  1.35532011e-02,  1.46069032e-02,         1.63151680e-02,  1.17695941e-02,  1.97662838e-02,         1.39848219e-02,  1.51721149e-02,  1.61485514e-02,         1.61265584e-02,  2.09540123e-02,  1.45885758e-02,         1.48811619e-02,  1.35188689e-02,  1.54656810e-02,         1.47673865e-02,  1.60990854e-02,  1.65853257e-02,         1.70600614e-02,  1.59801565e-02],
       [            nan,             nan,  2.87264106e-02,         1.52435309e-02,  1.15310401e-02,  1.30938465e-02,         1.18554543e-02,  1.45246951e-02,  1.70179560e-02,         1.26139210e-02,  1.24387758e-02,  1.29322745e-02,         1.39944689e-02,  1.55250117e-02,  1.24455261e-02,         1.26947796e-02,  1.16114269e-02,  1.28474600e-02,         1.39194896e-02,  1.26841097e-02,  1.19002750e-02,         1.30437272e-02,  1.19261149e-02],
       [            nan,             nan,             nan,         2.93773716e-02,  2.75059743e-02,  2.73156227e-02,         2.77135283e-02,  2.51672448e-02,  3.03670183e-02,         2.63747887e-02,  2.64219320e-02,  2.71108995e-02,         2.28173011e-02,  2.80785895e-02,  3.02610457e-02,         2.65360341e-02,  2.47895539e-02,  2.66534750e-02,         2.65271788e-02,  2.44052215e-02,  2.96418314e-02,         2.26070615e-02,  2.62895751e-02],
       [            nan,             nan,             nan,                    nan,  7.74954195e-03,  7.65728767e-03,         6.09738464e-03,  5.84417531e-03,  7.75640114e-03,         6.88172749e-03,  7.00464851e-03,  7.11777070e-03,         7.46827890e-03,  7.35003954e-03,  7.85780100e-03,         7.12535573e-03,  6.58006833e-03,  6.77208933e-03,         7.92276370e-03,  8.02644996e-03,  7.34782573e-03,         7.49930856e-03,  7.51473267e-03],
       [            nan,             nan,             nan,                    nan,             nan, -6.98322771e-04,        -4.76506027e-04, -6.04471642e-04, -4.09039187e-04,        -6.98504231e-04, -7.02206016e-04, -7.23799760e-04,        -7.39985995e-04, -8.26869059e-04, -6.91209538e-04,        -7.09718461e-04, -2.62346896e-04, -7.72866553e-04,        -6.54808655e-04, -6.06249951e-04, -7.55845602e-04,        -7.29497605e-04, -7.39114987e-04],
       [            nan,             nan,             nan,                    nan,             nan,             nan,         8.48010290e-03,  7.21267716e-03,  8.12923178e-03,         8.22823638e-03,  8.27744834e-03,  7.81040650e-03,         7.96570000e-03,  8.76655571e-03,  7.89032150e-03,         8.21720361e-03,  9.65893986e-03,  7.57897238e-03,         8.25262460e-03,  8.39920802e-03,  7.82710083e-03,         8.10789208e-03,  8.08183442e-03],
       [            nan,             nan,             nan,                    nan,             nan,             nan,                    nan,  5.13164987e-03,  3.43790193e-03,         5.10722535e-03,  5.09768055e-03,  4.54212252e-03,         4.79021467e-03,  5.33426815e-03,  4.06481005e-03,         5.25939774e-03,  4.21041358e-03,  4.65934570e-03,         4.80110228e-03,  4.68079428e-03,  3.71099928e-03,         3.78993439e-03,  5.58275951e-03],
       [            nan,             nan,             nan,                    nan,             nan,             nan,                    nan,             nan, -3.21588300e-03,        -2.82138889e-03, -3.02582176e-03, -3.01145013e-03,        -3.37897928e-03, -2.92264359e-03, -3.90920549e-03,        -3.06215006e-03, -4.65515140e-03, -2.83289346e-03,        -2.73207426e-03, -3.53626883e-03, -3.14141180e-03,        -2.73581234e-03, -4.09781505e-03],
       [            nan,             nan,             nan,                    nan,             nan,             nan,                    nan,             nan,             nan,        -3.45225205e-04, -6.37883946e-04, -3.64387385e-04,        -1.39050316e-04,  6.20214754e-04,  7.21179116e-04,        -2.32683693e-04, -6.54832313e-04, -3.77633967e-04,        -1.54728463e-04, -2.83528794e-04, -3.58689540e-04,         7.39111789e-05, -2.79101169e-04],
       [            nan,             nan,             nan,                    nan,             nan,             nan,                    nan,             nan,             nan,                    nan,  3.55810058e-03,  3.46062025e-03,         3.31240370e-03,  3.44860760e-03,  3.51367917e-03,         3.55145915e-03,  3.12422965e-03,  3.44443402e-03,         3.55443509e-03,  3.50199314e-03,  3.48497219e-03,         3.30754057e-03,  3.43967977e-03],
       [            nan,             nan,             nan,                    nan,             nan,             nan,                    nan,             nan,             nan,                    nan,             nan,  8.53417224e-04,         8.67063019e-04,  8.76208604e-04,  7.85660048e-04,         8.30008880e-04,  8.49352519e-04,  7.59929015e-04,         7.98253374e-04,  7.40004704e-04,  7.65227648e-04,         7.36484379e-04,  8.19701950e-04],
       [            nan,             nan,             nan,                    nan,             nan,             nan,                    nan,             nan,             nan,                    nan,             nan,             nan,         9.30444666e-03,  1.01860158e-02,  9.22565672e-03,         9.31979818e-03,  9.54292144e-03,  9.22126538e-03,         9.28575628e-03,  9.13238626e-03,  9.26935229e-03,         8.84593345e-03,  9.60821076e-03],
       [            nan,             nan,             nan,                    nan,             nan,             nan,                    nan,             nan,             nan,                    nan,             nan,             nan,                    nan,  4.00392897e-03,  3.26999572e-03,         3.47511814e-03,  4.00407413e-03,  2.46333329e-03,         3.13244901e-03,  3.45675438e-03,  2.88776830e-03,         2.61717510e-03,  3.44194724e-03],
       [            nan,             nan,             nan,                    nan,             nan,             nan,                    nan,             nan,             nan,                    nan,             nan,             nan,                    nan,             nan,  1.09603712e-02,         1.03837275e-02,  1.13967463e-02,  1.05913904e-02,         1.03404674e-02,  1.09845054e-02,  1.15417691e-02,         9.83060103e-03,  1.06654624e-02],
       [            nan,             nan,             nan,                    nan,             nan,             nan,                    nan,             nan,             nan,                    nan,             nan,             nan,                    nan,             nan,             nan,         7.00343348e-04,  1.82691982e-03,  5.82575786e-04,         8.73020715e-04,  1.17014337e-03,  8.37164212e-04,         5.41311775e-04,  8.14118788e-04],
       [            nan,             nan,             nan,                    nan,             nan,             nan,                    nan,             nan,             nan,                    nan,             nan,             nan,                    nan,             nan,             nan,                    nan,  1.03079962e-03,  1.14932932e-03,         1.28756557e-03,  1.27479078e-03,  1.21915514e-03,         1.18206471e-03,  1.24100292e-03],
       [            nan,             nan,             nan,                    nan,             nan,             nan,                    nan,             nan,             nan,                    nan,             nan,             nan,                    nan,             nan,             nan,                    nan,             nan,  8.48265640e-03,         8.15279836e-03,  8.61247291e-03,  7.21599279e-03,         8.86967436e-03,  8.73517619e-03],
       [            nan,             nan,             nan,                    nan,             nan,             nan,                    nan,             nan,             nan,                    nan,             nan,             nan,                    nan,             nan,             nan,                    nan,             nan,             nan,         7.64979210e-03,  7.07430975e-03,  7.44583102e-03,         7.24724116e-03,  7.53042769e-03],
       [            nan,             nan,             nan,                    nan,             nan,             nan,                    nan,             nan,             nan,                    nan,             nan,             nan,                    nan,             nan,             nan,                    nan,             nan,             nan,                    nan,  4.96058074e-04,  3.96545392e-04,         9.67260168e-06,  3.66241566e-04],
       [            nan,             nan,             nan,                    nan,             nan,             nan,                    nan,             nan,             nan,                    nan,             nan,             nan,                    nan,             nan,             nan,                    nan,             nan,             nan,                    nan,             nan,  7.14088891e-03,         7.08376529e-03,  6.81320838e-03],
       [            nan,             nan,             nan,                    nan,             nan,             nan,                    nan,             nan,             nan,                    nan,             nan,             nan,                    nan,             nan,             nan,                    nan,             nan,             nan,                    nan,             nan,             nan,         4.93821948e-03,  4.75487226e-03],
       [            nan,             nan,             nan,                    nan,             nan,             nan,                    nan,             nan,             nan,                    nan,             nan,             nan,                    nan,             nan,             nan,                    nan,             nan,             nan,                    nan,             nan,             nan,                    nan,  5.63785767e-03],
       [            nan,             nan,             nan,                    nan,             nan,             nan,                    nan,             nan,             nan,                    nan,             nan,             nan,                    nan,             nan,             nan,                    nan,             nan,             nan,                    nan,             nan,             nan,                    nan,             nan]]),


 'S2_conf': array([[       nan, 0.07499627, 0.09000138, 0.07463847, 0.07395082,
        0.07436811, 0.07516371, 0.07432189, 0.07439965, 0.07386619,
        0.07376765, 0.07378934, 0.07346197, 0.0757864 , 0.07448686,
        0.07359679, 0.07538717, 0.07504103, 0.07415329, 0.07367132,
        0.07424745, 0.07335784, 0.07397739],
       [       nan,        nan, 0.04012668, 0.0328571 , 0.03175048,
        0.03160173, 0.03168556, 0.03243567, 0.03196556, 0.03166169,
        0.03180791, 0.03162501, 0.03145977, 0.03133641, 0.03172497,
        0.03186911, 0.03152295, 0.03155755, 0.03174211, 0.03186673,
        0.03222892, 0.03116454, 0.03181936],
       [       nan,        nan,        nan, 0.11035403, 0.1115105 ,
        0.11192618, 0.11351336, 0.11121168, 0.1113198 , 0.11069453,
        0.11120783, 0.11028946, 0.11115215, 0.11596237, 0.1112618 ,
        0.11093843, 0.11250897, 0.11038441, 0.11217949, 0.11184158,
        0.11296247, 0.11055726, 0.11087243],
       [       nan,        nan,        nan,        nan, 0.02090873,
        0.02068852, 0.02162664, 0.02132814, 0.02097238, 0.02084412,
        0.02085048, 0.02083485, 0.02094402, 0.02099673, 0.02079056,
        0.02087827, 0.02069386, 0.02091261, 0.0207499 , 0.02098464,
        0.0208482 , 0.020494  , 0.02080701],
       [       nan,        nan,        nan,        nan,        nan,
        0.00293452, 0.00316943, 0.00289476, 0.00304037, 0.0029644 ,
        0.00295264, 0.0029563 , 0.00294455, 0.00296459, 0.00297854,
        0.00295944, 0.00296885, 0.00299342, 0.00295737, 0.00297102,
        0.00297924, 0.00298059, 0.00295822],
       [       nan,        nan,        nan,        nan,        nan,
               nan, 0.00887491, 0.00914116, 0.00912029, 0.00901214,
        0.00903686, 0.0090538 , 0.00918443, 0.00928376, 0.00909494,
        0.00903914, 0.009051  , 0.00905981, 0.00908833, 0.00903379,
        0.00903151, 0.00914896, 0.00904845],
       [       nan,        nan,        nan,        nan,        nan,
               nan,        nan, 0.02485327, 0.02442216, 0.02494098,
        0.02495223, 0.02481267, 0.02506465, 0.02457479, 0.02457695,
        0.0248894 , 0.02472942, 0.02479534, 0.02461046, 0.0244163 ,
        0.02462369, 0.02472437, 0.02468197],
       [       nan,        nan,        nan,        nan,        nan,
               nan,        nan,        nan, 0.02442081, 0.02441534,
        0.02442632, 0.02409728, 0.02449349, 0.02479003, 0.02438517,
        0.02442947, 0.02490854, 0.02439016, 0.0243444 , 0.02456933,
        0.0244642 , 0.02437249, 0.02439924],
       [       nan,        nan,        nan,        nan,        nan,
               nan,        nan,        nan,        nan, 0.01841267,
        0.01851237, 0.01837003, 0.0186905 , 0.01857891, 0.018599  ,
        0.01845686, 0.01811035, 0.01869563, 0.0186818 , 0.01864646,
        0.01856885, 0.01836358, 0.0184351 ],
       [       nan,        nan,        nan,        nan,        nan,
               nan,        nan,        nan,        nan,        nan,
        0.0038209 , 0.00386932, 0.00382369, 0.00376692, 0.00383171,
        0.0038279 , 0.00380683, 0.00381682, 0.00382872, 0.00385626,
        0.00383527, 0.00387347, 0.00382251],
       [       nan,        nan,        nan,        nan,        nan,
               nan,        nan,        nan,        nan,        nan,
               nan, 0.00190842, 0.0019438 , 0.00195624, 0.00193931,
        0.00191703, 0.00185197, 0.00188968, 0.00194334, 0.00191206,
        0.00194269, 0.001905  , 0.00191609],
       [       nan,        nan,        nan,        nan,        nan,
               nan,        nan,        nan,        nan,        nan,
               nan,        nan, 0.00616427, 0.00611616, 0.00615875,
        0.00611719, 0.00617722, 0.00613641, 0.00617739, 0.00616603,
        0.00615595, 0.00619701, 0.00610142],
       [       nan,        nan,        nan,        nan,        nan,
               nan,        nan,        nan,        nan,        nan,
               nan,        nan,        nan, 0.00984309, 0.0097381 ,
        0.00958088, 0.00951119, 0.00972814, 0.00974247, 0.0095605 ,
        0.00958938, 0.00966911, 0.00961111],
       [       nan,        nan,        nan,        nan,        nan,
               nan,        nan,        nan,        nan,        nan,
               nan,        nan,        nan,        nan, 0.0199184 ,
        0.01980592, 0.01950902, 0.02005804, 0.0196814 , 0.01963665,
        0.01980207, 0.02002981, 0.01992785],
       [       nan,        nan,        nan,        nan,        nan,
               nan,        nan,        nan,        nan,        nan,
               nan,        nan,        nan,        nan,        nan,
        0.00863079, 0.00831458, 0.00864758, 0.00868419, 0.00870607,
        0.00862   , 0.00858916, 0.00859808],
       [       nan,        nan,        nan,        nan,        nan,
               nan,        nan,        nan,        nan,        nan,
               nan,        nan,        nan,        nan,        nan,
               nan, 0.00149942, 0.00141367, 0.00142839, 0.00141516,
        0.00142013, 0.0014495 , 0.00141974],
       [       nan,        nan,        nan,        nan,        nan,
               nan,        nan,        nan,        nan,        nan,
               nan,        nan,        nan,        nan,        nan,
               nan,        nan, 0.02575476, 0.02566038, 0.02563209,
        0.02606976, 0.02575549, 0.0259127 ],
       [       nan,        nan,        nan,        nan,        nan,
               nan,        nan,        nan,        nan,        nan,
               nan,        nan,        nan,        nan,        nan,
               nan,        nan,        nan, 0.00784479, 0.00789836,
        0.00789216, 0.00791948, 0.00777311],
       [       nan,        nan,        nan,        nan,        nan,
               nan,        nan,        nan,        nan,        nan,
               nan,        nan,        nan,        nan,        nan,
               nan,        nan,        nan,        nan, 0.00777636,
        0.00781381, 0.0077719 , 0.0077505 ],
       [       nan,        nan,        nan,        nan,        nan,
               nan,        nan,        nan,        nan,        nan,
               nan,        nan,        nan,        nan,        nan,
               nan,        nan,        nan,        nan,        nan,
        0.01179387, 0.01162396, 0.01165576],
       [       nan,        nan,        nan,        nan,        nan,
               nan,        nan,        nan,        nan,        nan,
               nan,        nan,        nan,        nan,        nan,
               nan,        nan,        nan,        nan,        nan,
               nan, 0.00717576, 0.00711061],
       [       nan,        nan,        nan,        nan,        nan,
               nan,        nan,        nan,        nan,        nan,
               nan,        nan,        nan,        nan,        nan,
               nan,        nan,        nan,        nan,        nan,
               nan,        nan, 0.00981032],
       [       nan,        nan,        nan,        nan,        nan,
               nan,        nan,        nan,        nan,        nan,
               nan,        nan,        nan,        nan,        nan,
               nan,        nan,        nan,        nan,        nan,
               nan,        nan,        nan]])}
------------


{'S1': array([ 1.41106943e-01,  1.53750565e-01,  2.82314414e-01,  9.47841298e-04,       -7.95549019e-04,  4.18341094e-03,  1.15076069e-04,  2.16206370e-01,        2.95176453e-02, -8.16934743e-04, -3.72015283e-04,  1.82836325e-03,        4.20504572e-03,  1.70773834e-02,  1.45210007e-03, -4.58243503e-04,        2.19565698e-02, -2.61304715e-03,  4.31242935e-04,  2.73416011e-03,        1.85534405e-03,  4.58122129e-03,  9.59186625e-04]), 

'S1_conf': array([0.04842435, 0.04486991, 0.05173951, 0.00361777, 0.00145934,
       0.00545476, 0.00380442, 0.04605209, 0.02060487, 0.00128372,
       0.00164051, 0.00391754, 0.0078968 , 0.01349211, 0.00327626,
       0.00061486, 0.01648909, 0.00488442, 0.00222375, 0.00507641,
       0.0027224 , 0.0060948 , 0.0025511 ]), 



'ST': array([1.98531969e-01, 2.14387189e-01, 3.58614798e-01, 1.47222241e-03,       2.15690172e-04, 4.52563310e-03, 2.14855804e-03, 2.31654482e-01,       5.04488352e-02, 1.73971807e-04, 4.17681776e-04, 2.93884085e-03,       7.82262922e-03, 2.73327517e-02, 1.93809823e-03, 3.53672106e-05,       3.22240120e-02, 4.03148841e-03, 9.61016775e-04, 3.83522530e-03,       1.02303393e-03, 4.70184649e-03, 8.80568824e-04]),


 'ST_conf': array([4.67732639e-02, 3.86112417e-02, 5.03401534e-02, 2.43055005e-04,
       4.57776177e-05, 6.29279552e-04, 2.87289260e-04, 3.24185604e-02,
       8.37269682e-03, 9.90018654e-05, 1.13038532e-04, 1.39861133e-03,
       1.18857484e-03, 7.93576032e-03, 3.59353120e-04, 1.76662665e-05,
       5.49672431e-03, 7.30152552e-04, 2.09779772e-04, 6.38807962e-04,
       2.21639601e-04, 1.34234462e-03, 1.63310835e-04]), 


'S2' ([[            nan,  1.94506726e-02,  3.80194544e-02,         1.11530766e-02,  1.14195760e-02,  9.92294528e-03,         1.14950427e-02,  4.63255852e-03,  2.40177750e-02,         1.08825922e-02,  1.14228139e-02,  7.68958065e-03,         1.06748721e-02,  1.58399792e-02,  1.13777331e-02,         1.07403762e-02,  8.29032510e-03,  1.15020165e-02,         1.11373856e-02,  1.10165891e-02,  1.07324061e-02,         1.15513314e-02,  1.18571830e-02],
       [            nan,             nan,  1.24357713e-02,        -8.04267733e-04, -2.09002710e-04, -1.77736415e-03,         7.31964343e-04,  2.07189215e-02,  1.32025555e-03,        -1.79114926e-04, -2.61057266e-04, -1.05084195e-03,         8.88875207e-04,  2.44204369e-03, -1.02493920e-03,        -8.49846603e-04,  3.70779133e-03, -9.69646802e-04,        -1.14399221e-03, -1.33079085e-03, -1.59928278e-03,         6.98838716e-04, -8.60058262e-04],
       [            nan,             nan,             nan,         1.91958159e-02,  2.00608182e-02,  2.22944319e-02,         1.94635606e-02,  1.91527277e-02,  2.55748652e-02,         2.02650513e-02,  1.97925753e-02,  2.18291787e-02,         2.03228344e-02,  2.42742484e-02,  2.40921820e-02,         2.03442540e-02,  1.84802525e-02,  2.00321757e-02,         2.11056453e-02,  1.76374170e-02,  1.91626903e-02,         1.56623327e-02,  1.85460057e-02],
       [            nan,             nan,             nan,                    nan, -9.72301568e-04, -1.10804192e-03,        -1.02908836e-03, -1.47167662e-03, -6.52253219e-04,        -1.04004721e-03, -1.05872708e-03, -9.41666590e-04,        -9.44904433e-04, -1.37952262e-03, -8.95091461e-04,        -1.00692158e-03, -1.08736954e-03, -9.80769774e-04,        -1.13518999e-03, -8.95340526e-04, -1.09010925e-03,        -1.36109182e-03, -1.00617439e-03],
       [            nan,             nan,             nan,                    nan,             nan,  7.97226619e-05,         9.74062672e-05,  5.36258556e-04,  2.42860147e-04,         8.64474132e-05,  8.91871267e-05,  1.23059948e-04,         1.05874473e-04,  1.59174353e-04,  1.14342678e-04,         8.34586348e-05,  2.11976104e-04,  8.79418024e-05,         6.92619376e-05,  9.04324510e-05,  7.82282727e-05,         8.22133105e-05,  7.34960403e-05],
       [            nan,             nan,             nan,                    nan,             nan,             nan,        -5.56803352e-04, -1.25069806e-03, -1.70549050e-03,        -7.25420264e-04, -6.33515330e-04, -3.75733196e-04,        -7.10725437e-04, -6.80339524e-04, -7.25669329e-04,        -6.28035903e-04,  9.67473611e-04, -5.52320184e-04,        -6.27786838e-04, -6.86068016e-04, -5.29157152e-04,        -7.44100129e-04, -5.96902795e-04],
       [            nan,             nan,             nan,                    nan,             nan,             nan,                    nan, -1.62769107e-03, -1.62644574e-03,        -1.50639648e-03, -1.51038152e-03, -1.67102835e-03,        -1.29942358e-03, -1.24413118e-03, -1.55720571e-03,        -1.50689461e-03, -9.77382711e-04, -1.17887618e-03,        -1.54674499e-03, -1.44487746e-03, -1.48348251e-03,        -1.32159035e-03, -1.41125370e-03],
       [            nan,             nan,             nan,                    nan,             nan,             nan,                    nan,             nan, -1.95361683e-02,        -2.33418795e-02, -2.32253171e-02, -2.57102372e-02,        -2.34250671e-02, -2.33468608e-02, -2.49376380e-02,        -2.34462376e-02, -2.46462321e-02, -2.15179775e-02,        -2.47224460e-02, -2.41864584e-02, -2.40068826e-02,        -2.43107418e-02, -2.36066354e-02],
       [            nan,             nan,             nan,                    nan,             nan,             nan,                    nan,             nan,             nan,         2.82080893e-03,  3.20187817e-03,  1.16876169e-03,         2.78768331e-03,  1.74410153e-03,  3.49652191e-03,         3.37223854e-03,  4.05876019e-04,  2.90250221e-03,         3.25791777e-03,  2.05568167e-03,  3.83275947e-03,         2.08009003e-03,  2.99390901e-03],
       [            nan,             nan,             nan,                    nan,             nan,             nan,                    nan,             nan,             nan,                    nan,  8.07721334e-04,  8.97882815e-04,         7.78829810e-04,  7.58655556e-04,  8.27397458e-04,         8.33125950e-04,  8.83935182e-04,  8.53051139e-04,         8.65006253e-04,  8.74719782e-04,  7.97260610e-04,         8.77210431e-04,  8.46077323e-04],
       [            nan,             nan,             nan,                    nan,             nan,             nan,                    nan,             nan,             nan,                    nan,             nan, -4.71429590e-05,        -1.15266836e-05, -1.48263293e-04, -7.42910291e-05,        -8.94839857e-05,  3.25577972e-05, -9.69559316e-05,        -9.79521911e-05, -1.52746461e-04, -9.57106073e-05,        -1.87366477e-04, -7.95213912e-05],
       [            nan,             nan,             nan,                    nan,             nan,             nan,                    nan,             nan,             nan,                    nan,             nan,             nan,        -7.75350868e-04, -7.63893884e-04, -1.01270968e-03,        -1.01993256e-03, -1.28269599e-03, -1.16189954e-03,        -1.06077920e-03, -1.22640733e-03, -1.04932222e-03,        -1.23014331e-03, -9.85312547e-04],
       [            nan,             nan,             nan,                    nan,             nan,             nan,                    nan,             nan,             nan,                    nan,             nan,             nan,                    nan,  1.20914605e-03,  1.06892253e-03,         1.16655596e-03,  1.31051545e-03,  1.25447585e-03,         9.83742347e-04,  1.05696742e-03,  1.14463825e-03,         1.34065230e-03,  1.19121338e-03],
       [            nan,             nan,             nan,                    nan,             nan,             nan,                    nan,             nan,             nan,                    nan,             nan,             nan,                    nan,             nan,  4.83615205e-03,         4.67699961e-03,  5.03938898e-03,  4.76840641e-03,         5.20501712e-03,  4.49169535e-03,  4.35720032e-03,         4.27226920e-03,  4.65807068e-03],
       [            nan,             nan,             nan,                    nan,             nan,             nan,                    nan,             nan,             nan,                    nan,             nan,             nan,                    nan,             nan,             nan,        -3.28984030e-03, -2.63828662e-03, -2.99768722e-03,        -3.29631599e-03, -3.08311646e-03, -3.20216947e-03,        -2.90055192e-03, -3.07913143e-03],
       [            nan,             nan,             nan,                    nan,             nan,             nan,                    nan,             nan,             nan,                    nan,             nan,             nan,                    nan,             nan,             nan,                    nan, -1.40227501e-04, -5.30547987e-05,        -7.92066093e-05, -9.01654633e-05, -8.41879066e-05,        -1.21796701e-04, -7.57197013e-05],
       [            nan,             nan,             nan,                    nan,             nan,             nan,                    nan,             nan,             nan,                    nan,             nan,             nan,                    nan,             nan,             nan,                    nan,             nan,  2.99629439e-03,         1.87849128e-03,  2.29941090e-03,  1.75445698e-03,         1.73079582e-03,  1.66055953e-03],
       [            nan,             nan,             nan,                    nan,             nan,             nan,                    nan,             nan,             nan,                    nan,             nan,             nan,                    nan,             nan,             nan,                    nan,             nan,             nan,         2.44191556e-03,  2.53581301e-03,  2.52684668e-03,         2.35399566e-03,  2.50218926e-03],
       [            nan,             nan,             nan,                    nan,             nan,             nan,                    nan,             nan,             nan,                    nan,             nan,             nan,                    nan,             nan,             nan,                    nan,             nan,             nan,                    nan, -2.14735972e-03, -2.04623939e-03,        -1.75981479e-03, -2.01784599e-03],
       [            nan,             nan,             nan,                    nan,             nan,             nan,                    nan,             nan,             nan,                    nan,             nan,             nan,                    nan,             nan,             nan,                    nan,             nan,             nan,                    nan,             nan, -1.92706834e-03,        -2.04537415e-03, -1.98036822e-03],
       [            nan,             nan,             nan,                    nan,             nan,             nan,                    nan,             nan,             nan,                    nan,             nan,             nan,                    nan,             nan,             nan,                    nan,             nan,             nan,                    nan,             nan,             nan,        -3.01904094e-03, -3.18442001e-03],
       [            nan,             nan,             nan,                    nan,             nan,             nan,                    nan,             nan,             nan,                    nan,             nan,             nan,                    nan,             nan,             nan,                    nan,             nan,             nan,                    nan,             nan,             nan,                    nan, -3.15718205e-03],
       [            nan,             nan,             nan,                    nan,             nan,             nan,                    nan,             nan,             nan,                    nan,             nan,             nan,                    nan,             nan,             nan,                    nan,             nan,             nan,                    nan,             nan,             nan,                    nan,             nan]]), 



'S2_conf': array([[       nan, 0.08312841, 0.08657422, 0.07231709, 0.07266057,
        0.0717135 , 0.07262681, 0.07870695, 0.07508207, 0.07261702,
        0.07268311, 0.0735383 , 0.07383657, 0.07356256, 0.07340892,
        0.07288233, 0.07361361, 0.07218146, 0.0733731 , 0.07226141,
        0.07326703, 0.07143809, 0.07273383],
       [       nan,        nan, 0.07407768, 0.07004904, 0.07058644,
        0.07051062, 0.07059274, 0.07725486, 0.07160628, 0.0703359 ,
        0.07090881, 0.06985496, 0.07237159, 0.06673495, 0.07112338,
        0.07040109, 0.07098453, 0.07136047, 0.07045886, 0.07086997,
        0.07088127, 0.06857684, 0.07064601],
       [       nan,        nan,        nan, 0.07924714, 0.08008939,
        0.0803552 , 0.0797026 , 0.08986019, 0.07651303, 0.0794584 ,
        0.07986647, 0.07884943, 0.07897521, 0.07953466, 0.08098158,
        0.0799292 , 0.07958749, 0.07948653, 0.08025471, 0.07943609,
        0.08011321, 0.07997358, 0.079567  ],
       [       nan,        nan,        nan,        nan, 0.0050313 ,
        0.00500314, 0.00500802, 0.00532576, 0.00519222, 0.00499403,
        0.00500534, 0.00493756, 0.0050286 , 0.00490577, 0.00501086,
        0.00500356, 0.00504734, 0.00497276, 0.00498911, 0.00498817,
        0.00501715, 0.00496091, 0.00499994],
       [       nan,        nan,        nan,        nan,        nan,
        0.00186452, 0.00186693, 0.00184414, 0.00186121, 0.00187511,
        0.00186987, 0.00187603, 0.00186212, 0.00182049, 0.00186169,
        0.00187233, 0.00182453, 0.00186943, 0.00187795, 0.0018591 ,
        0.00187136, 0.00185884, 0.00187589],
       [       nan,        nan,        nan,        nan,        nan,
               nan, 0.00746331, 0.00796295, 0.00766539, 0.00737457,
        0.00740653, 0.00741708, 0.00741142, 0.00756791, 0.00744806,
        0.00737341, 0.00758343, 0.00744829, 0.0074096 , 0.00749223,
        0.00738967, 0.00744428, 0.00738224],
       [       nan,        nan,        nan,        nan,        nan,
               nan,        nan, 0.0058044 , 0.00596181, 0.00565712,
        0.00565457, 0.00582463, 0.00581916, 0.00553161, 0.00571334,
        0.0056821 , 0.00563749, 0.00560037, 0.00571172, 0.00567284,
        0.00571596, 0.00555332, 0.00567694],
       [       nan,        nan,        nan,        nan,        nan,
               nan,        nan,        nan, 0.05203683, 0.05015239,
        0.05018091, 0.05007513, 0.05038814, 0.05168133, 0.05053565,
        0.05019362, 0.05018465, 0.05027816, 0.05014862, 0.04995264,
        0.05011193, 0.05032372, 0.05035314],
       [       nan,        nan,        nan,        nan,        nan,
               nan,        nan,        nan,        nan, 0.03223147,
        0.03249756, 0.03214671, 0.03226391, 0.03266133, 0.03265348,
        0.0325219 , 0.03145792, 0.03215191, 0.03269313, 0.03245179,
        0.032367  , 0.03202168, 0.03250187],
       [       nan,        nan,        nan,        nan,        nan,
               nan,        nan,        nan,        nan,        nan,
        0.00148537, 0.0014813 , 0.00151621, 0.00148191, 0.00148694,
        0.00149295, 0.00150066, 0.00148106, 0.00148891, 0.00148836,
        0.00151462, 0.00150057, 0.00149718],
       [       nan,        nan,        nan,        nan,        nan,
               nan,        nan,        nan,        nan,        nan,
               nan, 0.00235978, 0.00240999, 0.00244259, 0.00237063,
        0.00236132, 0.00237525, 0.0023496 , 0.00237982, 0.00238653,
        0.00235931, 0.0023748 , 0.00237709],
       [       nan,        nan,        nan,        nan,        nan,
               nan,        nan,        nan,        nan,        nan,
               nan,        nan, 0.00549596, 0.00535254, 0.00546593,
        0.00544508, 0.00551461, 0.00539494, 0.00545086, 0.00543147,
        0.00542134, 0.00543016, 0.00543004],
       [       nan,        nan,        nan,        nan,        nan,
               nan,        nan,        nan,        nan,        nan,
               nan,        nan,        nan, 0.01170393, 0.0119424 ,
        0.01198724, 0.01214998, 0.01181713, 0.01189429, 0.0118355 ,
        0.0120485 , 0.01189157, 0.01198141],
       [       nan,        nan,        nan,        nan,        nan,
               nan,        nan,        nan,        nan,        nan,
               nan,        nan,        nan,        nan, 0.01863051,
        0.01859359, 0.01839073, 0.01830746, 0.01869361, 0.0185058 ,
        0.01850051, 0.01870791, 0.01861528],
       [       nan,        nan,        nan,        nan,        nan,
               nan,        nan,        nan,        nan,        nan,
               nan,        nan,        nan,        nan,        nan,
        0.00498675, 0.0048439 , 0.00491537, 0.00501444, 0.00491049,
        0.00494956, 0.00481353, 0.00496029],
       [       nan,        nan,        nan,        nan,        nan,
               nan,        nan,        nan,        nan,        nan,
               nan,        nan,        nan,        nan,        nan,
               nan, 0.00089007, 0.00082017, 0.0008322 , 0.00083964,
        0.00082409, 0.00085821, 0.00083019],
       [       nan,        nan,        nan,        nan,        nan,
               nan,        nan,        nan,        nan,        nan,
               nan,        nan,        nan,        nan,        nan,
               nan,        nan, 0.02367406, 0.02387192, 0.02339163,
        0.02374171, 0.02348621, 0.02369221],
       [       nan,        nan,        nan,        nan,        nan,
               nan,        nan,        nan,        nan,        nan,
               nan,        nan,        nan,        nan,        nan,
               nan,        nan,        nan, 0.00646529, 0.00640646,
        0.00638659, 0.00650833, 0.00640321],
       [       nan,        nan,        nan,        nan,        nan,
               nan,        nan,        nan,        nan,        nan,
               nan,        nan,        nan,        nan,        nan,
               nan,        nan,        nan,        nan, 0.0035805 ,
        0.0036261 , 0.00352449, 0.00360725],
       [       nan,        nan,        nan,        nan,        nan,
               nan,        nan,        nan,        nan,        nan,
               nan,        nan,        nan,        nan,        nan,
               nan,        nan,        nan,        nan,        nan,
        0.00672813, 0.00673905, 0.00675016],
       [       nan,        nan,        nan,        nan,        nan,
               nan,        nan,        nan,        nan,        nan,
               nan,        nan,        nan,        nan,        nan,
               nan,        nan,        nan,        nan,        nan,
               nan, 0.00368256, 0.00380913],
       [       nan,        nan,        nan,        nan,        nan,
               nan,        nan,        nan,        nan,        nan,
               nan,        nan,        nan,        nan,        nan,
               nan,        nan,        nan,        nan,        nan,
               nan,        nan, 0.00760791],
       [       nan,        nan,        nan,        nan,        nan,
               nan,        nan,        nan,        nan,        nan,
               nan,        nan,        nan,        nan,        nan,
               nan,        nan,        nan,        nan,        nan,
               nan,        nan,        nan]])}
------------
{'S1': array([ 4.37185371e-02,  2.63887426e-01,  3.17253017e-01,  9.18562971e-02,
       -7.50535592e-04,  1.82885826e-03,  1.30889922e-01,  9.14292747e-03,
        3.71609862e-02, -5.12385016e-04,  1.24375254e-03, -3.13390757e-03,
        7.80783188e-04,  9.94923481e-04, -7.51045555e-04, -1.07276773e-03,
        1.24639286e-02,  8.81903653e-05,  1.17558679e-03,  1.77296531e-03,
        1.52338321e-03,  5.92179636e-04, -2.91270769e-03]), 'S1_conf': array([0.0196127 , 0.04804881, 0.05355978, 0.0319521 , 0.00283047,
       0.00564014, 0.03503749, 0.01296413, 0.02326993, 0.00401142,
       0.00118276, 0.00693749, 0.00520184, 0.00782267, 0.00627496,
       0.00341456, 0.01021525, 0.0062362 , 0.00585517, 0.00618207,
       0.00550553, 0.00545165, 0.00519432]), 'ST': array([5.50331615e-02, 2.95916287e-01, 3.25479280e-01, 1.02564244e-01,
       1.37345730e-03, 4.05036200e-03, 1.41041205e-01, 2.09708561e-02,
       4.73146029e-02, 1.71813179e-03, 3.22099320e-04, 5.72361220e-03,
       2.63471063e-03, 9.08502835e-03, 3.60665238e-03, 4.06353085e-04,
       1.46506143e-02, 4.57442848e-03, 4.14859087e-03, 6.45891778e-03,
       4.34007670e-03, 3.52575802e-03, 2.62718557e-03]), 'ST_conf': array([0.00948493, 0.03731081, 0.036773  , 0.01288962, 0.00051695,
       0.00080791, 0.01892667, 0.00291651, 0.01183216, 0.00055334,
       0.00014944, 0.00125493, 0.00060409, 0.00109789, 0.0008692 ,
       0.00032084, 0.00257429, 0.00097287, 0.00081002, 0.001332  ,
       0.00102976, 0.00065846, 0.00079349]), 'S2': array([[            nan, -4.48026924e-03,  2.09797445e-03,
        -3.82988930e-03, -1.85429305e-03, -2.14400775e-03,
         3.58980158e-06,  1.75322355e-04, -8.63329452e-03,
        -1.80161765e-03, -1.67879797e-03, -6.04864818e-04,
        -7.19621939e-04,  5.00839045e-05, -1.45922755e-03,
        -8.75229370e-04, -1.63257262e-03, -1.15096896e-03,
        -2.00882548e-03, -7.05378081e-04, -9.97511548e-04,
        -1.60348943e-04, -1.25470725e-03],
       [            nan,             nan,  1.75843612e-02,
         1.25146227e-02,  2.53585945e-03,  4.15616550e-03,
         3.67160557e-03,  9.41376166e-03,  1.27696684e-02,
         5.60473899e-03,  4.46872412e-03,  6.39513875e-03,
         3.36576575e-03,  8.31913460e-03,  3.58829244e-03,
         6.78590421e-03,  9.03320877e-03,  5.58592635e-03,
         4.76112634e-03,  4.88287101e-03,  4.46684286e-03,
         3.08250110e-03,  1.49122027e-03],
       [            nan,             nan,             nan,
        -3.44073946e-03, -8.16755035e-03, -9.06437591e-03,
        -1.21654758e-03, -3.12414956e-03, -8.32020151e-03,
        -7.39703825e-03, -9.13452019e-03, -9.76313121e-03,
        -8.29198254e-03, -8.54138444e-03, -7.78645995e-03,
        -9.85074438e-03, -7.31453137e-03, -5.16639631e-03,
        -8.38416449e-03, -4.63722355e-03, -7.15569892e-03,
        -6.89877197e-03, -8.40996469e-03],
       [            nan,             nan,             nan,
                    nan,  4.48112653e-03,  2.78207613e-03,
         1.09485082e-03,  4.81572282e-03,  3.34699292e-03,
         3.01159037e-03,  2.68559414e-03,  3.77269615e-03,
         3.17418535e-03,  2.51036781e-03,  4.05676705e-03,
         2.93660855e-03,  3.05889073e-03,  3.65847653e-03,
         4.14357396e-03,  4.52493311e-03,  2.67618782e-03,
         4.62894015e-03,  3.30641136e-03],
       [            nan,             nan,             nan,
                    nan,             nan,  5.69578482e-04,
         1.17453932e-03,  4.64765186e-04,  1.49435425e-03,
         4.85727845e-04,  3.74733253e-04,  5.16365578e-04,
         4.57240129e-04,  4.98627943e-04,  4.05370985e-04,
         4.03220969e-04,  9.58462684e-04,  5.32221948e-04,
         7.16317096e-04,  6.08816280e-04,  4.50521328e-04,
         3.62639411e-04,  3.32539182e-04],
       [            nan,             nan,             nan,
                    nan,             nan,             nan,
         1.28578896e-03,  9.07923587e-04,  9.98761777e-04,
         5.94021204e-04,  3.99175975e-04,  5.83983880e-05,
         2.30130942e-04,  3.79557076e-04,  4.48357598e-04,
         1.78530550e-04,  7.34847273e-04,  3.73644531e-04,
         5.45377085e-04,  6.13371351e-04,  3.31987965e-04,
         4.94582949e-04,  2.09974539e-04],
       [            nan,             nan,             nan,
                    nan,             nan,             nan,
                    nan,  6.09400354e-03,  8.85677452e-03,
         5.57853713e-03,  5.65002517e-03,  3.30516362e-03,
         3.48012120e-03,  4.04826301e-03,  3.73758565e-03,
         5.88545196e-03,  2.39113793e-03,  3.23690060e-03,
         4.43284718e-03,  3.22615052e-03,  3.24146939e-03,
         1.82003985e-03,  6.22381078e-03],
       [            nan,             nan,             nan,
                    nan,             nan,             nan,
                    nan,             nan,  4.84232553e-03,
         3.58295347e-03,  3.30587011e-03,  2.86807304e-03,
         3.33731410e-03,  2.62942123e-03,  3.41390843e-03,
         3.29189501e-03,  4.80846277e-03,  3.86272434e-03,
         3.43540860e-03,  4.64210526e-03,  3.62031000e-03,
         2.78341615e-03,  4.10836371e-03],
       [            nan,             nan,             nan,
                    nan,             nan,             nan,
                    nan,             nan,             nan,
        -1.26507328e-02, -1.29960792e-02, -1.01330637e-02,
        -1.25125943e-02, -1.03811218e-02, -1.12416659e-02,
        -1.25668822e-02, -1.31847431e-02, -1.41105939e-02,
        -1.12798287e-02, -1.21804167e-02, -1.38818859e-02,
        -1.16407626e-02, -1.17219258e-02],
       [            nan,             nan,             nan,
                    nan,             nan,             nan,
                    nan,             nan,             nan,
                    nan,  1.47284412e-03,  1.54056963e-03,
         1.34142437e-03,  1.50294434e-03,  1.44973144e-03,
         1.47150036e-03,  1.55911352e-03,  1.44166888e-03,
         1.50186934e-03,  1.14174160e-03,  1.52874454e-03,
         1.46881284e-03,  1.28767396e-03],
       [            nan,             nan,             nan,
                    nan,             nan,             nan,
                    nan,             nan,             nan,
                    nan,             nan, -1.56673367e-03,
        -1.57936501e-03, -1.48261428e-03, -1.60570271e-03,
        -1.57345247e-03, -1.67665325e-03, -1.58151503e-03,
        -1.58312754e-03, -1.61564654e-03, -1.57130245e-03,
        -1.55947736e-03, -1.60650897e-03],
       [            nan,             nan,             nan,
                    nan,             nan,             nan,
                    nan,             nan,             nan,
                    nan,             nan,             nan,
        -2.65122116e-04,  7.77367048e-04, -2.49803250e-04,
        -2.90116056e-04, -3.64560371e-04, -3.57304066e-04,
        -2.74797190e-04, -1.50902499e-04, -2.87428536e-04,
        -3.10003707e-04, -2.51415762e-04],
       [            nan,             nan,             nan,
                    nan,             nan,             nan,
                    nan,             nan,             nan,
                    nan,             nan,             nan,
                    nan,  2.67378090e-03,  2.39616004e-03,
         2.36552231e-03,  2.53806112e-03,  2.43432283e-03,
         2.77617543e-03,  2.64583069e-03,  2.32897203e-03,
         2.45017920e-03,  2.36417855e-03],
       [            nan,             nan,             nan,
                    nan,             nan,             nan,
                    nan,             nan,             nan,
                    nan,             nan,             nan,
                    nan,             nan,  8.07856478e-04,
         4.65197627e-04,  1.24995358e-03,  5.17604275e-04,
         5.56035816e-04,  6.01186159e-04,  8.44944260e-04,
         8.04900206e-04,  9.21269839e-04],
       [            nan,             nan,             nan,
                    nan,             nan,             nan,
                    nan,             nan,             nan,
                    nan,             nan,             nan,
                    nan,             nan,             nan,
        -6.77971606e-04,  1.89828732e-04, -5.77727095e-04,
        -3.74013048e-04, -1.36973749e-04, -4.88232665e-04,
        -5.08926573e-04, -5.83102136e-04],
       [            nan,             nan,             nan,
                    nan,             nan,             nan,
                    nan,             nan,             nan,
                    nan,             nan,             nan,
                    nan,             nan,             nan,
                    nan,  2.22851977e-03,  2.15703173e-03,
         2.22153222e-03,  2.19761329e-03,  2.16321303e-03,
         2.14010035e-03,  2.14708790e-03],
       [            nan,             nan,             nan,
                    nan,             nan,             nan,
                    nan,             nan,             nan,
                    nan,             nan,             nan,
                    nan,             nan,             nan,
                    nan,             nan, -5.90170365e-03,
        -5.33060557e-03, -5.90089740e-03, -6.64238427e-03,
        -4.99977180e-03, -5.62381404e-03],
       [            nan,             nan,             nan,
                    nan,             nan,             nan,
                    nan,             nan,             nan,
                    nan,             nan,             nan,
                    nan,             nan,             nan,
                    nan,             nan,             nan,
        -7.19040884e-04, -7.32209734e-04, -1.26030749e-03,
        -9.68174025e-04, -1.28422642e-03],
       [            nan,             nan,             nan,
                    nan,             nan,             nan,
                    nan,             nan,             nan,
                    nan,             nan,             nan,
                    nan,             nan,             nan,
                    nan,             nan,             nan,
                    nan, -1.18155785e-03, -1.19257668e-03,
        -1.52099167e-03, -1.45729744e-03],
       [            nan,             nan,             nan,
                    nan,             nan,             nan,
                    nan,             nan,             nan,
                    nan,             nan,             nan,
                    nan,             nan,             nan,
                    nan,             nan,             nan,
                    nan,             nan,  4.11903335e-03,
         4.11876459e-03,  3.91182552e-03],
       [            nan,             nan,             nan,
                    nan,             nan,             nan,
                    nan,             nan,             nan,
                    nan,             nan,             nan,
                    nan,             nan,             nan,
                    nan,             nan,             nan,
                    nan,             nan,             nan,
        -1.03532577e-03, -1.05682593e-03],
       [            nan,             nan,             nan,
                    nan,             nan,             nan,
                    nan,             nan,             nan,
                    nan,             nan,             nan,
                    nan,             nan,             nan,
                    nan,             nan,             nan,
                    nan,             nan,             nan,
                    nan, -2.18313944e-03],
       [            nan,             nan,             nan,
                    nan,             nan,             nan,
                    nan,             nan,             nan,
                    nan,             nan,             nan,
                    nan,             nan,             nan,
                    nan,             nan,             nan,
                    nan,             nan,             nan,
                    nan,             nan]]), 'S2_conf': array([[       nan, 0.03612923, 0.03212103, 0.03024638, 0.03004206,
        0.02996539, 0.03208155, 0.02997757, 0.03109904, 0.02990194,
        0.0299079 , 0.0301435 , 0.02993028, 0.03029538, 0.02991721,
        0.02977864, 0.03028223, 0.03000672, 0.02995668, 0.03040308,
        0.02957202, 0.02990448, 0.02982752],
       [       nan,        nan, 0.08459785, 0.077915  , 0.07412994,
        0.07480468, 0.07812899, 0.07311792, 0.08072348, 0.07411693,
        0.07461734, 0.07377978, 0.07398113, 0.07446096, 0.07367856,
        0.07427943, 0.07532783, 0.07538576, 0.07435171, 0.0752753 ,
        0.0747975 , 0.07445085, 0.07400802],
       [       nan,        nan,        nan, 0.07875974, 0.07446036,
        0.07481235, 0.08089621, 0.077082  , 0.07980113, 0.07458622,
        0.07457445, 0.07456001, 0.07432689, 0.07523634, 0.07474326,
        0.07411764, 0.07541318, 0.07507909, 0.0755084 , 0.07625397,
        0.07508654, 0.07523291, 0.07495111],
       [       nan,        nan,        nan,        nan, 0.04528964,
        0.0453295 , 0.04588421, 0.04564976, 0.04652388, 0.04547877,
        0.04515471, 0.04547879, 0.04537869, 0.04547681, 0.04547786,
        0.04514219, 0.04621523, 0.04550931, 0.04528905, 0.04550351,
        0.04529249, 0.04543487, 0.04542486],
       [       nan,        nan,        nan,        nan,        nan,
        0.00359516, 0.00368405, 0.00362445, 0.00373372, 0.00363266,
        0.00362937, 0.00360364, 0.00364593, 0.00369203, 0.00364141,
        0.00362896, 0.00378021, 0.00369159, 0.00367302, 0.00372465,
        0.00365633, 0.00365921, 0.00366931],
       [       nan,        nan,        nan,        nan,        nan,
               nan, 0.00761703, 0.00709511, 0.00746458, 0.00725972,
        0.00734044, 0.00736521, 0.00742831, 0.00754805, 0.00725248,
        0.00745744, 0.00720566, 0.00729886, 0.00733914, 0.00732228,
        0.00727775, 0.00733868, 0.00732411],
       [       nan,        nan,        nan,        nan,        nan,
               nan,        nan, 0.04671002, 0.04637636, 0.04696933,
        0.04705466, 0.04735582, 0.04715424, 0.04682436, 0.04712434,
        0.04706831, 0.04787804, 0.04731489, 0.04716123, 0.04733987,
        0.04701376, 0.04717481, 0.04707681],
       [       nan,        nan,        nan,        nan,        nan,
               nan,        nan,        nan, 0.01875018, 0.01907251,
        0.01925649, 0.0192519 , 0.01911969, 0.01930331, 0.01904741,
        0.01926396, 0.01905909, 0.01898368, 0.019252  , 0.0194044 ,
        0.01905336, 0.01905302, 0.01932329],
       [       nan,        nan,        nan,        nan,        nan,
               nan,        nan,        nan,        nan, 0.032297  ,
        0.03295698, 0.03212044, 0.03282301, 0.03167878, 0.03165656,
        0.03272446, 0.03495836, 0.03346208, 0.03224496, 0.03268584,
        0.03359443, 0.03221538, 0.03208099],
       [       nan,        nan,        nan,        nan,        nan,
               nan,        nan,        nan,        nan,        nan,
        0.00511261, 0.00517973, 0.00513482, 0.00519966, 0.00512441,
        0.00510915, 0.00514153, 0.00514314, 0.00503529, 0.00511059,
        0.0051287 , 0.00509158, 0.00513365],
       [       nan,        nan,        nan,        nan,        nan,
               nan,        nan,        nan,        nan,        nan,
               nan, 0.00175938, 0.00174662, 0.00177958, 0.00175249,
        0.0017531 , 0.0016118 , 0.0017398 , 0.00175337, 0.00174911,
        0.00175407, 0.00174415, 0.00175227],
       [       nan,        nan,        nan,        nan,        nan,
               nan,        nan,        nan,        nan,        nan,
               nan,        nan, 0.00916356, 0.00929224, 0.00931838,
        0.00906769, 0.00930419, 0.0092282 , 0.00918391, 0.00934999,
        0.00931174, 0.0092622 , 0.00921758],
       [       nan,        nan,        nan,        nan,        nan,
               nan,        nan,        nan,        nan,        nan,
               nan,        nan,        nan, 0.00705974, 0.00682927,
        0.00682963, 0.00681078, 0.00690971, 0.007013  , 0.00706472,
        0.00693311, 0.00691559, 0.00687193],
       [       nan,        nan,        nan,        nan,        nan,
               nan,        nan,        nan,        nan,        nan,
               nan,        nan,        nan,        nan, 0.01234781,
        0.01247154, 0.01241359, 0.01241316, 0.01255416, 0.01245271,
        0.01247196, 0.012515  , 0.01242048],
       [       nan,        nan,        nan,        nan,        nan,
               nan,        nan,        nan,        nan,        nan,
               nan,        nan,        nan,        nan,        nan,
        0.00785795, 0.00778505, 0.00788605, 0.00786599, 0.00788345,
        0.00783198, 0.00780991, 0.00781985],
       [       nan,        nan,        nan,        nan,        nan,
               nan,        nan,        nan,        nan,        nan,
               nan,        nan,        nan,        nan,        nan,
               nan, 0.00351768, 0.00354192, 0.00355898, 0.00354826,
        0.00355123, 0.00354975, 0.00353261],
       [       nan,        nan,        nan,        nan,        nan,
               nan,        nan,        nan,        nan,        nan,
               nan,        nan,        nan,        nan,        nan,
               nan,        nan, 0.01434584, 0.01415473, 0.01435165,
        0.01427748, 0.01413491, 0.01421908],
       [       nan,        nan,        nan,        nan,        nan,
               nan,        nan,        nan,        nan,        nan,
               nan,        nan,        nan,        nan,        nan,
               nan,        nan,        nan, 0.00876885, 0.00876865,
        0.00869017, 0.0086743 , 0.00867367],
       [       nan,        nan,        nan,        nan,        nan,
               nan,        nan,        nan,        nan,        nan,
               nan,        nan,        nan,        nan,        nan,
               nan,        nan,        nan,        nan, 0.0080244 ,
        0.00794447, 0.00797649, 0.00789575],
       [       nan,        nan,        nan,        nan,        nan,
               nan,        nan,        nan,        nan,        nan,
               nan,        nan,        nan,        nan,        nan,
               nan,        nan,        nan,        nan,        nan,
        0.01056783, 0.01048371, 0.01052382],
       [       nan,        nan,        nan,        nan,        nan,
               nan,        nan,        nan,        nan,        nan,
               nan,        nan,        nan,        nan,        nan,
               nan,        nan,        nan,        nan,        nan,
               nan, 0.00756142, 0.00744522],
       [       nan,        nan,        nan,        nan,        nan,
               nan,        nan,        nan,        nan,        nan,
               nan,        nan,        nan,        nan,        nan,
               nan,        nan,        nan,        nan,        nan,
               nan,        nan, 0.00714592],
       [       nan,        nan,        nan,        nan,        nan,
               nan,        nan,        nan,        nan,        nan,
               nan,        nan,        nan,        nan,        nan,
               nan,        nan,        nan,        nan,        nan,
               nan,        nan,        nan]])}
------------
{'S1': array([nan, nan, nan, nan, nan, nan, nan, nan, nan, nan, nan, nan, nan,
       nan, nan, nan, nan, nan, nan, nan, nan, nan, nan]), 'S1_conf': array([nan, nan, nan, nan, nan, nan, nan, nan, nan, nan, nan, nan, nan,
       nan, nan, nan, nan, nan, nan, nan, nan, nan, nan]), 'ST': array([nan, nan, nan, nan, nan, nan, nan, nan, nan, nan, nan, nan, nan,
       nan, nan, nan, nan, nan, nan, nan, nan, nan, nan]), 'ST_conf': array([nan, nan, nan, nan, nan, nan, nan, nan, nan, nan, nan, nan, nan,
       nan, nan, nan, nan, nan, nan, nan, nan, nan, nan]), 'S2': array([[nan, nan, nan, nan, nan, nan, nan, nan, nan, nan, nan, nan, nan,
        nan, nan, nan, nan, nan, nan, nan, nan, nan, nan],
       [nan, nan, nan, nan, nan, nan, nan, nan, nan, nan, nan, nan, nan,
        nan, nan, nan, nan, nan, nan, nan, nan, nan, nan],
       [nan, nan, nan, nan, nan, nan, nan, nan, nan, nan, nan, nan, nan,
        nan, nan, nan, nan, nan, nan, nan, nan, nan, nan],
       [nan, nan, nan, nan, nan, nan, nan, nan, nan, nan, nan, nan, nan,
        nan, nan, nan, nan, nan, nan, nan, nan, nan, nan],
       [nan, nan, nan, nan, nan, nan, nan, nan, nan, nan, nan, nan, nan,
        nan, nan, nan, nan, nan, nan, nan, nan, nan, nan],
       [nan, nan, nan, nan, nan, nan, nan, nan, nan, nan, nan, nan, nan,
        nan, nan, nan, nan, nan, nan, nan, nan, nan, nan],
       [nan, nan, nan, nan, nan, nan, nan, nan, nan, nan, nan, nan, nan,
        nan, nan, nan, nan, nan, nan, nan, nan, nan, nan],
       [nan, nan, nan, nan, nan, nan, nan, nan, nan, nan, nan, nan, nan,
        nan, nan, nan, nan, nan, nan, nan, nan, nan, nan],
       [nan, nan, nan, nan, nan, nan, nan, nan, nan, nan, nan, nan, nan,
        nan, nan, nan, nan, nan, nan, nan, nan, nan, nan],
       [nan, nan, nan, nan, nan, nan, nan, nan, nan, nan, nan, nan, nan,
        nan, nan, nan, nan, nan, nan, nan, nan, nan, nan],
       [nan, nan, nan, nan, nan, nan, nan, nan, nan, nan, nan, nan, nan,
        nan, nan, nan, nan, nan, nan, nan, nan, nan, nan],
       [nan, nan, nan, nan, nan, nan, nan, nan, nan, nan, nan, nan, nan,
        nan, nan, nan, nan, nan, nan, nan, nan, nan, nan],
       [nan, nan, nan, nan, nan, nan, nan, nan, nan, nan, nan, nan, nan,
        nan, nan, nan, nan, nan, nan, nan, nan, nan, nan],
       [nan, nan, nan, nan, nan, nan, nan, nan, nan, nan, nan, nan, nan,
        nan, nan, nan, nan, nan, nan, nan, nan, nan, nan],
       [nan, nan, nan, nan, nan, nan, nan, nan, nan, nan, nan, nan, nan,
        nan, nan, nan, nan, nan, nan, nan, nan, nan, nan],
       [nan, nan, nan, nan, nan, nan, nan, nan, nan, nan, nan, nan, nan,
        nan, nan, nan, nan, nan, nan, nan, nan, nan, nan],
       [nan, nan, nan, nan, nan, nan, nan, nan, nan, nan, nan, nan, nan,
        nan, nan, nan, nan, nan, nan, nan, nan, nan, nan],
       [nan, nan, nan, nan, nan, nan, nan, nan, nan, nan, nan, nan, nan,
        nan, nan, nan, nan, nan, nan, nan, nan, nan, nan],
       [nan, nan, nan, nan, nan, nan, nan, nan, nan, nan, nan, nan, nan,
        nan, nan, nan, nan, nan, nan, nan, nan, nan, nan],
       [nan, nan, nan, nan, nan, nan, nan, nan, nan, nan, nan, nan, nan,
        nan, nan, nan, nan, nan, nan, nan, nan, nan, nan],
       [nan, nan, nan, nan, nan, nan, nan, nan, nan, nan, nan, nan, nan,
        nan, nan, nan, nan, nan, nan, nan, nan, nan, nan],
       [nan, nan, nan, nan, nan, nan, nan, nan, nan, nan, nan, nan, nan,
        nan, nan, nan, nan, nan, nan, nan, nan, nan, nan],
       [nan, nan, nan, nan, nan, nan, nan, nan, nan, nan, nan, nan, nan,
        nan, nan, nan, nan, nan, nan, nan, nan, nan, nan]]), 'S2_conf': array([[nan, nan, nan, nan, nan, nan, nan, nan, nan, nan, nan, nan, nan,
        nan, nan, nan, nan, nan, nan, nan, nan, nan, nan],
       [nan, nan, nan, nan, nan, nan, nan, nan, nan, nan, nan, nan, nan,
        nan, nan, nan, nan, nan, nan, nan, nan, nan, nan],
       [nan, nan, nan, nan, nan, nan, nan, nan, nan, nan, nan, nan, nan,
        nan, nan, nan, nan, nan, nan, nan, nan, nan, nan],
       [nan, nan, nan, nan, nan, nan, nan, nan, nan, nan, nan, nan, nan,
        nan, nan, nan, nan, nan, nan, nan, nan, nan, nan],
       [nan, nan, nan, nan, nan, nan, nan, nan, nan, nan, nan, nan, nan,
        nan, nan, nan, nan, nan, nan, nan, nan, nan, nan],
       [nan, nan, nan, nan, nan, nan, nan, nan, nan, nan, nan, nan, nan,
        nan, nan, nan, nan, nan, nan, nan, nan, nan, nan],
       [nan, nan, nan, nan, nan, nan, nan, nan, nan, nan, nan, nan, nan,
        nan, nan, nan, nan, nan, nan, nan, nan, nan, nan],
       [nan, nan, nan, nan, nan, nan, nan, nan, nan, nan, nan, nan, nan,
        nan, nan, nan, nan, nan, nan, nan, nan, nan, nan],
       [nan, nan, nan, nan, nan, nan, nan, nan, nan, nan, nan, nan, nan,
        nan, nan, nan, nan, nan, nan, nan, nan, nan, nan],
       [nan, nan, nan, nan, nan, nan, nan, nan, nan, nan, nan, nan, nan,
        nan, nan, nan, nan, nan, nan, nan, nan, nan, nan],
       [nan, nan, nan, nan, nan, nan, nan, nan, nan, nan, nan, nan, nan,
        nan, nan, nan, nan, nan, nan, nan, nan, nan, nan],
       [nan, nan, nan, nan, nan, nan, nan, nan, nan, nan, nan, nan, nan,
        nan, nan, nan, nan, nan, nan, nan, nan, nan, nan],
       [nan, nan, nan, nan, nan, nan, nan, nan, nan, nan, nan, nan, nan,
        nan, nan, nan, nan, nan, nan, nan, nan, nan, nan],
       [nan, nan, nan, nan, nan, nan, nan, nan, nan, nan, nan, nan, nan,
        nan, nan, nan, nan, nan, nan, nan, nan, nan, nan],
       [nan, nan, nan, nan, nan, nan, nan, nan, nan, nan, nan, nan, nan,
        nan, nan, nan, nan, nan, nan, nan, nan, nan, nan],
       [nan, nan, nan, nan, nan, nan, nan, nan, nan, nan, nan, nan, nan,
        nan, nan, nan, nan, nan, nan, nan, nan, nan, nan],
       [nan, nan, nan, nan, nan, nan, nan, nan, nan, nan, nan, nan, nan,
        nan, nan, nan, nan, nan, nan, nan, nan, nan, nan],
       [nan, nan, nan, nan, nan, nan, nan, nan, nan, nan, nan, nan, nan,
        nan, nan, nan, nan, nan, nan, nan, nan, nan, nan],
       [nan, nan, nan, nan, nan, nan, nan, nan, nan, nan, nan, nan, nan,
        nan, nan, nan, nan, nan, nan, nan, nan, nan, nan],
       [nan, nan, nan, nan, nan, nan, nan, nan, nan, nan, nan, nan, nan,
        nan, nan, nan, nan, nan, nan, nan, nan, nan, nan],
       [nan, nan, nan, nan, nan, nan, nan, nan, nan, nan, nan, nan, nan,
        nan, nan, nan, nan, nan, nan, nan, nan, nan, nan],
       [nan, nan, nan, nan, nan, nan, nan, nan, nan, nan, nan, nan, nan,
        nan, nan, nan, nan, nan, nan, nan, nan, nan, nan],
       [nan, nan, nan, nan, nan, nan, nan, nan, nan, nan, nan, nan, nan,
        nan, nan, nan, nan, nan, nan, nan, nan, nan, nan]])}
------------
